2.715504269353607114e+01 1.091341023451941972e+01
2.715549164531129733e+01 9.462702684587753765e+00
2.715560978707062034e+01 9.385347268976934387e+00
2.716194832843131479e+01 1.061010828963639696e+01
2.716537387670145165e+01 9.807075488415442521e+00
2.716587906033351985e+01 1.098440252447768373e+01
2.716869272974230398e+01 9.180476502784792103e+00
2.716915355427230239e+01 9.238463826999742778e+00
2.717216789127386534e+01 9.031993272647399706e+00
2.717709949692637394e+01 9.445262266928443395e+00
2.718012332478231130e+01 9.229510832354099747e+00
2.718093850970274872e+01 9.752900849503463476e+00
2.718235192404893752e+01 9.774240132086326582e+00
2.718704191397638326e+01 9.580198699467494805e+00
2.719721958916423077e+01 1.096899523027936674e+01
2.720332959313205734e+01 9.288985974779709665e+00
2.721257099596874696e+01 9.928634008611888717e+00
2.721286260130795398e+01 9.351711714481929505e+00
2.721515691184477959e+01 9.374662497981974596e+00
2.721591784490578547e+01 9.541834311964024096e+00
2.721868048825390929e+01 9.359619754095426458e+00
2.722059301318195779e+01 9.263153122353340763e+00
2.722270349684534807e+01 9.572463893173605243e+00
2.722828489545925379e+01 1.059909126055435991e+01
2.722894036927119643e+01 1.026397074217245731e+01
2.723282341821833086e+01 9.326222169663763495e+00
2.723422961336349246e+01 1.071935258345569686e+01
2.723679023399937549e+01 9.981667331733525828e+00
2.723681945009845151e+01 9.740993333408663801e+00
2.724119448947379851e+01 1.009500011346378301e+01
2.724144076312274265e+01 9.166000674310968321e+00
2.724289479793904789e+01 9.796082821147383157e+00
2.724443769507062285e+01 9.705206834621499468e+00
2.724566106973696478e+01 9.433892123262106466e+00
2.724793387637126685e+01 1.031918369746814967e+01
2.724806577939506980e+01 9.208291889485707316e+00
2.724839654431242053e+01 9.232238381535180949e+00
2.725070784382392830e+01 9.769018129176510357e+00
2.725158036436254605e+01 9.066459191612061375e+00
2.725438358314418608e+01 1.008858491434394544e+01
2.725983600340099855e+01 9.196371309499571822e+00
2.726320911522146417e+01 1.057820841828587177e+01
2.726408757201146216e+01 1.029493690791988136e+01
2.726604915554588970e+01 1.017863901103823920e+01
2.726689273968666782e+01 9.216284699183370677e+00
2.726933524074923199e+01 1.062589102437326538e+01
2.727702018715730148e+01 1.064634361823181763e+01
2.727832546300781047e+01 1.033148147786781479e+01
2.727978388945497912e+01 9.707832912878593845e+00
2.728111585884030177e+01 1.018239135709985987e+01
2.728215678490188978e+01 1.043651030418614489e+01
2.728281444732894556e+01 9.875061520356739564e+00
2.728365711207343125e+01 1.076638658388394276e+01
2.728428492582236231e+01 9.437214059936891886e+00
2.728737856674761986e+01 9.789183878833014774e+00
2.728999571934726376e+01 1.002696563882950009e+01
2.730538464647185393e+01 1.009276308920228793e+01
2.731493871536643070e+01 1.076060771847454411e+01
2.731530698433002868e+01 9.597872553397374773e+00
2.731834078169112701e+01 9.628784168404834531e+00
2.732713262616636740e+01 9.834764188839008270e+00
2.733120586538399976e+01 9.165244908535289170e+00
2.734363568856740656e+01 1.035299582564445942e+01
2.734432890872412969e+01 1.008276835254425663e+01
2.734757885161251423e+01 1.081013151062951394e+01
2.735288990227510553e+01 9.980623501907317063e+00


2.600263563333266958e+01 1.003359616086654427e+01
2.602986989018569020e+01 1.013268543721324022e+01
2.608418974465917017e+01 1.031591113857838238e+01
2.609402426923713492e+01 9.788471469722903606e+00
2.609531827598668485e+01 9.587447783041460170e+00
2.610589332679245800e+01 1.012095266909455837e+01
2.610917782974175338e+01 9.845017222301109427e+00
2.612788136571285946e+01 9.696945299124582363e+00
2.613189010938162937e+01 9.686484791596811306e+00
2.613982610180228860e+01 9.934054368699575477e+00
2.619140076646210247e+01 9.579513471915198863e+00
2.619238075277140254e+01 9.699895757935367513e+00
2.619477485821595764e+01 1.021416122397291737e+01
2.620211001561434472e+01 9.784756165872106948e+00
2.620385567485497447e+01 9.457216155666790414e+00
2.620595717196013652e+01 1.021905759502774558e+01
2.620692303696004899e+01 1.021239992455017820e+01
2.621297809314678773e+01 1.031800086750980050e+01
2.621528195679213624e+01 9.492314249769545853e+00
2.622771323881253736e+01 9.448283956757373758e+00
2.623140327045413400e+01 1.007009966726418249e+01
2.623259310369341790e+01 9.813911623648882809e+00
2.623565942816947327e+01 1.027030996112554817e+01
2.624662325240098326e+01 9.974141849861727138e+00
2.625356334575021577e+01 9.657913087360881832e+00
2.628196929383559421e+01 9.653345345702966540e+00
2.629084346102713710e+01 1.046286893694536957e+01
2.630271598734211480e+01 1.033530731975533357e+01
2.631498116502380569e+01 1.041174910443515955e+01
2.631537617793425810e+01 1.057312213414972746e+01
2.632216840557081028e+01 1.061353618524336895e+01
2.632397117346861037e+01 1.002214863340594420e+01
2.633657610426050510e+01 1.037452628471682026e+01
2.634080232939264832e+01 9.571995667462731561e+00
2.634357645212255150e+01 1.055343169206020626e+01
2.634667011378540025e+01 1.028935053647952280e+01
2.634934831421018231e+01 9.516853829543105547e+00
2.635664239232659511e+01 1.026322531210830391e+01
2.635870949561554610e+01 9.379998247289288216e+00
2.636342627850462961e+01 9.292294675758510536e+00
2.636805744411194397e+01 1.036593401830433514e+01
2.638681788816616347e+01 9.778214032479555229e+00
2.639101144643224472e+01 9.431515779763813612e+00
2.639700443976446564e+01 9.693358439182789610e+00
2.640081310709139473e+01 9.765473227074934925e+00
2.640143969973081184e+01 1.003825317730327704e+01
2.640199149623447283e+01 1.075676890914728290e+01
2.641433361085864107e+01 9.940079008384618220e+00
2.642239219549257001e+01 1.060336903159495670e+01
2.642777862075027784e+01 9.649502131343371758e+00
2.642799248931462230e+01 9.194248010326203868e+00
2.643009277058533613e+01 1.028873924673924023e+01
2.643371797888860897e+01 9.404084991401010285e+00
2.643433614042596602e+01 9.799146970122901479e+00
2.643484270354717225e+01 1.007227882987822198e+01
2.644036456021533255e+01 9.703758935162372978e+00
2.644651681156191358e+01 1.073151639206875529e+01
2.644652161432026460e+01 9.944928857122395272e+00
2.645651542655275534e+01 9.773990420527365330e+00
2.645907702379003723e+01 9.637831892231858433e+00
2.646318101795935362e+01 9.761670181666708856e+00
2.646584370775045514e+01 9.487155423171509838e+00
2.646889483485573180e+01 9.343878111339908088e+00
2.646920173156989620e+01 9.883639721127700284e+00
2.647088534274784521e+01 1.077891591517580849e+01
2.647516139856990236e+01 1.065699529543069524e+01
2.648031141075578887e+01 1.043532752165828548e+01
2.648121624921222761e+01 9.848313090399704706e+00
2.648371547671873216e+01 9.318389280143550835e+00
2.648959998542394700e+01 1.003515988033154471e+01
2.649433025116517015e+01 9.734116485731775015e+00
2.650287661654978777e+01 9.635633880854761912e+00
2.650947990271985333e+01 9.427631290492939797e+00
2.651162155422151656e+01 1.068520664260649866e+01
2.651181185646666805e+01 1.039056612783355504e+01
2.652176698448663572e+01 1.073996822114960636e+01
2.653255750768602894e+01 1.044535861652913411e+01
2.653294494591467512e+01 9.886702967103033757e+00
2.653717777642617293e+01 9.972833715550374123e+00
2.653888989906203477e+01 1.014409440775548354e+01
2.654153373496996338e+01 9.927025837193447444e+00
2.654208190948461166e+01 1.001238208917190242e+01
2.654223346471805201e+01 9.293054393264043256e+00
2.654381781481777836e+01 9.797592209340532321e+00
2.655303882926392589e+01 1.015346969047946679e+01
2.656514645517317064e+01 9.161213632089818759e+00
2.656631310618314856e+01 9.348108868656701986e+00
2.656748831776565467e+01 9.296095666826262871e+00
2.657894538074971535e+01 9.922062039023366253e+00
2.658209960133874006e+01 1.038938424652858750e+01
2.658806825022574216e+01 9.651233199043010913e+00
2.658921019289659782e+01 1.091006266122954216e+01
2.659256225788514882e+01 9.797039329742478486e+00
2.659783136904976431e+01 1.090386463261108574e+01
2.659875949583770094e+01 9.439318688486519449e+00
2.661416537705158092e+01 1.072173869636512045e+01
2.661544300087162185e+01 9.570132161854283837e+00
2.661550240394004518e+01 1.078009737317377770e+01
2.661747150967294218e+01 1.074368809721411466e+01
2.662826299029167387e+01 9.187987731702939698e+00
2.662975507049739932e+01 9.789299104953053998e+00
2.662978476777679049e+01 9.632919271393083349e+00
2.663122656025615242e+01 9.170201933503058456e+00
2.663932396561454041e+01 9.615159284880867574e+00
2.664089460376132834e+01 1.018467964048520891e+01
2.664464761808348925e+01 9.391183195871125378e+00
2.664528717146567161e+01 1.065190159275393711e+01
2.665550747142879473e+01 9.266337653833666366e+00
2.665929219442418940e+01 9.586273718971749958e+00
2.666171372473859336e+01 9.705018018913749600e+00
2.666308132017902111e+01 1.012981272349336948e+01
2.667267709105917817e+01 1.047577451160620932e+01
2.667341513228234362e+01 1.073704390350389737e+01
2.667485394127853482e+01 9.936689545652320987e+00
2.667806991581252163e+01 9.453267216419305896e+00
2.669272891345649867e+01 1.054851696594559129e+01
2.669452404196350059e+01 9.603058857302585238e+00
2.669815167763415786e+01 1.083086085937759790e+01
2.670373022133995988e+01 1.063938850494023924e+01
2.670444385985729596e+01 9.508258093008665313e+00
2.670593297950076561e+01 1.079509784753064849e+01
2.670779958956849853e+01 9.842882495351778616e+00
2.671373733163472508e+01 9.400621327127915094e+00
2.671473058745363360e+01 1.024414154082819906e+01
2.671836255626238454e+01 1.087317907277249773e+01
2.672910004947390661e+01 1.070130089008142171e+01
2.673000234679911813e+01 1.066784818578906524e+01
2.673041877156949653e+01 1.040598356631982746e+01
2.673202706852133659e+01 1.067294605521080975e+01
2.673764819356725653e+01 9.304117900608044778e+00
2.674518118769911013e+01 1.067550068660444573e+01
2.674590363043215646e+01 9.074778601840391090e+00
2.674606370612654160e+01 9.866432715112306795e+00
2.674650885318849802e+01 1.018216032220981937e+01
2.675744914078271819e+01 9.126857269460341371e+00
2.675747775094713532e+01 1.081762601755673892e+01
2.675928292904360006e+01 1.033687834454904042e+01
2.676046802516871637e+01 1.016856029805193984e+01
2.676305308781712711e+01 9.528657663034660885e+00
2.676540966449847758e+01 9.302669099174980971e+00
2.676999066081103962e+01 9.400954529600781484e+00
2.677162972806870656e+01 9.949652614929103578e+00
2.677591185172162724e+01 1.020222250910124195e+01
2.677894376260171327e+01 1.013989776851262370e+01
2.678154789262609370e+01 1.091285676268400984e+01
2.678530136978144327e+01 1.092076569561571553e+01
2.678789533730367367e+01 1.076096983223239434e+01
2.678798360554084113e+01 1.087731232808330262e+01
2.679390180143922606e+01 9.968417215849965984e+00
2.679397661251185880e+01 9.836846385012023575e+00


3.632236577048623616e+01 5.695734423385766299e+00
3.632390650914193486e+01 5.328982098511101384e+00
3.632525706816175415e+01 5.020448995375177859e+00
3.633951912806205087e+01 5.424859884847508695e+00
3.634089714528097659e+01 4.596146996310413790e+00
3.634271087954756752e+01 4.515989949725142338e+00
3.634280465443172403e+01 4.845874840477623735e+00
3.634594733728157934e+01 5.447891276064393828e+00
3.636835867621779528e+01 5.321335478477708492e+00
3.636897042543388636e+01 4.074858177176525764e+00
3.636962711568531148e+01 4.897739114351317369e+00
3.637009844153993043e+01 4.560215754479197692e+00
3.637284475230493541e+01 4.115454960178602128e+00
3.637372972122058457e+01 4.356083810305510617e+00
3.638641627994437755e+01 4.267551651426286341e+00
3.639148746553355096e+01 5.162353402018414528e+00
3.639431436051287250e+01 5.560849880357911168e+00
3.639595407366014257e+01 4.350870446562995930e+00
3.639764750180156483e+01 5.883266461197519170e+00
3.640822347891811717e+01 4.401091078070688667e+00
3.640981961868927641e+01 4.436978420383000277e+00
3.641155846628475956e+01 5.369446251902096456e+00
3.642225551419422658e+01 4.947119398789993738e+00
3.642657857728084281e+01 4.130490153762022665e+00
3.642935365089815036e+01 4.927526654418611152e+00
3.643247838123407689e+01 4.710638670550012286e+00
3.643496149600716905e+01 4.321217306676550685e+00
3.644627186285143239e+01 5.709239004714808274e+00
3.645537308981938907e+01 5.227679121817672581e+00
3.645969033385589597e+01 4.453779135781974929e+00
3.646739901204124834e+01 5.325279253682992042e+00
3.647067455880898024e+01 4.815794693240402324e+00
3.647171820576883050e+01 5.569084904726850915e+00
3.649374368046820649e+01 5.435960076352943204e+00
3.649845123376231015e+01 4.179773354268707664e+00
3.649991565014927630e+01 5.399542745547998734e+00
3.650101811582655387e+01 5.050354000515236308e+00
3.650750585262702685e+01 5.232524686501271560e+00
3.650802279333375822e+01 4.905738783541652381e+00
3.652453171506246576e+01 5.277341857264307379e+00
3.652769753954466836e+01 4.779782391012591169e+00
3.652771231849340694e+01 4.524392951966405896e+00
3.653375243702666353e+01 5.131559045029412403e+00
3.653532836455887889e+01 5.605047937814334524e+00
3.654235745548013625e+01 4.997651946960950831e+00
3.654335453169524328e+01 4.603411570224853477e+00
3.654959020407387271e+01 5.182334138602113782e+00
3.655126273808595982e+01 4.460209595311078523e+00
3.655424447717210512e+01 4.313997995228065818e+00
3.656733451566223891e+01 4.628811469564933390e+00
3.656808548333548003e+01 5.136670932593094818e+00
3.656818456705629927e+01 5.424039882137859259e+00
3.657836769331719040e+01 5.729168106013776907e+00
3.659219663936083577e+01 4.299117570616866502e+00
3.659892504559660864e+01 4.636901740247296289e+00
3.660179130465010644e+01 4.389917154264587396e+00
3.661522726517213755e+01 5.733505766606985077e+00
3.661759158782167134e+01 4.865127071133856340e+00
3.662742183737474022e+01 4.901507000452792084e+00
3.663023623197459244e+01 4.803624531016589039e+00
3.663090181520135502e+01 5.373152215085229777e+00
3.663226853952088646e+01 5.490015175934694902e+00
3.663977570317850052e+01 4.816769972763119689e+00
3.664804187384112311e+01 5.201472591010525726e+00
3.666292323835268263e+01 5.028168469510951866e+00
3.666901779077699786e+01 4.426191711451520128e+00
3.667023697331925547e+01 4.593135927919345995e+00
3.667845508620619910e+01 5.084650592228620702e+00
3.668618306600113499e+01 4.394698953198412639e+00
3.668916738643525122e+01 5.665063482974638021e+00
3.669069633417799281e+01 5.396112541469949342e+00
3.669319790751740129e+01 4.571127802379501226e+00
3.670176763852378343e+01 4.752770852716420080e+00
3.671162564627272928e+01 5.228108471063388940e+00
3.671938065025376829e+01 4.366203076099105296e+00
3.672043207341712900e+01 5.497835226467131520e+00
3.672374176973536208e+01 5.511618258006757642e+00
3.672433316687543936e+01 5.519129374823436684e+00
3.672661745079253848e+01 4.940010452959413101e+00
3.675050744572615002e+01 4.447025186290860965e+00
3.675305879726345637e+01 5.022177922729498256e+00
3.675427011346780404e+01 4.882457937766570666e+00
3.675909189261673760e+01 4.484798769262914320e+00
3.677420118881403965e+01 5.344713650351587297e+00
3.677649455003228951e+01 4.731692267861573598e+00
3.677820978627156023e+01 5.302976261547894588e+00
3.678047468417491928e+01 5.230944700247920132e+00
3.678143658680317429e+01 5.295444935858729885e+00
3.678404239585853475e+01 4.723520289348670076e+00
3.679541690276518295e+01 5.476588272568622351e+00
3.679871862096577217e+01 5.008142023406359833e+00
3.680018032552131046e+01 5.322178267936529039e+00
3.681249076552983723e+01 5.474214615295605491e+00
3.682433772443304321e+01 5.408058403386139190e+00
3.683886241959386609e+01 4.702108047496015963e+00
3.685731793751957497e+01 4.504084794820653492e+00
3.687966428212783399e+01 5.227424232318585773e+00
3.688621061485215336e+01 4.939646611936433729e+00
3.694851168450510670e+01 4.690389163747878953e+00


3.574052321157197554e+01 4.335500468433362009e+00
3.574640372143001343e+01 4.152394929953190150e+00
3.574677749685557870e+01 5.785391293790643097e+00
3.575037957678366496e+01 5.665140610976568070e+00
3.575409892078100427e+01 5.834291275303380431e+00
3.575864119252015172e+01 5.248513165988697438e+00
3.576355867621159490e+01 5.018480817363144553e+00
3.576781203490929073e+01 5.660864573482006001e+00
3.577162753973027520e+01 4.488364100942755286e+00
3.578156960225098260e+01 4.650309895466250509e+00
3.578377533573537050e+01 4.461240826384845093e+00
3.579765518714909689e+01 4.735678366343694989e+00
3.579779134235805316e+01 4.304535774016621907e+00
3.579818090950357856e+01 4.987091675360424858e+00
3.580086235382761828e+01 4.857841932373420768e+00
3.580578225886605281e+01 4.914712328486581683e+00
3.580612226570801937e+01 5.655423136783964466e+00
3.581508967889404715e+01 5.269180125943721649e+00
3.582115308025528577e+01 5.198249574460038325e+00
3.582901196052238646e+01 5.241420232625928932e+00
3.583697754730039975e+01 5.205703831816864025e+00
3.583813093233043645e+01 5.661997633262513929e+00
3.583989801639186368e+01 5.606957265929700007e+00
3.584306268047983224e+01 5.469859348066266946e+00
3.584454036463607451e+01 5.892884490418571097e+00
3.585220140986892545e+01 4.110966280453204114e+00
3.585559376710836688e+01 4.613330539803890851e+00
3.585593328018291714e+01 5.332497097394177210e+00
3.585798846477253221e+01 4.564882294746069213e+00
3.585833503768862585e+01 5.042038076444275596e+00
3.585865354214480050e+01 4.828466395727691207e+00
3.586394667976303907e+01 5.817789435678563770e+00
3.586928307740927124e+01 5.026213367445161673e+00
3.587238496939177423e+01 5.415850709594665524e+00
3.587886055106395133e+01 4.041187036272506639e+00
3.587999838237588790e+01 5.012984424733285316e+00
3.588354306902830615e+01 5.300472576149884318e+00
3.588392479962196546e+01 5.492470938571271333e+00
3.588534380922564537e+01 4.997480663919157351e+00
3.588667275854516703e+01 5.059377390772775485e+00
3.589034720434238324e+01 4.333899692562086514e+00
3.589321902744974579e+01 5.096659281052388302e+00
3.589545069935687849e+01 4.042946342364235335e+00
3.589690155322256260e+01 5.815443200737194118e+00
3.590366506291497473e+01 5.239060093305793586e+00
3.590527636413688839e+01 5.905820301754470592e+00
3.591027314999415410e+01 5.269986954639172438e+00
3.591463283592489120e+01 4.960634064394056963e+00
3.591699370255216195e+01 5.115933883612828303e+00
3.592185293256918044e+01 4.307673946808642462e+00
3.592451931636938411e+01 4.136284175562317422e+00
3.592790786757274191e+01 4.734818606525808882e+00
3.593081430109005225e+01 4.842289929898289103e+00
3.593199536441269970e+01 5.477457925348144130e+00
3.593564203767287779e+01 4.502083944890710399e+00
3.593824509076235074e+01 4.701656547268941999e+00
3.596369978114369559e+01 5.736249553574075399e+00
3.596636139034087165e+01 4.890881981888144381e+00
3.597431857649654319e+01 5.284887558124132134e+00
3.598577899363251476e+01 4.295304953294832195e+00
3.598639837721433565e+01 4.410878311551518216e+00
3.599814935572673136e+01 5.788117105400099938e+00
3.599906945923120816e+01 4.753917387617450530e+00
3.600263378313632501e+01 4.015048860591448943e+00
3.600657126435906008e+01 4.571298276768257729e+00
3.601070977366830306e+01 4.543462027562923389e+00
3.601972026761725232e+01 4.914472165379634383e+00
3.602029437900871045e+01 4.516421437097408287e+00
3.602428148399906860e+01 5.126622916603391644e+00
3.602757647731923640e+01 4.716679970632397634e+00
3.602769670821303549e+01 5.192388092699002478e+00
3.603056874960793721e+01 5.914709807109298723e+00
3.603083513172331465e+01 4.631729638992991838e+00
3.603159048644658924e+01 4.086952975735805182e+00
3.605087631390144054e+01 5.691581485235747806e+00
3.605170620391387359e+01 5.232315423800657506e+00
3.605190755366800914e+01 4.560853447403351524e+00
3.606138714574873205e+01 5.235379313864668482e+00
3.606193484671686633e+01 4.730027311827193159e+00
3.606201745711328499e+01 4.934327606525927834e+00
3.606251552757390755e+01 5.688305794020509509e+00
3.606368749461449852e+01 4.033760195492400058e+00
3.606411922212226528e+01 5.812826475255384651e+00
3.606494355615686231e+01 5.132401764074154826e+00
3.607935111914516568e+01 4.501794221414909813e+00
3.608162831900638423e+01 4.122617886564770906e+00
3.608877940507292692e+01 5.448209313363764572e+00
3.609188880406431821e+01 5.962952161425149278e+00
3.609245990695925599e+01 4.614071051364392773e+00
3.609331808798907559e+01 4.700684340904093261e+00
3.609346109871407293e+01 4.917530182697050556e+00
3.609600807086961538e+01 5.991697079868049336e+00
3.609966321552647628e+01 5.707107961292722464e+00
3.610036580530056227e+01 4.721047154005530544e+00
3.610268969829596841e+01 5.968091347974437078e+00
3.611198390925337520e+01 5.035864905524825907e+00
3.613268294431955496e+01 4.517934042793398497e+00
3.613294888753673462e+01 4.725396805967843505e+00
3.613899676303253727e+01 5.748117880368607047e+00
3.614319580308904989e+01 4.504967450973272669e+00
3.615132563214168471e+01 4.192975697053517692e+00
3.615169372408018234e+01 4.770355306324130851e+00
3.615925970450877713e+01 5.138275759905157614e+00
3.615990899659676927e+01 4.303739973510784189e+00
3.616007811924942672e+01 4.597446863987100230e+00
3.616447085961311814e+01 5.245029994151392039e+00
3.616498521917981890e+01 5.655408905249514007e+00
3.616598521960398216e+01 5.532038395156655852e+00
3.616890035910480350e+01 4.822121715247806861e+00
3.616998274401172608e+01 5.910362216053215434e+00
3.617037535072001475e+01 5.022338096403075269e+00
3.617406823037276808e+01 5.052403109761373301e+00
3.617532551033897192e+01 4.568458790611452436e+00
3.617539831819443918e+01 4.970932338309046017e+00
3.617877748105601654e+01 4.960598732181140669e+00
3.617959030222529293e+01 5.787218267758621693e+00
3.618066109435059730e+01 4.354044418460022214e+00
3.618609841319892695e+01 4.231241801944721104e+00
3.619024438808118305e+01 5.781446864722255441e+00
3.619133736482608299e+01 5.484513012072466331e+00
3.619860519098867968e+01 4.953854404973401238e+00
3.620169473281200112e+01 4.980892799571181584e+00
3.621027174912820357e+01 5.211634442358334951e+00
3.621094419688981958e+01 5.862840510096888558e+00
3.621411384439417702e+01 5.221609942440482932e+00
3.621612455593895419e+01 5.480052448777063212e+00
3.621790246173804917e+01 5.300715099073713965e+00
3.622025207289128446e+01 5.581171096419959454e+00
3.622400388817741401e+01 5.464298162767095235e+00
3.622559075861760647e+01 5.756697893195207527e+00
3.622957221949990725e+01 4.547845070088743391e+00
3.623784598016514025e+01 4.710505716115602759e+00
3.623943667624649834e+01 4.769368012021304004e+00
3.624306303476843283e+01 4.206444998439243577e+00
3.624381606977159009e+01 4.463013032668062152e+00
3.624846248893109646e+01 5.544367618344053561e+00
3.625134667913386721e+01 4.905033425543877890e+00
3.625501613891459840e+01 5.792222326329647508e+00
3.625902784355697150e+01 5.111568919877970352e+00
3.626493977687575665e+01 4.418022668991327784e+00
3.627641942890462445e+01 4.345799470556875654e+00
3.627645787998411464e+01 5.180410792761898975e+00
3.628218260967476994e+01 4.323023286057570580e+00
3.630423146043744964e+01 4.644759393648126178e+00
3.630973606505051521e+01 5.332222174759499111e+00
3.631310917972387386e+01 4.964120193905022127e+00
3.631463318536316365e+01 5.399853806546209611e+00
3.631485319006088019e+01 5.616475959891303660e+00
3.631532749381392478e+01 4.166199645135256091e+00
3.631589059867473424e+01 4.891506541634102589e+00


3.504492650237127549e+01 4.911566011933176767e+00
3.506631111925784694e+01 4.987619845316101141e+00
3.506700500161308298e+01 4.733525970296372343e+00
3.507243893046816652e+01 5.210700930861936087e+00
3.507876189933990219e+01 4.623828058164528798e+00
3.508512026643106196e+01 4.612780282403154963e+00
3.508778351766474657e+01 4.618666991389523524e+00
3.509445351768861343e+01 4.821087392890698986e+00
3.509599200713859091e+01 5.346201277422694353e+00
3.509943491311395292e+01 4.755394053245286301e+00
3.510833663941853189e+01 5.131656403578161552e+00
3.511871643731251424e+01 4.875005329380471153e+00
3.512230262073440912e+01 5.319712098615911877e+00
3.513494063962077973e+01 4.739536926680504969e+00
3.514250438483833250e+01 4.996705872165017936e+00
3.514681071573526339e+01 4.786900761959357986e+00
3.515208872192960854e+01 5.122528987029719261e+00
3.515391218667571138e+01 4.566752971728449850e+00
3.515429389276930294e+01 4.841624826598229347e+00
3.515658576016122794e+01 4.974204999423978535e+00
3.518193445288333976e+01 5.355509206764639707e+00
3.519242507706976397e+01 4.810753207529907982e+00
3.521931976388401608e+01 5.463885515360342282e+00
3.522372588970946339e+01 5.387253704611898009e+00
3.522476719649909427e+01 5.177256267635029552e+00
3.523145599644732329e+01 5.442256655756696482e+00
3.523183769983344149e+01 5.218683631477942342e+00
3.523983929407268079e+01 4.408865301062397712e+00
3.524102572200162342e+01 5.489872967690242689e+00
3.524411143457782458e+01 4.485214912395299791e+00
3.524420116938318159e+01 4.547195220247771452e+00
3.525521867987264812e+01 4.522493049111240282e+00
3.526066534341804726e+01 5.016058934658839341e+00
3.526088177698169801e+01 5.237505649507255612e+00
3.526570162821263210e+01 5.602783093532145209e+00
3.528548067056317450e+01 5.572872453385638636e+00
3.530200665683929628e+01 5.485826853142552473e+00
3.530314781692725035e+01 5.190465058566418932e+00
3.530863649524400927e+01 4.613220617088334308e+00
3.531113432399529728e+01 4.843421120119911549e+00
3.531124684673801539e+01 5.167296145151934361e+00
3.531133784248593344e+01 4.335259406708765972e+00
3.531285062052102575e+01 4.862840653563399229e+00
3.531462746710629119e+01 5.653592336788435979e+00
3.531883692801316954e+01 5.463115364473959623e+00
3.531921685443689540e+01 4.393698710912579131e+00
3.532319478742030583e+01 5.317279781246600834e+00
3.532862252537552195e+01 5.239645558797705327e+00
3.533128786577319858e+01 5.204658239207874182e+00
3.534877370992015955e+01 4.305385606742828664e+00
3.535023643176729991e+01 5.415360174404926674e+00
3.535108483788312128e+01 4.855398586775161895e+00
3.535131012733072708e+01 4.310108932820723382e+00
3.535266650458927984e+01 4.291911678730770063e+00
3.537415921511193773e+01 5.479001292883923568e+00
3.537563325717566443e+01 5.390127481818532296e+00
3.537640136519217293e+01 4.965051501126850120e+00
3.537796220534315950e+01 5.384223513454715615e+00
3.538451266211035318e+01 5.322532757037823359e+00
3.539394683915506334e+01 4.405886519581418526e+00
3.540866018111657354e+01 5.593709229933895521e+00
3.541001115064643301e+01 4.585916491224135250e+00
3.541241558342966300e+01 5.560894894838735780e+00
3.541396039565060505e+01 4.628784308171857376e+00
3.542505641158711427e+01 4.718845790217827130e+00
3.542932755571428771e+01 5.806256660736805131e+00
3.543040009966530590e+01 5.155718313885830462e+00
3.543254350646536466e+01 5.163909511134628261e+00
3.543572456861016207e+01 5.540385746658761157e+00
3.543755055813540622e+01 4.545224786460589250e+00
3.544147249770742292e+01 4.391141277149765543e+00
3.544245098048906328e+01 5.116680759847834103e+00
3.545095789561198529e+01 5.056832469010536180e+00
3.545181042583794095e+01 5.768366823125931298e+00
3.545615115146241436e+01 5.499042120081674589e+00
3.546009689457253700e+01 5.357574616119066491e+00
3.546241506206055760e+01 4.851143765259258167e+00
3.546356048443293218e+01 5.351170402369471724e+00
3.546491497840870721e+01 5.542659474065547265e+00
3.546513153123957096e+01 4.791298991775343907e+00
3.546738816463697930e+01 5.166664797606405735e+00
3.546956274801623721e+01 4.208794496920376993e+00
3.547248825012466256e+01 4.712324827859315945e+00
3.547359769160271981e+01 4.397514246649862457e+00
3.547449071176382773e+01 4.995878770850564976e+00
3.548522311598422618e+01 5.328035317904862289e+00
3.548572059799121803e+01 5.094801401034716015e+00
3.548623505582458648e+01 5.097310517386300255e+00
3.548820342734994426e+01 5.033647038338466828e+00
3.548964086473048951e+01 4.326666914289647003e+00
3.549032695232619972e+01 5.233447658721309459e+00
3.549135401303458082e+01 5.723839485440528563e+00
3.549383230992094695e+01 4.368580172376724136e+00
3.549543346066825222e+01 4.545872003877398981e+00
3.549660337277214950e+01 4.712406598927143087e+00
3.549843054045793878e+01 4.215329107019124777e+00
3.550240286289334080e+01 5.755611796646108225e+00
3.550821532106751022e+01 5.117938415537350849e+00
3.551045736963177291e+01 4.625695556640335937e+00
3.551195956900737372e+01 4.949977161292049566e+00
3.552199389739238455e+01 5.527537464468283979e+00
3.553229128687235772e+01 5.177220097242819286e+00
3.553392631788797473e+01 4.428482086452223854e+00
3.553529700831899873e+01 4.143472957298053316e+00
3.553857082941653545e+01 5.531505028999611717e+00
3.553888356893253331e+01 5.815588295801945584e+00
3.553938857885835034e+01 4.578749274515106826e+00
3.554525910560516166e+01 4.357996392646294126e+00
3.554548692094451923e+01 4.628872956825053286e+00
3.555824662676745618e+01 4.570586567313575266e+00
3.556265926799082422e+01 5.737550466461107668e+00
3.556869111281759643e+01 5.501513269432509290e+00
3.557288837655139702e+01 4.966237742272593181e+00
3.557356214614660672e+01 4.270079598451867575e+00
3.557933771868068362e+01 4.814244765682272664e+00
3.557992086050072800e+01 5.849659836910553246e+00
3.558295481074754463e+01 5.001441959117337355e+00
3.558865052773135318e+01 5.667508589249269590e+00
3.559320653894358344e+01 4.542178548467436627e+00
3.559354812945722557e+01 4.977747191727730502e+00
3.559579165835925352e+01 5.585732078841683546e+00
3.559677630368860690e+01 5.481923189946934727e+00
3.560185760135036759e+01 4.685427338292826427e+00
3.560381818407851284e+01 5.579846923266371661e+00
3.560481934717999053e+01 4.302887765671160381e+00
3.560520597255344910e+01 5.535674624563361235e+00
3.562258497644036481e+01 5.773194629251619858e+00
3.562857513982488911e+01 4.577273884132774029e+00
3.563050842877828472e+01 4.135579503084021447e+00
3.564358394649387662e+01 5.195529775707041331e+00
3.565265829568592437e+01 5.023686006021435446e+00
3.565888404039726112e+01 4.866866730890788695e+00
3.566046639007125663e+01 5.059975034830085150e+00
3.566052169567826269e+01 5.484796382350879185e+00
3.566241409370502424e+01 5.649106647317617913e+00
3.566605178944312371e+01 4.888385440617953215e+00
3.567729078667483122e+01 5.456831865887727062e+00
3.568039695312871373e+01 5.315068184081683356e+00
3.568774579273171099e+01 5.162538718343656186e+00
3.569436721326668760e+01 5.581550156726187595e+00
3.569611304302864596e+01 4.101408386746684620e+00
3.570216985882075988e+01 4.552007014810453889e+00
3.570339965951642114e+01 4.322240036242737560e+00
3.571156453969306455e+01 4.241083026484981033e+00
3.571223798464041010e+01 5.266775815611073774e+00
3.571628954953432356e+01 4.667171930249387479e+00
3.572421326337808978e+01 5.087557102707036982e+00
3.572458575407297587e+01 4.416930790107540084e+00
3.573701096358096407e+01 4.262251651955121012e+00
3.573807381505275060e+01 5.473072331238545196e+00


2.982855558506397031e+01 4.576042479684123698e+00
2.983282135009589453e+01 4.714087696809070138e+00
2.983336657936966319e+01 5.137992969276359290e+00
2.983476700911450052e+01 4.044631657316816842e+00
2.983669121267294599e+01 4.651952767678934286e+00
2.983942477533971527e+01 4.669289651588056422e+00
2.984192751034727564e+01 5.251406383404086498e+00
2.984267388081044459e+01 5.460444154175788434e+00
2.984501855252111113e+01 4.229088994495137754e+00
2.984666182806624235e+01 4.592229728390511134e+00
2.984698173721204029e+01 5.745819546457974880e+00
2.985060864987858054e+01 5.431758080675685996e+00
2.985065982995657663e+01 5.598933469658383899e+00
2.985733740984046136e+01 5.595555431068818919e+00
2.986266722872355217e+01 4.752357513819141843e+00
2.986409948342799581e+01 5.904853197826784417e+00
2.986952096081316199e+01 4.233538730939992334e+00
2.987342510891048875e+01 5.273588433109100748e+00
2.988207788780674079e+01 5.343517734437360112e+00
2.988823018014813826e+01 4.602198731221401218e+00
2.989344296696167902e+01 5.342141207591260432e+00
2.989412052126717256e+01 5.750440546434095523e+00
2.990063027646339933e+01 5.085022769569512491e+00
2.990608978119106354e+01 5.025079126737177049e+00
2.991172015920160732e+01 5.552672388560207395e+00
2.991253890997894871e+01 4.471561657776043752e+00
2.991270005507526264e+01 4.956037863938592913e+00
2.991308350534768934e+01 5.213991639295969982e+00
2.991585678175670182e+01 4.720786226296340260e+00
2.992338679249820288e+01 5.831649495075153844e+00
2.992573577062541546e+01 4.762164759246910073e+00
2.993223276549023382e+01 4.538712961862436224e+00
2.993306290713427131e+01 5.411965309498213195e+00
2.993682822672147026e+01 4.536069081329423547e+00
2.993843326970161201e+01 4.318142876039183342e+00
2.993847858649653304e+01 4.784812227029689780e+00
2.994469569799166919e+01 5.011302968229555788e+00
2.995048016711209371e+01 5.919624055314500310e+00
2.995211125310312283e+01 4.816493622990367207e+00
2.995554749166910469e+01 5.148974569945657720e+00
2.996165741952109940e+01 5.358944029233262185e+00
2.996424075565774103e+01 5.269995789486109139e+00
2.996868138787209901e+01 5.712771828603057322e+00
2.997066362065643119e+01 4.119882098772173151e+00
2.997228762769080390e+01 4.957406652470418784e+00
2.997561000638209450e+01 4.698775556864783098e+00
2.998240515354897084e+01 4.745776530547472838e+00
2.998436016026647621e+01 5.126599047316626745e+00
2.999009430415464195e+01 4.992980513567700562e+00
2.999170740583546291e+01 5.476148920648393315e+00
2.999710430935061112e+01 5.240686892984450118e+00
2.999846240478448678e+01 5.744850002319949134e+00
3.000049813171458979e+01 5.474469286614159103e+00
3.000149436794253788e+01 4.901036994221533938e+00
3.001175093802739369e+01 4.062669125152675420e+00
3.001305939880397133e+01 5.865487101371876122e+00
3.001399173582882796e+01 4.371562087573208188e+00
3.001440357029503758e+01 5.434660109255087690e+00
3.001553885713519776e+01 4.777547459729792223e+00
3.001669904136516109e+01 4.848256617309316674e+00
3.001713672644329023e+01 4.522433284655393848e+00
3.001819753484484110e+01 5.559594568237103296e+00
3.002867895958731381e+01 4.758094364333627091e+00
3.002971097889644270e+01 5.431258164063454963e+00
3.002985611824529499e+01 5.759975631996201884e+00
3.003238134407951065e+01 5.341027296786841738e+00
3.003403308373930969e+01 4.243854580546592814e+00
3.003729521681522741e+01 4.187935379396795277e+00
3.004472651030917874e+01 5.513766942370362578e+00
3.004573264528396592e+01 5.212806709334709687e+00
3.004832090925921406e+01 4.239218972215949677e+00
3.005462555812180980e+01 5.171806758299505091e+00
3.005895261055436407e+01 4.243405926297353581e+00
3.005994168497942454e+01 4.505906415816321342e+00
3.006297782973998878e+01 5.000211595753463634e+00
3.006314293062708032e+01 4.167011017213128277e+00
3.006344430128870826e+01 5.141392186230937966e+00
3.006780225634402726e+01 4.771941195729317187e+00
3.007196631589464175e+01 4.671993592313234522e+00
3.007345035405939271e+01 5.705115948627634381e+00
3.007535864118737834e+01 5.321257135815508299e+00
3.007801953510039894e+01 4.961205807280433255e+00
3.007953065651829050e+01 5.096340561544573156e+00
3.008455824983034432e+01 4.040878569758035610e+00
3.008600405069989492e+01 5.323263826536414278e+00
3.009812944266215595e+01 5.069552327377434331e+00
3.010166265881260017e+01 5.567105232878114762e+00
3.010212546858193861e+01 5.275542038004034318e+00
3.010374753987665031e+01 4.452179969581164798e+00
3.010587908721101869e+01 4.540632340193210048e+00
3.010835229942802727e+01 4.441451221783776049e+00
3.010886803471019491e+01 4.811480599210398168e+00
3.011795793092784024e+01 5.045809147199487477e+00
3.012134946081731002e+01 5.495246973429220638e+00
3.012400380116091725e+01 4.586245852018062230e+00
3.012633329801583315e+01 4.199984346734352059e+00
3.012648879845064442e+01 5.683564603582771824e+00
3.013185077613718832e+01 5.712106123347370890e+00
3.013288474651217186e+01 5.052405948749783882e+00
3.014303277812459925e+01 4.551935353004532558e+00
3.014592830489862507e+01 5.562696661072875415e+00
3.014595618291884094e+01 5.245527451469377489e+00
3.014939405921528248e+01 5.343701494903907445e+00
3.015701454798004022e+01 4.844041492709531660e+00
3.015780573637466588e+01 5.082159656470904174e+00
3.015963411238463721e+01 5.489438574472056409e+00
3.016241551169275326e+01 4.828702214131246784e+00
3.016260668422811975e+01 4.917502939447881971e+00
3.016526648487808870e+01 5.621847909039894731e+00
3.017245938350932732e+01 5.293955557063656947e+00
3.017332774897444381e+01 4.831276343803424744e+00
3.017954749888304988e+01 4.365716091791375320e+00
3.018095000596991895e+01 4.852036921115755241e+00
3.018409311905666215e+01 4.757675706484734590e+00
3.018417930939288141e+01 5.679071907889635895e+00
3.018852414709169807e+01 4.650339861115527995e+00
3.018875303428443146e+01 5.800759241626696650e+00
3.019149572980507301e+01 5.467124232546904494e+00
3.019892559795924925e+01 4.941647429443732698e+00
3.020249660855684581e+01 5.648103998599743214e+00
3.020436306299525953e+01 4.548734973757056821e+00
3.020515484768471381e+01 4.224010378703838775e+00
3.020615536279725788e+01 5.035878030800718719e+00
3.020741958377632841e+01 5.471868433585494351e+00
3.021144063026107673e+01 5.320459818002415631e+00
3.021190438431850822e+01 5.586779713588994944e+00
3.021592947653066119e+01 5.927303035747928384e+00
3.023534477433642564e+01 5.354975971480373964e+00
3.023609775545691392e+01 5.286899758353631462e+00
3.023820255760061926e+01 5.503976833073418007e+00
3.024128449287182718e+01 4.880124802198902323e+00
3.024423868382265823e+01 5.425899643263867311e+00
3.024761516711673082e+01 5.559026710492883439e+00
3.025175204124865758e+01 4.316578970118891689e+00
3.025567474247231203e+01 4.784518458160118115e+00
3.025665417577445737e+01 4.427088457947463418e+00
3.027143669429376516e+01 4.095043358861992999e+00
3.028251069702881182e+01 4.106650203482810291e+00
3.028277087407824197e+01 4.804630071669119928e+00
3.028649383598738964e+01 5.758590972095816163e+00
3.029301218050389721e+01 4.874407399567532551e+00
3.029547061599099322e+01 5.316698514867076675e+00
3.029691150669967925e+01 5.533117668780986875e+00
3.029958941649616833e+01 4.979811381848417540e+00
3.030449821924498011e+01 4.952704333884775600e+00
3.030467869095504341e+01 5.299926490025838710e+00
3.030614870645351999e+01 4.394744325083656200e+00
3.030790252651730654e+01 5.675555778954872288e+00
3.030982020411887135e+01 4.390505062545736692e+00
3.031237288718963896e+01 5.686387005065906664e+00


2.900334362831716106e+01 4.958454757304735061e+00
2.906212570548089502e+01 4.798019376699166116e+00
2.906238015206810132e+01 5.043674358786993217e+00
2.906262860665179559e+01 4.995416986143998095e+00
2.907447733408939783e+01 4.995319934683324803e+00
2.909512315797881143e+01 5.059263239749178354e+00
2.909901502980087784e+01 5.119169160357924575e+00
2.911378209435919473e+01 5.357077639076895714e+00
2.911605497902130324e+01 4.823431368146612996e+00
2.913097023152172582e+01 5.401759190834282798e+00
2.916734795213448805e+01 4.907792151724740037e+00
2.917989090270310726e+01 5.462602530756824670e+00
2.918132024367216815e+01 4.846947122249729567e+00
2.919589837801961707e+01 5.135500920256683699e+00
2.919940282776703100e+01 4.961707446513931252e+00
2.921044554739972909e+01 4.695461304694814153e+00
2.923386832848869687e+01 4.855245095416989898e+00
2.923818881743956055e+01 5.291579327447153425e+00
2.924109889588865130e+01 5.319960261068365170e+00
2.924572193322872948e+01 5.524651847346250477e+00
2.924739782643197117e+01 4.617974503173751799e+00
2.925690330359667257e+01 5.542101395889405424e+00
2.926191824458754098e+01 5.525491287413375474e+00
2.926752836582902262e+01 5.350997519198806174e+00
2.927921644235392762e+01 4.831767600008517682e+00
2.928200171078266578e+01 4.779120062803317026e+00
2.928388908713132466e+01 4.456467964167712736e+00
2.928872153227837316e+01 4.488755640932049040e+00
2.930280193116781717e+01 5.064439388284606380e+00
2.930949579952240924e+01 5.666259655872520895e+00
2.930981356469082044e+01 5.306600326163429138e+00
2.931157443868967860e+01 4.619793201786168702e+00
2.931193403617180238e+01 4.544921106386482279e+00
2.931563091632557416e+01 4.885724202077891931e+00
2.931938939880235040e+01 4.336485627187822267e+00
2.933267527799606711e+01 4.573167087815532383e+00
2.933638639873774778e+01 4.988536928614998978e+00
2.935779562579756075e+01 4.834288734054411840e+00
2.935873782271942645e+01 5.176206734637181839e+00
2.936106309743949438e+01 5.483971838280269573e+00
2.936636906224261168e+01 4.639770166512149352e+00
2.936884609334244445e+01 4.292954342678442892e+00
2.937733672860381162e+01 5.096372581770623356e+00
2.938746991747100168e+01 4.919968414340557317e+00
2.938970592666608184e+01 5.785322011216184279e+00
2.939059360522357167e+01 4.866267323787388577e+00
2.939511554543781457e+01 4.749069019706429806e+00
2.939845987863155230e+01 4.603980054682418555e+00
2.940338982948765079e+01 5.216244760995070173e+00
2.940378516167502099e+01 4.525915022389233044e+00
2.941610972062095897e+01 5.784638785386377435e+00
2.942016969355492861e+01 4.857531809330888350e+00
2.942436396421953759e+01 4.390768755062220308e+00
2.942583101582210503e+01 4.948459668455530647e+00
2.942621306267913894e+01 5.205204651348005918e+00
2.943180349150909692e+01 5.386607528048689808e+00
2.943351817288171901e+01 5.031666233198595073e+00
2.945427714943642172e+01 4.548665776895218116e+00
2.945581316785334991e+01 5.523860966063972811e+00
2.945758549869283272e+01 5.483957560453291968e+00
2.945835986238151705e+01 4.189536550439552087e+00
2.945925052905244712e+01 4.583312306890215737e+00
2.947252482787400041e+01 4.275288494907000469e+00
2.947799111246980885e+01 4.941364992934751399e+00
2.947823000611855448e+01 4.235463952174825408e+00
2.948859186450910030e+01 4.666798614905866671e+00
2.949089854553774970e+01 5.342607510940957205e+00
2.950616553267949982e+01 5.750086505753400523e+00
2.950805503638934368e+01 5.126682563128492021e+00
2.951062958555054294e+01 4.595762655156168996e+00
2.951170669314284112e+01 5.732297378715386138e+00
2.951373432443064715e+01 4.706242712869063816e+00
2.952078726134530129e+01 4.822245010837276524e+00
2.952336772773000106e+01 5.010340086810059823e+00
2.954294560020962024e+01 5.684494946979772756e+00
2.954569484522117762e+01 5.412697058784026183e+00
2.954645312494115927e+01 4.291647848080586414e+00
2.955347396402394011e+01 5.142851794282810474e+00
2.955475611063259933e+01 4.593255914436356946e+00
2.955558345627025574e+01 4.259900639950490842e+00
2.956401344301986711e+01 5.685499634352966680e+00
2.956779681710797192e+01 4.439879821125193970e+00
2.957593955795176299e+01 5.564689082611727677e+00
2.957737113452839495e+01 4.598125857518888360e+00
2.957781694193225874e+01 5.706051002558995222e+00
2.958541076761089883e+01 4.916781884724805707e+00
2.959827360303141575e+01 4.740488512103425478e+00
2.959856340385757534e+01 5.184971197759728589e+00
2.960048936809291575e+01 5.070492712709119942e+00
2.960294047827970232e+01 5.410844593881252607e+00
2.961199193629571980e+01 4.606826266225187538e+00
2.961705076331585218e+01 4.911346406195608694e+00
2.961783399316224674e+01 5.492919905556974847e+00
2.962133252369863357e+01 5.542890081750272202e+00
2.962833498052559733e+01 4.263518644104239641e+00
2.963297039095839125e+01 5.617001665089418339e+00
2.963449675825308205e+01 4.075670455721413177e+00
2.964510110842243762e+01 4.078258603774356672e+00
2.964780140869231673e+01 4.574802474284434872e+00
2.965363189703441194e+01 5.267081390029252574e+00
2.965994315062819453e+01 4.680528012916234104e+00
2.966127126848338591e+01 5.215860975243614917e+00
2.966586870075537874e+01 5.534431578862633039e+00
2.966701692058384410e+01 4.543311791306281933e+00
2.967134021672921662e+01 4.480509911158545577e+00
2.967316967779833803e+01 5.072683901743515023e+00
2.968376308168119238e+01 4.354186815776708741e+00
2.968869626586272759e+01 4.918268041663887757e+00
2.969761202620041374e+01 5.339516425415391510e+00
2.969794540279990258e+01 5.691777914457644805e+00
2.969816142956347704e+01 5.424929976282751198e+00
2.970095122170086910e+01 5.582023850116717867e+00
2.970425678883941600e+01 4.077737311028005074e+00
2.971354790944508295e+01 5.285286520638007524e+00
2.971715079570559936e+01 5.062491025139435052e+00
2.972127971429540594e+01 4.158532106205280243e+00
2.972326567711521861e+01 4.823652934482993260e+00
2.972862945529974255e+01 5.376009048325130379e+00
2.973020717620586240e+01 4.436595808039347943e+00
2.973312365429261916e+01 5.693706975341561005e+00
2.973539284632248325e+01 4.932669217288125019e+00
2.973691205009849625e+01 4.868143704903505231e+00
2.973941265521368393e+01 4.236364555120240460e+00
2.973961827306477801e+01 5.265368075813316118e+00
2.974477817651697364e+01 4.649529115809725610e+00
2.974876833234297635e+01 5.131708347861064112e+00
2.974881420147557520e+01 4.618593279141046892e+00
2.975430512473076661e+01 4.775253104422840345e+00
2.976078392188568600e+01 4.925308375776107361e+00
2.976955596669543525e+01 5.051306291630113243e+00
2.977248239634117866e+01 4.751995379724859525e+00
2.977506520869192386e+01 5.620170141672687691e+00
2.977807706389545217e+01 5.450798204461859697e+00
2.978003787920574297e+01 4.538491525141862049e+00
2.978856909396380459e+01 4.121397986882001874e+00
2.979095842294062990e+01 5.525644999948910119e+00
2.979107500318059465e+01 5.955661034847180346e+00
2.979822166104026238e+01 4.056380208089784389e+00
2.979991405738018884e+01 4.430558160108673427e+00
2.980231333161825447e+01 5.931127979065165867e+00
2.980364660127119691e+01 4.133667567443414015e+00
2.980432338536590464e+01 5.950681504390027854e+00
2.980676186118509108e+01 5.585724435908534069e+00
2.980768093460141799e+01 4.108116938594349676e+00
2.980960151306753758e+01 5.509686030983242055e+00
2.981427550987672959e+01 5.210875064059839801e+00
2.981726658851659195e+01 5.865349450329601311e+00
2.981738271941483731e+01 4.074654819163566088e+00
2.982078284542346225e+01 4.766217598072513439e+00
2.982255773414140165e+01 5.130874706738556057e+00


1.084165143604812265e+01 9.751956111744759070e+00
1.084593324064775643e+01 1.047823792642317464e+01
1.084620685123690187e+01 9.058619899178822266e+00
1.084958755301585498e+01 1.030210671508023523e+01
1.085168056392592106e+01 1.006137994703035510e+01
1.085274019896617403e+01 9.612965343134034057e+00
1.085411687171145978e+01 1.005629367162979726e+01
1.085892987301136259e+01 1.026710492614306958e+01
1.086301775822075655e+01 9.106875017917310799e+00
1.086533374470231905e+01 9.995836033360156136e+00
1.087541824161989901e+01 1.092897084237782934e+01
1.087682792236737583e+01 9.033850379019689569e+00
1.087939898611196732e+01 1.065255071578781454e+01
1.088163050176644120e+01 1.005774991466285861e+01
1.088880700474765639e+01 1.006845043232195103e+01
1.089195967624751837e+01 9.333530919992126584e+00
1.089456648343854717e+01 9.396463191518551028e+00
1.089655105837222848e+01 1.018944814062800575e+01
1.090388910300472247e+01 1.098071211049877860e+01
1.090983366813323308e+01 9.457911205433852331e+00
1.091121482320516023e+01 1.075611955278564302e+01
1.091200439524592625e+01 9.562283667637853313e+00
1.092381395578692960e+01 1.062340775782789493e+01
1.092489233913230606e+01 9.909633678047947924e+00
1.092722824282410876e+01 1.058773072172253826e+01
1.092806079296571298e+01 1.013880812013133337e+01
1.093012092491771448e+01 9.188933344595797692e+00
1.093467222765415592e+01 1.092781316821055881e+01
1.093586596916801135e+01 9.341034371556434124e+00
1.093628642277826657e+01 1.004891072080671854e+01
1.093947474715904633e+01 1.040756008105286590e+01
1.094335070713869484e+01 1.012646066512470711e+01
1.094766115623990288e+01 1.054328435671045128e+01
1.094914712556852976e+01 1.033045420405391113e+01
1.095176951252297748e+01 1.062789520776765073e+01
1.096485654584664182e+01 9.113846072566996526e+00
1.097881003882901574e+01 1.025052616836079800e+01
1.097950288382432227e+01 9.707141074064981723e+00
1.098265744836469260e+01 1.091046815689661464e+01
1.098405465850203022e+01 9.557836953816542191e+00
1.098585025994395181e+01 9.180637725525748749e+00
1.098588307427825050e+01 9.480547073671701241e+00
1.098888666299929540e+01 9.229505995346338310e+00
1.099422338441595315e+01 9.268655949321738419e+00
1.099436248220172807e+01 9.450110000125269138e+00
1.099694726040995540e+01 9.977496177251994780e+00
1.099898386972065012e+01 1.057304484353872098e+01
1.100890762308721804e+01 9.310397431561902692e+00
1.101143827426959554e+01 1.014155866386446192e+01
1.101686796677625146e+01 9.273040570136206640e+00
1.101830817564364651e+01 9.343016268304118910e+00
1.101856169826645804e+01 9.396711262357387184e+00
1.102049310285988959e+01 1.008645249847431558e+01
1.102546654655381175e+01 1.016895742827630578e+01
1.102585455482141619e+01 9.765243238719845564e+00
1.102612062133929882e+01 9.939561622674673913e+00
1.102831018459671242e+01 1.086538716130165838e+01
1.103727918994576207e+01 9.442179689826344813e+00
1.104170932605633837e+01 1.013249209656291505e+01
1.104290998699066861e+01 1.025755834594447258e+01
1.104727828980009541e+01 9.488001563658841064e+00
1.104836780887757541e+01 1.019747387493339374e+01
1.105656367338960955e+01 9.504795689847357565e+00
1.106038336372300357e+01 9.627655769779865480e+00
1.106534108866304322e+01 9.151457357853347574e+00
1.106723316915831035e+01 9.415961141893527397e+00
1.107021101791009876e+01 9.734970024235460428e+00
1.107843715339977564e+01 9.436621028495116192e+00
1.108255177524277535e+01 1.096507737591056220e+01
1.108739242276353743e+01 1.011546318019837010e+01
1.108777683900084732e+01 9.879161578384007214e+00
