2.880027478016821263e+01 1.550097408518167263e+01
2.880028335377698312e+01 1.678213821498193425e+01
2.880076813838290661e+01 1.522503996219356814e+01
2.880339086342974397e+01 1.614442810507888382e+01
2.881269724550343270e+01 1.625634911941800098e+01
2.881387062241752162e+01 1.577210077676189748e+01
2.881765710496314625e+01 1.669879992001862590e+01
2.881945956524562646e+01 1.586560422868446274e+01
2.881969603058542262e+01 1.681071549815465005e+01
2.882040874137236131e+01 1.661016712069434931e+01


2.641357527318850629e+01 1.653685223755959299e+01
2.641604485323910012e+01 1.654874352961957840e+01
2.641771774028962838e+01 1.682626071708931192e+01
2.643128856946476901e+01 1.660389346254579124e+01
2.643282970826241751e+01 1.692541871465438774e+01
2.643752047995024768e+01 1.769581613565889455e+01
2.644215745611317914e+01 1.720431158415289730e+01
2.644715294143059126e+01 1.675472646724601944e+01
2.645962867264331564e+01 1.664072570831816833e+01
2.646496367765702828e+01 1.735052383310873125e+01
2.647245982571270773e+01 1.612454770447201469e+01
2.647518750017947653e+01 1.676197924981669019e+01
2.648176071240577656e+01 1.660075651635822425e+01
2.648246742078616123e+01 1.628943951960354397e+01
2.648834452228175351e+01 1.705669053934478541e+01
2.649231177797333814e+01 1.683493021519353761e+01
2.649239759844356001e+01 1.695067290452652742e+01
2.649342142821402035e+01 1.656399810820595775e+01
2.649704728768440987e+01 1.683670229603544399e+01
2.649805955915268996e+01 1.680007923428100014e+01
2.649993469248569866e+01 1.714494345633456263e+01
2.651543524399411567e+01 1.732438928832189973e+01
2.652102089571566523e+01 1.657413671081970463e+01
2.652416272494835781e+01 1.779723578519725180e+01
2.652718208761739760e+01 1.692045292941681467e+01
2.653614261989969592e+01 1.751154987810640051e+01
2.654303285536118295e+01 1.717554393019833725e+01
2.654495737785466503e+01 1.768661092218136233e+01
2.654580986939149767e+01 1.616385254040263675e+01
2.655345750653643577e+01 1.680011781205557497e+01
2.655924720863177768e+01 1.657495589403104930e+01
2.656180805749048091e+01 1.657670515226721974e+01
2.656632858536328357e+01 1.683010184933415943e+01
2.656917319532379906e+01 1.638519518166463840e+01
2.657138933728838026e+01 1.746180512484673031e+01
2.657297676089227423e+01 1.724960053378326563e+01
2.658859520174960878e+01 1.708007468945919882e+01
2.659229912873751545e+01 1.692036740095943514e+01
2.659531977004859016e+01 1.654930207594838265e+01
2.660505907220034061e+01 1.729851633980345582e+01
2.661086870958962436e+01 1.646009250111490729e+01
2.662248507783017715e+01 1.727387008962376314e+01
2.662665447033140254e+01 1.656384343324572228e+01
2.664439165434873402e+01 1.662052094721664020e+01
2.665342447316247387e+01 1.758286210138191663e+01
2.665815592544255708e+01 1.637276531910167066e+01
2.666124865562117208e+01 1.697671649427119789e+01
2.666276825711153364e+01 1.694804301183611628e+01
2.667062054688187800e+01 1.724370783957752451e+01
2.668384525930560258e+01 1.638407301915195191e+01
2.668698106353302180e+01 1.643671204175998213e+01
2.669017632355270919e+01 1.671315884839552979e+01
2.669575698746178105e+01 1.637603295996496300e+01
2.669686193270646157e+01 1.705052991598737933e+01
2.670651456415507141e+01 1.719142532980350069e+01
2.670789871105967705e+01 1.756401628562219841e+01
2.670902744315271704e+01 1.748547845157214198e+01
2.671269426022031368e+01 1.757726446380865681e+01
2.671445725175746588e+01 1.676914487536297216e+01
2.671669394433314437e+01 1.646433838688851026e+01
2.672340061746355033e+01 1.695290803733239926e+01
2.672632217358184192e+01 1.693117845379835984e+01
2.672654911255353838e+01 1.638608086877476921e+01
2.674145774248774643e+01 1.763975758332670196e+01
2.675060569265646393e+01 1.665353531524425179e+01
2.675337595039450989e+01 1.716668696128459004e+01
2.675450568990833489e+01 1.761662468999685416e+01
2.676278831775701761e+01 1.750546039402462739e+01
2.677545898386583190e+01 1.714418308193476648e+01
2.677607907818513766e+01 1.719413754448475729e+01
2.677987096394288713e+01 1.639709177631828396e+01
2.679474432547547025e+01 1.739698796332452346e+01
2.679562878207124399e+01 1.731254020437465257e+01
2.679642428181591640e+01 1.702592687917657699e+01
2.681770912250560812e+01 1.737633770836782432e+01
2.685833381219837790e+01 1.711908435915044180e+01
2.686528318242843838e+01 1.660158037447878243e+01
2.686574577702413791e+01 1.698835903528043545e+01
2.686898721792306333e+01 1.701103694702114666e+01
2.687341081575627655e+01 1.722116878883126745e+01
2.690096848077604008e+01 1.664074255284991111e+01
2.690464714105438304e+01 1.728266513462875409e+01
2.690952609972765330e+01 1.707670737636106395e+01
2.692920322679277234e+01 1.681811224788910408e+01
2.695129446808628870e+01 1.696042087539580479e+01
2.695621021770715586e+01 1.714735860668012180e+01
2.697754283313875590e+01 1.699175125114776819e+01


2.572319824617490980e+01 1.782238860663067825e+01
2.572515539216559333e+01 1.610091793306818531e+01
2.572796841959108249e+01 1.743110082723289977e+01
2.572948468837654090e+01 1.639606632008517551e+01
2.573053849691038764e+01 1.671651022073924864e+01
2.573134615044291706e+01 1.796022305153435994e+01
2.573511954657001866e+01 1.756901220689298881e+01
2.573888098266809976e+01 1.645371777308229966e+01
2.573990428367400085e+01 1.672423830929964339e+01
2.575016528430929696e+01 1.763243280688597636e+01
2.575132543822472542e+01 1.708404467362397128e+01
2.575492933353856273e+01 1.738148194423008874e+01
2.575593039390728833e+01 1.777089433056881873e+01
2.576465081127875223e+01 1.719244054406350486e+01
2.576755762543792017e+01 1.643876568540951411e+01
2.577054965766282635e+01 1.704268199636183567e+01
2.577199176452244700e+01 1.622605587937805893e+01
2.577914755647826794e+01 1.647667854270810750e+01
2.577966303096485134e+01 1.675410749588053250e+01
2.578162846409094300e+01 1.752453864051194188e+01
2.578417737714184810e+01 1.680266748877325256e+01
2.579414823729271333e+01 1.704630964886447586e+01
2.579816049078095830e+01 1.747034521358569492e+01
2.580093419656111209e+01 1.687958929025459653e+01
2.580369858503275893e+01 1.720162941123888700e+01
2.580462833259248967e+01 1.698784077316133789e+01
2.580848189068987963e+01 1.712864772141558944e+01
2.582415743577397294e+01 1.622925061757644372e+01
2.582593526078257185e+01 1.647874732871234826e+01
2.583871907893231779e+01 1.630152484052337414e+01
2.584460026843107627e+01 1.784077991301622390e+01
2.584653947375159433e+01 1.684556316994347824e+01
2.586161606862043172e+01 1.793291357010406273e+01
2.587634799114807294e+01 1.695756592700764287e+01
2.587954303565779313e+01 1.616053020305294652e+01
2.587991565811407213e+01 1.661519042532122725e+01
2.588119984559495279e+01 1.750820021820581474e+01
2.588165585763490384e+01 1.730726890246068450e+01
2.589676873166301618e+01 1.635626089817764850e+01
2.589705909703366515e+01 1.616913717782884419e+01
2.589844248577606933e+01 1.651079663183215729e+01
2.590509413979747677e+01 1.760536368473442437e+01
2.591753420583113154e+01 1.660149860698603064e+01
2.591795173020032550e+01 1.663287140698252031e+01
2.592281147753044834e+01 1.729843025123104994e+01
2.592419938797589651e+01 1.691612148117816972e+01
2.592452639179359153e+01 1.604621364860524579e+01
2.592863457348008538e+01 1.621003118267024234e+01
2.593007530118827830e+01 1.742283507408132337e+01
2.593185716466826207e+01 1.701605598684206555e+01
2.593352914518064978e+01 1.624931999621723833e+01
2.594128733922668673e+01 1.749595945751163484e+01
2.594493664848340586e+01 1.774635860641070195e+01
2.594533429100793143e+01 1.724692908182434437e+01
2.595421522328632591e+01 1.763308450494207236e+01
2.595881674219853252e+01 1.711865217108769599e+01
2.596682902346285005e+01 1.766914817366061996e+01
2.597454786043716624e+01 1.645109808101185678e+01
2.597552127917894182e+01 1.657606804643971188e+01
2.597770047125126780e+01 1.735051530946367038e+01
2.598326538134025654e+01 1.749153793435540294e+01
2.599062865531128708e+01 1.649397123342377469e+01
2.599100684818079188e+01 1.661956234618282124e+01
2.600673203117415255e+01 1.766370667338638967e+01
2.600975516495260464e+01 1.707817134625196687e+01
2.601376502001634705e+01 1.712954736616153895e+01
2.601502668144123476e+01 1.668675952574135124e+01
2.601602353057135275e+01 1.793568397464229847e+01
2.601930696758026684e+01 1.639739621041637818e+01
2.603505017997289528e+01 1.631801345952795401e+01
2.604372063505822510e+01 1.615267825678883540e+01
2.604388818155716478e+01 1.639009973403067022e+01
2.604940641451059591e+01 1.716557381854459052e+01
2.605541967771058864e+01 1.615701299442669381e+01
2.605912853118795525e+01 1.642428902090652798e+01
2.606099691422706854e+01 1.657698998456494266e+01
2.606130380366207433e+01 1.666607089596855573e+01
2.606452620230549400e+01 1.608588998857133134e+01
2.606640122388632719e+01 1.767800768007966639e+01
2.606684880088186063e+01 1.611446306513336069e+01
2.607276455964694861e+01 1.768929033628462832e+01
2.607794631941543528e+01 1.662055034682255084e+01
2.608042099783778056e+01 1.675221797156998349e+01
2.608978812530496683e+01 1.668125173949657380e+01
2.609054608088621663e+01 1.733004535066388385e+01
2.609717404264623397e+01 1.715429054830043398e+01
2.609820829713894597e+01 1.616461939288295824e+01
2.609826203196178440e+01 1.743505773844595907e+01
2.609867442289678507e+01 1.726897818790808614e+01
2.610808157102174576e+01 1.758499305481560526e+01
2.613052068783534310e+01 1.695626949786931092e+01
2.614134390274649178e+01 1.672186324634968813e+01
2.614884540023161463e+01 1.789544664756310510e+01
2.614916918774899557e+01 1.667380762384301462e+01
2.615158526167756747e+01 1.748456439905432092e+01
2.615522645505423682e+01 1.764756777245018071e+01
2.615784531297233428e+01 1.690180912203868857e+01
2.616100319125558826e+01 1.618083568987524501e+01
2.616519488454965625e+01 1.670806826626349206e+01
2.618279931301884744e+01 1.704672389901369201e+01
2.619253520926385548e+01 1.688509104168040054e+01
2.620892490538397368e+01 1.729521756019568812e+01
2.621398326420432312e+01 1.696888239235986262e+01
2.621496851975815900e+01 1.786859106628235594e+01
2.622092293277797737e+01 1.742596461545271680e+01
2.622184106448148100e+01 1.632469010873760595e+01
2.622619855587885240e+01 1.755979588674125225e+01
2.622706362175862793e+01 1.631370213144366588e+01
2.624006348545491463e+01 1.727006218730761589e+01
2.626098317861308473e+01 1.761764813799215190e+01
2.626230467046761774e+01 1.663744928851986060e+01
2.626755849193459369e+01 1.760247114111084343e+01
2.626810892165675426e+01 1.771377339925917838e+01
2.626843079966123895e+01 1.643232027272474838e+01
2.626873793915947886e+01 1.620501235165302845e+01
2.627272511694472357e+01 1.751398180606173938e+01
2.627532083055706025e+01 1.784259850791055868e+01
2.627623201163719102e+01 1.655566141315775042e+01
2.627707626852631506e+01 1.624857436560731472e+01
2.628181407445421414e+01 1.720563347742448812e+01
2.628267656294484667e+01 1.716422055843242589e+01
2.628293062953351011e+01 1.615227219816732074e+01
2.628369270535744917e+01 1.646698011522711269e+01
2.628709183086162682e+01 1.671057542134488116e+01
2.629505461867611160e+01 1.691881649849556979e+01
2.629514054113588983e+01 1.728381157707751825e+01
2.629955193994489093e+01 1.782349672358994042e+01
2.630027057320980433e+01 1.634014946540495217e+01
2.630406064212215611e+01 1.659537419398501257e+01
2.630660377940854033e+01 1.773262556695200232e+01
2.631068373738349564e+01 1.700238694120938376e+01
2.632182396782927469e+01 1.736317755016457198e+01
2.632341990734367698e+01 1.723158789908957900e+01
2.632567382175750481e+01 1.757645733879539307e+01
2.633839230069477821e+01 1.745927990046282119e+01
2.635525863902330812e+01 1.788444799077848302e+01
2.635853376165765383e+01 1.716208404346758698e+01
2.635896250527797235e+01 1.697288043645877664e+01
2.635903592176858368e+01 1.773308911643764674e+01
2.636177227222781738e+01 1.787815317736571075e+01
2.636493238940694894e+01 1.705782815032450017e+01
2.637039448877288805e+01 1.645041314058588000e+01
2.637681506171543333e+01 1.738954939534044541e+01
2.638129722986815295e+01 1.761416502618478575e+01
2.638597347686473071e+01 1.650418694168267919e+01
2.639219257138888608e+01 1.763607757529612030e+01
2.639607151781954997e+01 1.758716674000105940e+01
2.639738073552792130e+01 1.692079191568550200e+01
2.640036057568520889e+01 1.758499176822247634e+01
2.640970639016357424e+01 1.757178456779455189e+01


1.181907994650551785e+01 1.747030775077369924e+01
1.182057942314927423e+01 1.772517233914999935e+01
1.182688103163367721e+01 1.682237582123293507e+01
1.183092514259211114e+01 1.701634911510175030e+01
1.183186202046596769e+01 1.722557153535773367e+01
1.183244987349478627e+01 1.641448548939170138e+01
1.183412179266670883e+01 1.732272500361206369e+01
1.184793507757300191e+01 1.721665790108273697e+01
1.184997884980304939e+01 1.687828138377179954e+01
1.185033347495335576e+01 1.613258442859832797e+01
1.185538709332229246e+01 1.694068200989895701e+01
1.185819260781485163e+01 1.735455184932034456e+01
1.186291616400787241e+01 1.611314159050420614e+01
1.186615594058108059e+01 1.632389586334181075e+01
1.186893468247811967e+01 1.683527587149766802e+01
1.187386606052719529e+01 1.606529401090354270e+01
1.187542098321585016e+01 1.654692581564354015e+01
1.188221161057145636e+01 1.629001191965350515e+01
1.188280631370269269e+01 1.690280591356900786e+01
1.189042961543420773e+01 1.627961417494847751e+01
1.189106471005274379e+01 1.690410255817202057e+01
1.189717975345984158e+01 1.664168212187302132e+01
1.189971100866062592e+01 1.740850741304261007e+01
1.190133395358191493e+01 1.781745613186282995e+01
1.190955639818840694e+01 1.737054417251504290e+01
1.191139437842109317e+01 1.600720217282148283e+01
1.191294437583272980e+01 1.692875589325103292e+01
1.192698443586317225e+01 1.752411021988610429e+01
1.193114206289606827e+01 1.737083986746943509e+01
1.193121690520926848e+01 1.653036804573653384e+01
1.193228621299003223e+01 1.677517930583404748e+01
1.193547656537824508e+01 1.794980926016578948e+01
1.193867119332450422e+01 1.682171592038733721e+01
1.193979449547740757e+01 1.725980710707226251e+01
1.194153041708215390e+01 1.746008438056236045e+01
1.194353472121245296e+01 1.698047283111560901e+01
1.194710271238598764e+01 1.762661411701945369e+01
1.194940670024123541e+01 1.689912626528620265e+01
1.195548928711626679e+01 1.601997167710076297e+01
1.196108618079216335e+01 1.769173453769743887e+01
1.196237351533775595e+01 1.698869943451676789e+01
1.196516739302466625e+01 1.622493948993750124e+01
1.196650975116327054e+01 1.741674641664457823e+01
1.196721929772689030e+01 1.784153328990148779e+01
1.197268460131472700e+01 1.753972080831423952e+01
1.197340580318962822e+01 1.741964871686412764e+01
1.197676142843273617e+01 1.787623799085722709e+01
1.197931654115115663e+01 1.651214866765749534e+01
1.197933855495248778e+01 1.685511385065138157e+01
1.198013257458503134e+01 1.643209522933842237e+01
1.198591182051969994e+01 1.739224108699148985e+01
1.199320764610969192e+01 1.635183192626601922e+01
1.200382537085029888e+01 1.616298005639697521e+01
1.201185814735248414e+01 1.656280351561915509e+01
1.201857571890187515e+01 1.778229021079376082e+01
1.201903591423117668e+01 1.600323844039319354e+01
1.202309484050131161e+01 1.729362280525062090e+01
1.203241693441471760e+01 1.778241784784132662e+01
1.204432169947860132e+01 1.771285074400821813e+01
1.204451795045683937e+01 1.790380561353508782e+01
1.204549365072799461e+01 1.674000744125024553e+01
1.204574534148697040e+01 1.651139932779035391e+01
1.205166382419785975e+01 1.762339631944282203e+01
1.205350453422466472e+01 1.601112786348980421e+01
1.206312055760814239e+01 1.780317976799002366e+01
1.206572661928669277e+01 1.770162641376192880e+01
1.206872782748621198e+01 1.633517842481163029e+01
1.207266951600183624e+01 1.777090283561667761e+01
1.207414360290824540e+01 1.648882157811800653e+01
1.207472962612825107e+01 1.648570893838714468e+01
1.208450577956883443e+01 1.610919990744844199e+01
1.208853616790943697e+01 1.708421678627751916e+01
1.208990953367816168e+01 1.623948046660678202e+01
1.209062562881867819e+01 1.737289367814945251e+01
1.209665567880942838e+01 1.793281170294007154e+01
1.209719321329018449e+01 1.679463011489397672e+01
1.209730337709217629e+01 1.645214529683739713e+01
1.210671213292165582e+01 1.633783982363118170e+01
1.211820688280252156e+01 1.711831312493787038e+01
1.212331663772618384e+01 1.629721424429915544e+01
1.212792722226383368e+01 1.776527793265146826e+01
1.212828680071399212e+01 1.753282236272620409e+01
1.213312563191839644e+01 1.736708282307885653e+01
1.213501816334958150e+01 1.684268372647202128e+01
1.214103270843209614e+01 1.614979252339920279e+01
1.214773331528171063e+01 1.667590974965276374e+01
1.214893851017993853e+01 1.744026064760040384e+01
1.215434408306943226e+01 1.710073902828195713e+01
1.215469919919541475e+01 1.704830097309795534e+01
1.215731362429568030e+01 1.646745527528404196e+01
1.215734972635852884e+01 1.646824686368766422e+01
1.215997188588758959e+01 1.749118953904510576e+01
1.217460706484966337e+01 1.606225988147141948e+01
1.218634462187210232e+01 1.716569937434415394e+01
1.219332551972727963e+01 1.741781584504152747e+01
1.219374841117894626e+01 1.683102462806786193e+01
1.219635068638414310e+01 1.733258687089603711e+01
1.220065262940368989e+01 1.654787702663273308e+01
1.220609995637017597e+01 1.729937242870343184e+01
1.220765427771186573e+01 1.747518490032539518e+01
1.220953120808902526e+01 1.767977381232724809e+01
1.221009712674131187e+01 1.739276312956481974e+01
1.221270835603164606e+01 1.783830810566675140e+01
1.221288669109494940e+01 1.736262043966496904e+01
1.221519148315453940e+01 1.691989590751931161e+01
1.222404987456975611e+01 1.690739517234865730e+01
1.222509479626731910e+01 1.790542172593936954e+01
1.222647549420093860e+01 1.713938626928997522e+01
1.223205471574714309e+01 1.694445489509351788e+01
1.223889760500800072e+01 1.709201479494351616e+01
1.223905359127292769e+01 1.705764489669100570e+01
1.224010813991560909e+01 1.700406232818412278e+01
1.224492549901650484e+01 1.619081763759004033e+01
1.224604182020150134e+01 1.753033559161093180e+01
1.224668207053565894e+01 1.673996391530393169e+01
1.224875505503234940e+01 1.752903981079852613e+01
1.225575767066915311e+01 1.743998736954776874e+01
1.225901925750002519e+01 1.712683078346026733e+01
1.225912753286904433e+01 1.736920812949381698e+01
1.226767797067442523e+01 1.627941055897269251e+01
1.227635675277713112e+01 1.765590567824161283e+01
1.227700168229160482e+01 1.759978642036898222e+01
1.228107769973539476e+01 1.780014294525831531e+01
1.228392409167338073e+01 1.752497397199739382e+01
1.228575606300763035e+01 1.620158652545141464e+01
1.228779759072132016e+01 1.680223155272376800e+01
1.231094244390425452e+01 1.621824831503674602e+01
1.231894592004059241e+01 1.651708992043258561e+01
1.232016279506061984e+01 1.771916884067229603e+01
1.232240371239107901e+01 1.717603926648159884e+01
1.232365777504366022e+01 1.697040771210047794e+01
1.232400765104467411e+01 1.656071346109146702e+01
1.232409559240122654e+01 1.719826339241689439e+01
1.232411204924682124e+01 1.692709544757110862e+01
1.232579639209900968e+01 1.791922866234326506e+01
1.232842638347122133e+01 1.725448726956201284e+01
1.233680136584417575e+01 1.622113317755683326e+01
1.233970671964248567e+01 1.661322738502052587e+01
1.234429721233283672e+01 1.701170972568531425e+01
1.234489238999652194e+01 1.669607471060910697e+01
1.234954968613402571e+01 1.793506243258936195e+01
1.234975924406510295e+01 1.766828836285243298e+01
1.235033579629416600e+01 1.620330175859768218e+01
1.235494767432092011e+01 1.687402770218170645e+01
1.236536442349658671e+01 1.744472234878307049e+01
1.236559221169481937e+01 1.629942072640165307e+01
1.237718597793529796e+01 1.637046089478499411e+01
1.237760777265202350e+01 1.778352479051070034e+01
1.237861227054179025e+01 1.692690358634700587e+01
1.238153970480322741e+01 1.646701056824611697e+01


1.102886568155626357e+01 1.684570992920587074e+01
1.103295212495283728e+01 1.721435397394985500e+01
1.105426388504559654e+01 1.727731351217544642e+01
1.106127382871487264e+01 1.724968942833838170e+01
1.108967469841407905e+01 1.664922143856714598e+01
1.114200765911970414e+01 1.700707108221581976e+01
1.115887884019543819e+01 1.730987029066332994e+01
1.116454106122576739e+01 1.691648307398872930e+01
1.116748426912388759e+01 1.649940198796787882e+01
1.116967450488011160e+01 1.711924832714943534e+01
1.117660711307880383e+01 1.645196976482500517e+01
1.118106199817336766e+01 1.717614578797216751e+01
1.118345632104800558e+01 1.665396485849681696e+01
1.118504553026558312e+01 1.683354737226666487e+01
1.119651654409247143e+01 1.677349675017200781e+01
1.120742548969797880e+01 1.686813873147823273e+01
1.122522056203671958e+01 1.669995467584442750e+01
1.123756756913377686e+01 1.751360084609497392e+01
1.126447879300811472e+01 1.740808874492513070e+01
1.126909780487943813e+01 1.762232952628252036e+01
1.127358670940322227e+01 1.640139805375347848e+01
1.129546402619553014e+01 1.658594428914148722e+01
1.130755169766359103e+01 1.711484025278200249e+01
1.131081229126531440e+01 1.736006575923152084e+01
1.131373994741335309e+01 1.672928770096335072e+01
1.131734148098787074e+01 1.750671764952096154e+01
1.131895938165358295e+01 1.700717419961372912e+01
1.131902311947812301e+01 1.699709252438711005e+01
1.132182370361348767e+01 1.739915762629945917e+01
1.132403722314591299e+01 1.694345478910578962e+01
1.133248408189620449e+01 1.749191118726335148e+01
1.133367635365369175e+01 1.658837114362673049e+01
1.135465915296982331e+01 1.756675707305483414e+01
1.135574460060901814e+01 1.769144302916422262e+01
1.135725710714284098e+01 1.695460738309777682e+01
1.136510050327883192e+01 1.756375096714411654e+01
1.136694694147826468e+01 1.739686387731562078e+01
1.137103981693450550e+01 1.774088419811461748e+01
1.137689035075858435e+01 1.633699374097960799e+01
1.137886419856543618e+01 1.741109069614009996e+01
1.138276197436903381e+01 1.757785153887568441e+01
1.139048809857325928e+01 1.712969265390746543e+01
1.139913949643073110e+01 1.718230382899786335e+01
1.140620038090209931e+01 1.695621816251022196e+01
1.141462206127090795e+01 1.747061561370523819e+01
1.141883513620926038e+01 1.689237596758613691e+01
1.142866652989847509e+01 1.732313178152009669e+01
1.143893517705981289e+01 1.628511358303695644e+01
1.144125080121634319e+01 1.685404016081862366e+01
1.144471477459411801e+01 1.731059713407534417e+01
1.144997113059625171e+01 1.665260862901655159e+01
1.145195657049336013e+01 1.626074679794961142e+01
1.146125770948418676e+01 1.672143603284476399e+01
1.146860862954551052e+01 1.775767560127341937e+01
1.147838367189623554e+01 1.731004207719729848e+01
1.148283829920769783e+01 1.720499338342769491e+01
1.148822255192818709e+01 1.662264556392378623e+01
1.149017537991972127e+01 1.644237536363185015e+01
1.149070216718364179e+01 1.697826516354302484e+01
1.149287748688938571e+01 1.717088404772649568e+01
1.149314280105175001e+01 1.669256180773690090e+01
1.149851577871452868e+01 1.652520893650265776e+01
1.149957571393956179e+01 1.701647361588160123e+01
1.150612003939290595e+01 1.766455954203935974e+01
1.151368174613945428e+01 1.626054552962347088e+01
1.151755181597980382e+01 1.644207515402956332e+01
1.152451751332068142e+01 1.743549952432522687e+01
1.152788118871342427e+01 1.626041424392001744e+01
1.153251285957690797e+01 1.681534979267274821e+01
1.153258812666886790e+01 1.698125789872587532e+01
1.153382860962043921e+01 1.623434753696923138e+01
1.153461759011408994e+01 1.637799887338365323e+01
1.154568559511454318e+01 1.658283343014891997e+01
1.154895336872918143e+01 1.647442755185582897e+01
1.155807712245465169e+01 1.782352639946915218e+01
1.156783161484626632e+01 1.697240508150133920e+01
1.156805877304288188e+01 1.703641868538444371e+01
1.156863528784240636e+01 1.691807478663620046e+01
1.157633288105172831e+01 1.739003959695858015e+01
1.157640319660288952e+01 1.636202781364794490e+01
1.157867125450364121e+01 1.652682370479621810e+01
1.158008008850362813e+01 1.707590478666271494e+01
1.158056018634519724e+01 1.789515201122181054e+01
1.158109518857204812e+01 1.664986444499478679e+01
1.159320449914537043e+01 1.694655572313442349e+01
1.160461129896809140e+01 1.749840986919710062e+01
1.161008162371514452e+01 1.729356344412565250e+01
1.161119904763764765e+01 1.781247088366205489e+01
1.161338254627578692e+01 1.631425996907760734e+01
1.162611587241534750e+01 1.660336367643544975e+01
1.163077513916821637e+01 1.722004756992411600e+01
1.163435329108883387e+01 1.741855880295885228e+01
1.163739291297186007e+01 1.632283308089218110e+01
1.163848211864240234e+01 1.619169437326262795e+01
1.164034349979311855e+01 1.721362588791255277e+01
1.164165205682481208e+01 1.700310813218187533e+01
1.165257565929923089e+01 1.719689296664878242e+01
1.165646108117474711e+01 1.652775200990711824e+01
1.165856114799312238e+01 1.722800124632619756e+01
1.166588958570621948e+01 1.793853261649976716e+01
1.166607499343473187e+01 1.620248411931606114e+01
1.166652586666166869e+01 1.722906186274109430e+01
1.166652712990026153e+01 1.708463218234591352e+01
1.166725471749116494e+01 1.677247003169809503e+01
1.167136332272141352e+01 1.650085043270275875e+01
1.167183152235976351e+01 1.700561197035346694e+01
1.167193938121683949e+01 1.640564635789123216e+01
1.167538205601491441e+01 1.702125035644033346e+01
1.168171150400277014e+01 1.713182550927292169e+01
1.168854475738794463e+01 1.782522501488846345e+01
1.168951198895944543e+01 1.729579485675284545e+01
1.168951521607345256e+01 1.774839574586097157e+01
1.169965141658061647e+01 1.731168137458996981e+01
1.170041264851505680e+01 1.711780590158736359e+01
1.170149541964818596e+01 1.704536051169646171e+01
1.170701410882609750e+01 1.722287990084351961e+01
1.170760524216064447e+01 1.667259135513689472e+01
1.170848329989100201e+01 1.784259804517530057e+01
1.170964231699871760e+01 1.751205070650267004e+01
1.170967393953964120e+01 1.615321805436255787e+01
1.170989014931096506e+01 1.759633187630483775e+01
1.171240704997031656e+01 1.781818698648351429e+01
1.171995702098056924e+01 1.788715999875516260e+01
1.173660647424445536e+01 1.679725839878782878e+01
1.174132174713054333e+01 1.741344491851716469e+01
1.174246242692271380e+01 1.726390951597344525e+01
1.175462964839726965e+01 1.752800145604113879e+01
1.175503252148602051e+01 1.681536055568403398e+01
1.175850229832078853e+01 1.628215269145243482e+01
1.176381981134252186e+01 1.779804773330130985e+01
1.176578787110609703e+01 1.688441811571340168e+01
1.177024923069680895e+01 1.743943186201760653e+01
1.177064820560192970e+01 1.705224276098655523e+01
1.177368121586202676e+01 1.623724106849208937e+01
1.177542658162377975e+01 1.779244720014158787e+01
1.178480596163369221e+01 1.744200315375550403e+01
1.178582414042360149e+01 1.658030951590917468e+01
1.178644642769559603e+01 1.794444233816275158e+01
1.178735684225634017e+01 1.651476318833000434e+01
1.178748224515157261e+01 1.653242637723298714e+01
1.179358118795771304e+01 1.661068148738556971e+01
1.179697586935804132e+01 1.668545138340594391e+01
1.179702057446118957e+01 1.649340903437185446e+01
1.180289677208078558e+01 1.618262508255052623e+01
1.180359156704307999e+01 1.636913095354811176e+01
1.180567538682120876e+01 1.647373750296106820e+01
1.180679516919725103e+01 1.654624143603502517e+01
1.181572814165214957e+01 1.659805150657627237e+01
1.181719282441012098e+01 1.711001967666701162e+01
1.181765216626119219e+01 1.727234604592315748e+01


5.468935244807433094e+00 1.720994436885503376e+01
5.471065867683858386e+00 1.758887717066004441e+01
5.472173197977173942e+00 1.699894680178374529e+01
5.476822931988787779e+00 1.671160423911305060e+01
5.477728053906523620e+00 1.711813941434179398e+01
5.493132561849312978e+00 1.683108437531575774e+01
5.494129159450530153e+00 1.706869740129939927e+01
5.509408921828200079e+00 1.637211389775304227e+01
5.514335550834955413e+00 1.672071568812327058e+01
5.516432717235209893e+00 1.694069699755570824e+01
5.516636866425790764e+00 1.635279216204802211e+01
5.530227328181229751e+00 1.649035248974671575e+01
5.536621127202386639e+00 1.703058128763366952e+01
5.537201285521730298e+00 1.766226973237477438e+01
5.541323237821965009e+00 1.699218557944400132e+01
5.542877189782501546e+00 1.773731654257699475e+01
5.546354959591928591e+00 1.769213462013715343e+01
5.556021745704752490e+00 1.742778769113175841e+01
5.584745855689657645e+00 1.766873847870943948e+01
5.585124548496074759e+00 1.657693112928408752e+01
5.594336717946528204e+00 1.629252008430901455e+01
5.599592852028140832e+00 1.694786458404678697e+01
5.605155083963441420e+00 1.736725734250987685e+01
5.605739302608543362e+00 1.731037122135513329e+01
5.612287329101122602e+00 1.665417176561937751e+01
5.621545234063265895e+00 1.764319374071385127e+01
5.626135513476069328e+00 1.740763532171326844e+01
5.629366107996570001e+00 1.712790346059981772e+01
5.631587657660849011e+00 1.744536649190845878e+01
5.632315763293955335e+00 1.733458247317582490e+01
5.633343620244219530e+00 1.737817163002255327e+01
5.644297633474097076e+00 1.737158917830685567e+01
5.651118375326916521e+00 1.730778119463218800e+01
5.651516226652534058e+00 1.656260469533075153e+01
5.655416188671907207e+00 1.712371035964342880e+01
5.660162811402039473e+00 1.672997099365872842e+01
5.663321590333470823e+00 1.639519042458299936e+01
5.664030574560744213e+00 1.697767427348291847e+01
5.664844986617413980e+00 1.659538504297265149e+01
5.672935308798114917e+00 1.721910327507360705e+01
5.692586703794895620e+00 1.650411938746087515e+01
5.694250110837468348e+00 1.766499123000400218e+01
5.710920180598232143e+00 1.719135104226733191e+01
5.714486681293938553e+00 1.744917721159390922e+01
5.722645783820994758e+00 1.761331637731461441e+01
5.726844868016478962e+00 1.727731866093905921e+01
5.729826567688151684e+00 1.719124887536935375e+01
5.732338860166604988e+00 1.638508251749528455e+01
5.737729058342797117e+00 1.732998745308731259e+01
5.762796791616869641e+00 1.670457217299417962e+01
5.796569717161577096e+00 1.645926735929411677e+01
5.807051575607335536e+00 1.718056864453526700e+01
5.811991646616323948e+00 1.734329898150322080e+01
5.812233967496311493e+00 1.711518844088469393e+01
5.818673108475961975e+00 1.731726469533374058e+01
5.819612784824740537e+00 1.740654873529329905e+01
5.828872588247989484e+00 1.751649054463354105e+01
5.833342267504455059e+00 1.646446503780838100e+01
5.846917482337683047e+00 1.708750782417693515e+01
5.850401859599706711e+00 1.684653355765079041e+01
5.876378371119806765e+00 1.729704935587216141e+01
5.878328918659726732e+00 1.681126845148403248e+01
5.890675637100835971e+00 1.722096802683121908e+01
5.902577245514362581e+00 1.733225510782597212e+01
5.932004335909147663e+00 1.731411234413914357e+01
5.951443582487941697e+00 1.688315017570391419e+01
5.959086157578466825e+00 1.717992792862034079e+01
5.979978823625234696e+00 1.693968347756983306e+01
5.987417416156449512e+00 1.714118553665872469e+01


4.858577456566832709e+00 1.754419706097386467e+01
4.859704519334574258e+00 1.748851681654872081e+01
4.869370638683424346e+00 1.742840180033522657e+01
4.870212304708728013e+00 1.726914763245138218e+01
4.874491861873524456e+00 1.708268307789498408e+01
4.879687582476045726e+00 1.760233999577505770e+01
4.880970245030679777e+00 1.697797631493781978e+01
4.888200895064983342e+00 1.660904982687844011e+01
4.891922847002130759e+00 1.647008040436523402e+01
4.893034388326462647e+00 1.689866327343539254e+01
4.896207491721567884e+00 1.706456771642477221e+01
4.898674708466465688e+00 1.601056101829560774e+01
4.906468468524596283e+00 1.793582805705744931e+01
4.910273485648485092e+00 1.705617369709209186e+01
4.911391118836320402e+00 1.740248423283276225e+01
4.915617582053141810e+00 1.699695731066000448e+01
4.919454316890925938e+00 1.738666375559910904e+01
4.927492043068446570e+00 1.690650270127996890e+01
4.928985172186570729e+00 1.709905851306776015e+01
4.931235989915603746e+00 1.773979009079411284e+01
4.932377839593492297e+00 1.669715517396059923e+01
4.932512227725389664e+00 1.709788527844203898e+01
4.933805271387692315e+00 1.686954678108275019e+01
4.936356809471218909e+00 1.710405648521911104e+01
4.940915764954831424e+00 1.660608076524427901e+01
4.948392440883294441e+00 1.717141732434015466e+01
4.948578987205281443e+00 1.602414771358394319e+01
4.950651538315384848e+00 1.647925161488792867e+01
4.952439791290614401e+00 1.679250871406623347e+01
4.953848045165362812e+00 1.761416937287613749e+01
4.953960856837515081e+00 1.708077873493349230e+01
4.958564478171952672e+00 1.744033177743096630e+01
4.964858006222187647e+00 1.791040976955033415e+01
4.967436985071362443e+00 1.629168845706562152e+01
4.969810349953651674e+00 1.607372775666447140e+01
4.972368727215392248e+00 1.789283113136841408e+01
4.976373569200961633e+00 1.654454800948886728e+01
4.977142274727503590e+00 1.682336574332273926e+01
4.983107576596231603e+00 1.770362507793708318e+01
4.985201223637284684e+00 1.634771575985554648e+01
4.987434681244733881e+00 1.730136379165575278e+01
4.988372083346300556e+00 1.657622292973936595e+01
4.988530550051200940e+00 1.791215001547505281e+01
4.991236039279843162e+00 1.709324984065176878e+01
4.994397354038613734e+00 1.698426425918274063e+01
5.002683270544920902e+00 1.727495159174749872e+01
5.003164052799029093e+00 1.630749997201664669e+01
5.005168912137825998e+00 1.689872737745580267e+01
5.005432896952182631e+00 1.757566404755931799e+01
5.007783172038022812e+00 1.677866810718126800e+01
5.038429026077579920e+00 1.648516197552944007e+01
5.038923082012396470e+00 1.705687676447633194e+01
5.043060324564089036e+00 1.664984962839833571e+01
5.051885830410958178e+00 1.664683438094165879e+01
5.053648216564998741e+00 1.675141043122130569e+01
5.060499185339909722e+00 1.741716004691366138e+01
5.060504504880189103e+00 1.611859559220681604e+01
5.061581597609345451e+00 1.686386132511640312e+01
5.064657788592232812e+00 1.756809834820554528e+01
5.068864881566536695e+00 1.697567742014175352e+01
5.072552823830052127e+00 1.787779095538672536e+01
5.072745828856311867e+00 1.752959428035311618e+01
5.081036057515465387e+00 1.773460026706321813e+01
5.085231771814229695e+00 1.686959692227058127e+01
5.086461729182515157e+00 1.715918789040667392e+01
5.090827556793218633e+00 1.691769899136968647e+01
5.099421251556999657e+00 1.707102116900328426e+01
5.100304856543539600e+00 1.625928265502887626e+01
5.104569393560574042e+00 1.641148389238019689e+01
5.105957966579650176e+00 1.603626738079194425e+01
5.125894092523450851e+00 1.734667018882456802e+01
5.128408220542408635e+00 1.740843573282533541e+01
5.129135086840300062e+00 1.674878956137727570e+01
5.129405990593042475e+00 1.799006965229871824e+01
5.131973213532390332e+00 1.781299511039977546e+01
5.133411014416535245e+00 1.766568430540162637e+01
5.134605316836127642e+00 1.728136367931503159e+01
5.140747053145505063e+00 1.605450910571524403e+01
5.151756662885329519e+00 1.696255468900856300e+01
5.160004143201807558e+00 1.734716196274332489e+01
5.161004439927408427e+00 1.662761244396526905e+01
5.162441308839992082e+00 1.704008539764543428e+01
5.163555741192197956e+00 1.720653881646006056e+01
5.170108845328035052e+00 1.622390750945067950e+01
5.172950887684063304e+00 1.706078577302856658e+01
5.185672709429921312e+00 1.708174347129151371e+01
5.186844275368970969e+00 1.701942979218457452e+01
5.188561234092367691e+00 1.710220826455659093e+01
5.189757599530222087e+00 1.603547418006033709e+01
5.201208721801201307e+00 1.703280760830031682e+01
5.207625505154464207e+00 1.686740987703606720e+01
5.208915909865854843e+00 1.716166681548812178e+01
5.211360501581262739e+00 1.740650871755195084e+01
5.219159242684886735e+00 1.683249439147318682e+01
5.224020886138405650e+00 1.675490312158533612e+01
5.227871920585821286e+00 1.769471147465659300e+01
5.234603834850569015e+00 1.728788923643543995e+01
5.238074660458482690e+00 1.687472848143140425e+01
5.244171539379690827e+00 1.730945909681193129e+01
5.244539800506230698e+00 1.702075323042521049e+01
5.245137108007691396e+00 1.665818798361040365e+01
5.246632161160461827e+00 1.712364305472649662e+01
5.250919854605704096e+00 1.690384127488136201e+01
5.251211456789551590e+00 1.720569086451403962e+01
5.252614020067503553e+00 1.768219876483193786e+01
5.253230802839182978e+00 1.712275562125833162e+01
5.253580472067461038e+00 1.629141821910135235e+01
5.254622459586940408e+00 1.747306218907824515e+01
5.256509600862032450e+00 1.679734386019612558e+01
5.258823264657962682e+00 1.772614854096698878e+01
5.268238097561924071e+00 1.775246697463687084e+01
5.270313211020739352e+00 1.767809493040977387e+01
5.270423038853798481e+00 1.778769196096305549e+01
5.272557111199025037e+00 1.666064286429939401e+01
5.283886198657827826e+00 1.684622920386880196e+01
5.285905162921868516e+00 1.724397707784551770e+01
5.301252891151313484e+00 1.619564076565540134e+01
5.301260377071251639e+00 1.760247728007598411e+01
5.304893160455568690e+00 1.645778921417770135e+01
5.315332755344019056e+00 1.719291004259591205e+01
5.316426656313414156e+00 1.710277895459919861e+01
5.322117531003823565e+00 1.762495619496796451e+01
5.323279746791838463e+00 1.630083834599690817e+01
5.343063875169197452e+00 1.704880438945454557e+01
5.347714156873612623e+00 1.713803582671504344e+01
5.348258487389783156e+00 1.642686125870535818e+01
5.354113854505334835e+00 1.767534419286578284e+01
5.355653849801965904e+00 1.730638970381983555e+01
5.356919955774903208e+00 1.742758442124667440e+01
5.370340162399962480e+00 1.721850396856337895e+01
5.373580448946643884e+00 1.695169231794383080e+01
5.374071339190996000e+00 1.689854037043449964e+01
5.382280616573286380e+00 1.707654436765425743e+01
5.383405041509486288e+00 1.640065917332751866e+01
5.388778390645803107e+00 1.759192620367333859e+01
5.389016070698026795e+00 1.791886109479323252e+01
5.390105188799948266e+00 1.669342987567202385e+01
5.391708934801849651e+00 1.790431726503204857e+01
5.396672276306507143e+00 1.750922041290368369e+01
5.397468139745408067e+00 1.639878784616235663e+01
5.405485596819351812e+00 1.750857664991029949e+01
5.409335307209491184e+00 1.736060272271589611e+01
5.416254750119249728e+00 1.764225222997191622e+01
5.439011121533190440e+00 1.749199098937046060e+01
5.454252537107141308e+00 1.731696249683221822e+01
5.458077529453435162e+00 1.621451483838625407e+01
5.463019514117085862e+00 1.708063677635902167e+01
5.465468861978015624e+00 1.685073064133740317e+01
5.466344974667673107e+00 1.667742902474647337e+01
5.468558111203283723e+00 1.612107348354248870e+01


1.777017827653733306e+01 1.390758545113186351e+01
1.777252648337414698e+01 1.467705136456300963e+01
1.777540539692904176e+01 1.345286742731544827e+01
1.777579627198290524e+01 1.356853447444708571e+01
1.778574663781218845e+01 1.378188933507340508e+01
1.778863274024389085e+01 1.362053784510820797e+01
1.779161428216783847e+01 1.428212291195501926e+01
1.779215668797003147e+01 1.379064187725489532e+01
1.779459902349769607e+01 1.390702579179076537e+01
1.780705383339356018e+01 1.345677309424632639e+01
1.781328298504297791e+01 1.420045946818449956e+01
1.781685377526635961e+01 1.399187346320685954e+01
1.782570829478000718e+01 1.385532794888061581e+01
1.783024317705300632e+01 1.403713313583713607e+01
1.783225335986374915e+01 1.332083754495042882e+01
1.783744032763242515e+01 1.475122941019336231e+01
1.784449976168202667e+01 1.310970268099995728e+01
1.784479732946318009e+01 1.327256795712138882e+01
1.784509059764442895e+01 1.488431170287483241e+01
1.784737319407463829e+01 1.335242338031167364e+01
1.784971840531467535e+01 1.394990288362590647e+01
1.785041122218718002e+01 1.480261103672164857e+01
1.785271689626631897e+01 1.498553371324786454e+01
1.785539020860928972e+01 1.426624423074164483e+01
1.785657118680643407e+01 1.318380938061229735e+01
1.786497840786570990e+01 1.418833432964973440e+01
1.786913538154732350e+01 1.441788966512283920e+01
1.787427770824365680e+01 1.430883348668799115e+01
1.787572192666032933e+01 1.395697814235395384e+01
1.787735814981109428e+01 1.411175796769111912e+01
1.787966479395494446e+01 1.314711867368605702e+01
1.788714299530285246e+01 1.336790293781707639e+01
1.788794532319738906e+01 1.464772358328594670e+01
1.791050278421876385e+01 1.434576694479276426e+01
1.791786485745122448e+01 1.404794596222897773e+01
1.792833999787499621e+01 1.417410035363257315e+01
1.793172116624487700e+01 1.324073958050445654e+01
1.794727806098515188e+01 1.323533701256850748e+01
1.794814789423545420e+01 1.307578121479097888e+01
1.796015240122519074e+01 1.427863896035144364e+01
1.796070608868544127e+01 1.431389992753312512e+01
1.796244529649989730e+01 1.396066021800431223e+01
1.796255169800172879e+01 1.457774047759128067e+01
1.796260460646018586e+01 1.353289230084387107e+01
1.797140368221923978e+01 1.467859285395696034e+01
1.797533131991922772e+01 1.400188981377469766e+01
1.797611008463806215e+01 1.361127173161386850e+01
1.797782878456143152e+01 1.426337370008797123e+01
1.797837353223441426e+01 1.380484090135412245e+01
1.797986502865327907e+01 1.466070273797833856e+01
1.798295675918238246e+01 1.327219402941645754e+01
1.798409979969120087e+01 1.468181407609280775e+01
1.798594538495034456e+01 1.411448975374897863e+01
1.798598883172454066e+01 1.355599904869973393e+01
1.798747596350571243e+01 1.381599272666585776e+01
1.799396278096143931e+01 1.347348174353856187e+01
1.800508015508134463e+01 1.464297525259377508e+01
1.801156533635344914e+01 1.445094164912195644e+01
1.801171699507910873e+01 1.400396386664671056e+01
1.801703071447141369e+01 1.396181408834829618e+01
1.801818647285039532e+01 1.476886015289795218e+01
1.802043075096804614e+01 1.308092137194464044e+01
1.802607912085501241e+01 1.489703659440439409e+01
1.802770244856471749e+01 1.375507531141385620e+01
1.803479252188748561e+01 1.435771196997195531e+01
1.803937604631991931e+01 1.487884637956914879e+01
1.804000308366369509e+01 1.347594223632852284e+01
1.804276396321549925e+01 1.489269869659748302e+01
1.804530650181520812e+01 1.364574423589410479e+01
1.804538206806004297e+01 1.328423804776611838e+01
1.805545010803101036e+01 1.303639021937783227e+01
1.805866353662820956e+01 1.483703565578107053e+01
1.805992592158630572e+01 1.311694864570050889e+01
1.805997788547193750e+01 1.483428999688075223e+01
1.806069101622704665e+01 1.409699487424587616e+01
1.806093941301453754e+01 1.498695246232811762e+01
1.806253292930284715e+01 1.428646098660165720e+01
1.806324671550722272e+01 1.433452730803730724e+01
1.806731181815261067e+01 1.487760094719479298e+01
1.807054401440910851e+01 1.452991198614162904e+01
1.807481968829813468e+01 1.459703548905799586e+01
1.807741826042376232e+01 1.308736681265588686e+01
1.808087015416843713e+01 1.393895208518303086e+01
1.808462001664223351e+01 1.457671419305933469e+01
1.808496173357014314e+01 1.342551960421339352e+01
1.808852654955695627e+01 1.486142619750023819e+01
1.808962812795805419e+01 1.415450415621354097e+01
1.810527157787059238e+01 1.413883370705867115e+01
1.811314937859014407e+01 1.460947333291930050e+01
1.813252890527817129e+01 1.384829759700386020e+01
1.813640288035112391e+01 1.373181329262303940e+01
1.813765937066209233e+01 1.432070129313634510e+01
1.814312458337512268e+01 1.338935789103423879e+01
1.814460324946548297e+01 1.322098802511956528e+01
1.814571547542715280e+01 1.493921693919732974e+01
1.814643452318501105e+01 1.487424814102716653e+01
1.815274560211583221e+01 1.334571774005135580e+01
1.815367357292087647e+01 1.409383518733307739e+01
1.815389585633411684e+01 1.373906176769222931e+01
1.815668310200248570e+01 1.303333702036806230e+01
1.816349571189065415e+01 1.317775965616865896e+01
1.816352924243104994e+01 1.302771073224380771e+01
1.816628563109227201e+01 1.435497400478355523e+01
1.816641352684673549e+01 1.315591921166517686e+01
1.816692819522419455e+01 1.472074921333446618e+01
1.816742526955264125e+01 1.326905696372920573e+01
1.817279109888292510e+01 1.431451318420573138e+01
1.817507470658497581e+01 1.476850362858193400e+01
1.818271864797573656e+01 1.459255441339109716e+01
1.818714529036279615e+01 1.426976116988972088e+01
1.819537425012011056e+01 1.352908446728051040e+01
1.819823078706532371e+01 1.400085675430985788e+01
1.819892192675917286e+01 1.356293990126167159e+01
1.819900075241185178e+01 1.378768483563809255e+01
1.819929318549582931e+01 1.367763153846933299e+01
1.820268571208461239e+01 1.345555702705308043e+01
1.820282761596128651e+01 1.428930964286345962e+01
1.820677735292109745e+01 1.440041468063527219e+01
1.820705961503108128e+01 1.474442662034333473e+01
1.820813715331120264e+01 1.466061536433369739e+01
1.821154090062730901e+01 1.306303498035463662e+01
1.821225693835948078e+01 1.338680723813047102e+01
1.822243055981161319e+01 1.425770087638803219e+01
1.823101976206933372e+01 1.447145881767559672e+01
1.823606711586155171e+01 1.419154973243267648e+01
1.823712420902852926e+01 1.375217262421350917e+01
1.823737359400820424e+01 1.349303510622611668e+01
1.823749674303798685e+01 1.331279507532013184e+01
1.824959457830314946e+01 1.326804610879871937e+01
1.825280383697117514e+01 1.432917946586822566e+01
1.825408665730334334e+01 1.431003080131110750e+01
1.825512265191913031e+01 1.491392869211276384e+01
1.825623782962508201e+01 1.423348973883368629e+01
1.825665777468745432e+01 1.342186829944660431e+01
1.826386760872475179e+01 1.416457957951266167e+01
1.826866186885478882e+01 1.419712093649299511e+01
1.827378898517779504e+01 1.332968066902002313e+01
1.827810689604071470e+01 1.368399919882216231e+01
1.827934418729738653e+01 1.477452499341759840e+01
1.828078767973380181e+01 1.411396415779883995e+01
1.828373280912142462e+01 1.465728081104075819e+01
1.828503007782146739e+01 1.433252601720538877e+01
1.828981883194114388e+01 1.352907447065480362e+01
1.829838761774837863e+01 1.381870988016600066e+01
1.830237931603775436e+01 1.377402012577954515e+01
1.830352440059820651e+01 1.410646854090197877e+01
1.830931783472348329e+01 1.457448824402630372e+01
1.831342860033495512e+01 1.345688798949143106e+01
1.831725782678809367e+01 1.418115217328732491e+01
1.832810738894320934e+01 1.415409074349224028e+01


1.446060513377576129e+01 1.457167329483134210e+01
1.446308533031299071e+01 1.476389404271224848e+01
1.446768841585803678e+01 1.359277480919375769e+01
1.447279559942381155e+01 1.410072664913716523e+01
1.448423924263699014e+01 1.367516005644322696e+01
1.448634910643382412e+01 1.414450501166354535e+01
1.448800609012898200e+01 1.437060297847085266e+01
1.448974470303393325e+01 1.366072246650652744e+01
1.449748412666774477e+01 1.397723977020410047e+01
1.449750373613367493e+01 1.385711687064295106e+01
1.449838509706775724e+01 1.433875342400774500e+01
1.450052430625309441e+01 1.363718411751147030e+01
1.450164417944487738e+01 1.334684971356232630e+01
1.450964734106906029e+01 1.350459609392596505e+01
1.452215258219030858e+01 1.365422944986877951e+01
1.452816031987033618e+01 1.469709591653675673e+01
1.453070951199535443e+01 1.380796063026174991e+01
1.453590658055016149e+01 1.334823128363936462e+01
1.455112367416493946e+01 1.415841112661788692e+01
1.455484820021098535e+01 1.383750950052492357e+01
1.457389381389586269e+01 1.462004915869713351e+01
1.457751536632474654e+01 1.320905294505979377e+01
1.458450222271119934e+01 1.354893297127978791e+01
1.459785006033206045e+01 1.461401581399541350e+01
1.460541980670438278e+01 1.418110467663476548e+01
1.460656111898112997e+01 1.378425086714101333e+01
1.461420756229521523e+01 1.359150863958219801e+01
1.461442387610541971e+01 1.348842538495505394e+01
1.461715372083893172e+01 1.377110026909693019e+01
1.461749247380140915e+01 1.381468303927503527e+01
1.462501980121169431e+01 1.404283544394086292e+01
1.462649220914313730e+01 1.424377187026686009e+01
1.463366713618722592e+01 1.345855600875852076e+01
1.463572019062666385e+01 1.431936503820273821e+01
1.464423775419758300e+01 1.379895044720762343e+01
1.465827459480114214e+01 1.372101491988853539e+01
1.466623965204671798e+01 1.414136529991027302e+01
1.467047169393672057e+01 1.416360667405943907e+01
1.467167218285429442e+01 1.397635781414857981e+01
1.467568822452567900e+01 1.378282637294049273e+01
1.468983498796037956e+01 1.405810320520442147e+01
1.469061447441836954e+01 1.402203572020329148e+01
1.469500160938800626e+01 1.373987096233738114e+01
1.471622882647371711e+01 1.443629320361482371e+01
1.471794520494376357e+01 1.371096444204012421e+01
1.472259956414044346e+01 1.425541514948249855e+01
1.472310159834989562e+01 1.439760389838432530e+01
1.475994729354775359e+01 1.456569285842321371e+01
1.476261569180620548e+01 1.424176495041399093e+01
1.476768303522766246e+01 1.436224093645868471e+01
1.477418325104384067e+01 1.427564415494235384e+01
1.478737949877843860e+01 1.376255548328692058e+01
1.479547606931575210e+01 1.351439671013406318e+01
1.479868897400857364e+01 1.424131073415734328e+01
1.481786607477000572e+01 1.376036278546267688e+01
1.482628581545880309e+01 1.429398259556110595e+01
1.483062404401967171e+01 1.401603827108779932e+01
1.485191646794117304e+01 1.397211882750518974e+01
1.486729809186518736e+01 1.391173678858863738e+01
1.488049075083675987e+01 1.422406581153058802e+01
1.488342281949617352e+01 1.384787410376056904e+01
1.488362543798055526e+01 1.377142303121945943e+01
1.488778611363238902e+01 1.411526402491919185e+01
1.489637993737319910e+01 1.372895039124255945e+01
1.490239257047499954e+01 1.362092087467274126e+01
1.492702277894080964e+01 1.409725204475560112e+01
1.493431641717843306e+01 1.431044090526444634e+01
1.494285989292253447e+01 1.382714574461546952e+01
