2.575516902446482703e+01 3.329069220271669138e+01
2.575657119772549919e+01 3.248088595020012548e+01
2.575692321074661351e+01 3.394543963405924103e+01
2.576052132710517384e+01 3.242796681844242812e+01
2.576588614031618718e+01 3.248814048350621420e+01
2.576987433093406921e+01 3.288697680875828411e+01
2.577666662692420729e+01 3.299313656024909847e+01
2.577861747199805365e+01 3.269801469252612947e+01
2.579090037403714675e+01 3.272208326082373731e+01
2.579914406894901191e+01 3.373806719049089509e+01
2.580862729653419052e+01 3.282493606740425918e+01
2.581060843807479799e+01 3.212546675054807821e+01
2.581445640489252114e+01 3.301065356070125745e+01
2.581751732560496393e+01 3.258250990797363045e+01
2.581910578146678859e+01 3.364975255113960628e+01
2.581932618677313229e+01 3.227389044942441387e+01
2.581932731467035680e+01 3.349466800267595801e+01
2.582029601977019340e+01 3.372104883336380965e+01
2.582117137984524291e+01 3.315044731022519642e+01
2.582347992663971326e+01 3.301198407986148453e+01
2.582399529434604801e+01 3.215111586083139628e+01
2.582410030862007844e+01 3.283584410927834796e+01
2.582549247230005918e+01 3.265957550031835410e+01
2.582789095343620289e+01 3.391092737235131693e+01
2.583451835304435917e+01 3.220114460127715006e+01
2.583666717189771589e+01 3.330185872637923694e+01
2.584129107569798478e+01 3.357721915289762649e+01
2.584720381074454920e+01 3.364747615896418864e+01
















3.431793778123645211e+01 3.372466526527277608e+01
3.431912901682726158e+01 3.342706492823284492e+01
3.432067848823342615e+01 3.332841968655048959e+01
3.432307036184960225e+01 3.302928976670177974e+01
3.432372695144128727e+01 3.253239354188071530e+01
3.432561670646488494e+01 3.207108012915600170e+01
3.434958742297556711e+01 3.256700253493863073e+01
3.435054932637115144e+01 3.243891198196504888e+01
3.435454786263738924e+01 3.251298069132741375e+01
3.435465043591306511e+01 3.349059708214355879e+01
3.436131105016696097e+01 3.314120278852018231e+01
3.436528517069370992e+01 3.306081877848787798e+01
3.436530392112396726e+01 3.213832161043860225e+01
3.437687457860719320e+01 3.335203317609133222e+01
3.437700746945618846e+01 3.224193685684884514e+01
3.437805906470887862e+01 3.233109467879121723e+01
3.438631893067870493e+01 3.329985504625321369e+01
3.438793346087054914e+01 3.288454271001914719e+01
3.438893284187964383e+01 3.237476848844589483e+01
3.439242176145143048e+01 3.372866019584876085e+01
3.439970936102087506e+01 3.234182609892246774e+01
3.440306574022813635e+01 3.277472044578516375e+01
3.440839111688477914e+01 3.328720540365034708e+01
3.441848759273814551e+01 3.296626611450168554e+01
3.442055430496579049e+01 3.256671476295503709e+01
3.442427764277943680e+01 3.241834030119770205e+01
3.442855839929990935e+01 3.214057608813909894e+01
3.443258511355628571e+01 3.331812121660934167e+01
3.443365312043646753e+01 3.329016061847196539e+01
3.444369460890927570e+01 3.332038405226957423e+01
3.444647183606920038e+01 3.372086034879006178e+01
3.446046558399827120e+01 3.359830789167948950e+01
3.446101992075280407e+01 3.244433015704832712e+01
3.446623976711819637e+01 3.288128151027296298e+01
3.447201878379613049e+01 3.235022330712688188e+01
3.447582751175819027e+01 3.259638437613904216e+01
3.447743554565634128e+01 3.293226390746298904e+01
3.447761039221436619e+01 3.356952330370816640e+01
3.448030239847269485e+01 3.285893832658823754e+01
3.448443569522807195e+01 3.306257377002744846e+01
3.448522483560679319e+01 3.268551512360788536e+01
3.448532230646723917e+01 3.253339403612950775e+01
3.449278847659009983e+01 3.258605363163528779e+01
3.449365816979123167e+01 3.386743593073521907e+01
3.449477452364334340e+01 3.328952822033741654e+01
3.449823199200581314e+01 3.272005234800189299e+01
3.450063194235475095e+01 3.249508817797565285e+01
3.450082007865995593e+01 3.241944224420737442e+01
3.450884600878614350e+01 3.302648015228799494e+01
3.451068492600784055e+01 3.235284510079927145e+01
3.451604306622610352e+01 3.351364360191733027e+01
3.451813239741893113e+01 3.279471016377140558e+01
3.452086534664394435e+01 3.322240285020197348e+01
3.453060299015687207e+01 3.306044618176841965e+01
3.453421865353494979e+01 3.262598901986791589e+01
3.453594647525407169e+01 3.316546707926188731e+01
3.454765742216284252e+01 3.274191062938695751e+01
3.455339169790249088e+01 3.321925816558798772e+01
3.455422377883641616e+01 3.314642267375555917e+01
3.456076243397757963e+01 3.349364437681385454e+01
3.456362976801548115e+01 3.274782318644903967e+01
3.456585742556324448e+01 3.276288872922830109e+01
3.457293195423494581e+01 3.360663159560907332e+01
3.457384407324440190e+01 3.277316766894155364e+01
3.457423838223843404e+01 3.241498411116324263e+01
3.457703238690641712e+01 3.317136316078522640e+01
3.458039680897712032e+01 3.350840077219859126e+01
3.458234338842363798e+01 3.380537933750792945e+01
3.458456253442947315e+01 3.307638134968208021e+01
3.458819891310085382e+01 3.228560122876703531e+01
3.459278171804857749e+01 3.262681456022409776e+01
3.459399112088296846e+01 3.279458594361934587e+01
3.460081213131711309e+01 3.341058596483672716e+01
3.460306059333908735e+01 3.261356075036739810e+01
3.462148953179275424e+01 3.344828199219148246e+01
3.463396365825445855e+01 3.370728106905499288e+01
3.464088668921647240e+01 3.317258085897378095e+01
3.464150036719431824e+01 3.334143849243491076e+01
3.464194152066654908e+01 3.335033829195057109e+01
3.464275978217882113e+01 3.354113944649213153e+01
3.464587513844080746e+01 3.328085328919457453e+01
3.464635256229743021e+01 3.359005521872104794e+01
3.464719306987404934e+01 3.352331916785546184e+01
3.464812493311440988e+01 3.257582140191151865e+01
3.465138265767148340e+01 3.311331993867545975e+01
3.465250024558619657e+01 3.306297292826185696e+01
3.467472386100310899e+01 3.248009460066343479e+01
3.467612755180785911e+01 3.371185975063494311e+01
3.467780282460508090e+01 3.324999238310774530e+01
3.468425188315468688e+01 3.331526999737519645e+01
3.469966129508289043e+01 3.343512708608945871e+01
3.470825742842600903e+01 3.316279316037046954e+01
3.470905334823671495e+01 3.314782917067245904e+01
3.472848404773462505e+01 3.257743476340131394e+01
3.473555773981003369e+01 3.296125073860712718e+01
3.473957106303969056e+01 3.335406933440589938e+01
3.476570482020287045e+01 3.361862508172200847e+01
3.476651663894708832e+01 3.348000829000950773e+01
3.477445783840304472e+01 3.356461192982937547e+01
3.478516442297458156e+01 3.332304999651799449e+01
3.479292110098798929e+01 3.288314737352830974e+01
3.480884022492487162e+01 3.269200361847292413e+01
3.483122252863613255e+01 3.276378108638978404e+01
3.483219003149819315e+01 3.264554663025617032e+01
3.483947871387857020e+01 3.320510368002582169e+01
3.486482761997207547e+01 3.256513138403117580e+01
3.486496247938507764e+01 3.271057126942940130e+01
3.486519561564827541e+01 3.331230936369771456e+01
3.488773520258686034e+01 3.323323259936955765e+01
3.489782764182541541e+01 3.271730403066194981e+01
3.489851288905976645e+01 3.280816509451116048e+01
3.490170032371077014e+01 3.306742348819413735e+01
3.490189853392049457e+01 3.270770879926231345e+01
3.492164625489235164e+01 3.294410487006246058e+01
3.493338480255698641e+01 3.284904081072073012e+01


