3.320486597806648632e+01 2.101381216310287314e+01
3.320497483028185570e+01 2.095052999980069686e+01
3.321526489313248476e+01 2.179348514161861772e+01
3.322056949356792899e+01 2.126302999886454259e+01
3.322682753357900509e+01 2.030310226223347314e+01
3.323160756201686183e+01 2.145225235686699605e+01
3.323314446550498502e+01 2.005836372200529638e+01
3.324065183779844546e+01 2.169373718181621058e+01
3.324520358695097855e+01 2.106592434965020288e+01
3.324764130003871543e+01 2.155920209545720212e+01
3.324791481860827247e+01 2.022415760273031538e+01
3.325576691913838800e+01 2.160401046453010210e+01
3.326137787888114161e+01 2.097273965804893336e+01
3.326279461799283865e+01 2.159025522138602682e+01
3.326581884008502499e+01 2.086747377932774938e+01
3.326633200117200317e+01 2.123040427055807200e+01
3.326664333021426501e+01 2.134808896873106931e+01
3.326702331402996293e+01 2.023148616591019078e+01
3.326764321977659478e+01 2.097623321162569709e+01
3.327417806496418251e+01 2.083701880652307992e+01
3.327626956831640115e+01 2.085740713406350011e+01
3.328661253425435262e+01 2.184637928226992543e+01
3.328824196869010876e+01 2.112883513257425605e+01
3.328905642536618359e+01 2.096433369939043700e+01
3.329722387272266104e+01 2.043911465155927587e+01
3.329999173154667602e+01 2.073004050006677801e+01
3.330013119205219851e+01 2.095662847363744064e+01
3.330092426456195653e+01 2.069214472871325228e+01
3.330177670132727030e+01 2.065800894891204464e+01
3.330515117730762853e+01 2.104270928311646927e+01
3.330696797888090543e+01 2.072803617423535982e+01
3.331316617466206509e+01 2.056869003493022774e+01
3.331477309925803354e+01 2.082331252610001826e+01
3.331833043582676623e+01 2.098242747018382914e+01
3.333169113838362563e+01 2.072812930861007530e+01
3.334063863791681825e+01 2.082408893691576424e+01
3.334268365517611699e+01 2.132013693869785342e+01
3.334431998397612773e+01 2.162215643147314026e+01
3.334829038185966255e+01 2.006411139996870219e+01
3.334875348106618986e+01 2.117813080587419705e+01
3.335676815012162422e+01 2.054189149472295739e+01
3.335905414272745162e+01 2.044069433652718004e+01
3.336731531252591765e+01 2.020719875339684179e+01
3.336763211414290708e+01 2.106884226328140741e+01
3.337625362964318043e+01 2.128938302527991766e+01
3.337700632231550202e+01 2.030087060702503976e+01
3.337786638134686257e+01 2.067768691959488336e+01
3.337869505360664135e+01 2.101965292640640826e+01
3.338312378888394960e+01 2.085290193665906244e+01
3.338835824011287201e+01 2.125528580527213052e+01
3.339391786503252746e+01 2.095036586360939879e+01






8.617874335242833306e-01 2.484604593192291944e+01
8.659086846138541738e-01 2.527310013436824221e+01
8.723270369227721366e-01 2.524993362537272645e+01
8.822539169124653524e-01 2.564300812175197208e+01
8.853097056897295536e-01 2.517435033335145889e+01
8.905285367263817697e-01 2.535249605301532938e+01
8.906305834348408057e-01 2.482719972559317156e+01
8.918770507891555788e-01 2.545880723838802595e+01
8.921920674780593474e-01 2.578820375290590405e+01
8.929178368390011666e-01 2.402416935410731469e+01
8.953305839612604178e-01 2.542672230828120306e+01
8.976150945872110043e-01 2.554122361858918566e+01
9.045984455720880169e-01 2.488344529292343310e+01
9.048038485231291173e-01 2.576623749804668151e+01
9.129871227196674210e-01 2.573705225754269321e+01
9.255601398310834282e-01 2.520004144538096469e+01
9.322739217289103264e-01 2.557831967434756137e+01
9.353479895172948089e-01 2.591101338152097711e+01
9.380681781126690710e-01 2.524827167708660269e+01
9.397829005412213776e-01 2.544699531427531625e+01
9.439104227084846865e-01 2.473647394294343371e+01
9.454465764804835803e-01 2.514664939002284427e+01
9.491370820266272768e-01 2.563712592930202661e+01
9.567901495609831830e-01 2.481821422027051227e+01
9.588939302302796897e-01 2.589190736374486335e+01
9.593358702457936982e-01 2.447115952310013753e+01
9.614547697104744994e-01 2.441289356421543033e+01
9.725871726643585680e-01 2.571492482378272726e+01
9.726527590506712784e-01 2.475422302982837053e+01
9.761095176254744876e-01 2.512506747919540118e+01
9.800167085598425754e-01 2.420669317175843460e+01
9.828929187145744040e-01 2.498306022753274647e+01
9.832604179240476139e-01 2.593404726865874466e+01
9.844582210324056559e-01 2.526492472688654090e+01
9.863745180051560757e-01 2.470166600190725958e+01
9.922300606532037381e-01 2.424219064892723097e+01
9.980729961066785449e-01 2.589653153240782046e+01
1.017246561784122427e+00 2.410825906383178108e+01
1.020619557661557542e+00 2.488515638897018434e+01
1.022059819458162266e+00 2.542998427164741670e+01
1.023427494850470465e+00 2.486750295999835103e+01
1.026769270886216834e+00 2.510593942845484250e+01
1.029135483175559918e+00 2.554935625682067979e+01
1.030411679698257865e+00 2.494931780370707486e+01
1.033150885118063078e+00 2.522796238737989327e+01
1.034072723133008909e+00 2.517777717908435875e+01
1.035179607833131232e+00 2.558598054464724214e+01
1.038124020843090634e+00 2.530355742020377008e+01
1.041246358124119586e+00 2.465562865290207384e+01
1.046854900389071918e+00 2.572328689841656413e+01
1.052794280118209747e+00 2.478388582207568902e+01
1.053270297613724704e+00 2.572395812844812824e+01
1.053431025782128660e+00 2.451390049827191575e+01
1.055647556689887967e+00 2.502031228536785434e+01
1.061196206550029775e+00 2.421406535251800918e+01
1.062392961247909273e+00 2.554471635236944849e+01
1.062474453138024577e+00 2.463751463015490373e+01
1.062784646936225208e+00 2.418619862786203001e+01
1.064103664476082844e+00 2.455569400625321563e+01
1.066025774426218486e+00 2.430806793389364273e+01
1.074221681457068867e+00 2.439081386828334175e+01
1.075115443524024661e+00 2.484932409579326418e+01
1.078380151497096540e+00 2.508989573727321698e+01
1.081293649087257336e+00 2.480931448966277486e+01
1.083533602405297946e+00 2.480975325685345112e+01
1.084245743005087581e+00 2.532763048092967750e+01
1.084450197894863299e+00 2.438011893920093698e+01
1.092479950638621800e+00 2.423546630751321374e+01
1.096164899652225300e+00 2.436782443039870927e+01
1.112916250852964417e+00 2.430844744422689274e+01
1.114577246529864452e+00 2.455648350505416389e+01
1.116662663863880134e+00 2.452414915638524917e+01
1.119893831383740102e+00 2.481599683122018618e+01
1.121061401341673980e+00 2.506856000893437653e+01
1.135518851287962816e+00 2.584753342451545777e+01
1.140048095268250350e+00 2.520072376132109682e+01
1.152001313654620773e+00 2.477889672212030447e+01
1.152679317155422822e+00 2.444792628278732138e+01
1.154614963932524274e+00 2.481645916101390270e+01
1.160654411130389807e+00 2.488873836378821736e+01
1.168835716510835399e+00 2.539716340423790086e+01
1.169293964244541018e+00 2.468030354902499113e+01
1.169298827786221295e+00 2.505570473488570116e+01
1.169345154466010062e+00 2.468522701200931735e+01
1.169681588781719572e+00 2.581774556913252283e+01
1.170689625317473892e+00 2.547108938895336294e+01
1.178157393234117389e+00 2.415634064468849473e+01
1.182901771224946330e+00 2.463136404631053011e+01
1.183184572004750912e+00 2.498096471629834525e+01
1.185678046249762696e+00 2.459035081079921881e+01
1.189741138260380193e+00 2.419191112248129727e+01
1.190396713204128876e+00 2.423024596339145731e+01
1.192250989043792897e+00 2.522757360301138263e+01
1.193774133717646846e+00 2.454029863160767988e+01
1.193980260378788127e+00 2.471265084898131548e+01
1.203168840593662914e+00 2.405879649476025861e+01
1.220610913153518329e+00 2.480109066886204161e+01
1.227440552246953365e+00 2.449312479786313546e+01
1.230734518841864800e+00 2.514621578006203251e+01
1.237603753272848550e+00 2.495051568158521249e+01
1.237873634615957785e+00 2.479001058127854051e+01
1.242882815116854722e+00 2.526498779234988845e+01
1.244715392283824329e+00 2.531208585883006279e+01
1.250825896180195684e+00 2.556144770413321510e+01
1.253158425019340383e+00 2.477746176009754109e+01
1.263023593272039502e+00 2.468438602390963510e+01
1.265587848784867964e+00 2.479567551785250146e+01
1.268080021212771413e+00 2.514654168906832155e+01
1.269204300414252806e+00 2.528392726833452642e+01
1.270094482945121062e+00 2.403813792293112073e+01
1.274242619695867385e+00 2.566698528123724188e+01
1.274262687238091329e+00 2.477000638592522463e+01
1.275562329420331098e+00 2.493198066316785244e+01
1.276597918364478446e+00 2.480871138558224231e+01
1.279361679872003332e+00 2.547186281621963388e+01
1.292915867561439613e+00 2.517576008917653851e+01
1.294720057531461910e+00 2.508906787052151444e+01
1.298583699591696394e+00 2.426295823202312363e+01
1.306385609609141962e+00 2.431359810633876961e+01
1.306537590647345315e+00 2.435884806718893003e+01
1.308326844593392435e+00 2.454003117433192571e+01
1.318336003401219259e+00 2.507135998778485586e+01
1.318667640625299953e+00 2.503480013222607425e+01
1.320248843054794952e+00 2.476139482815317905e+01
1.321338335552495913e+00 2.518913847339493373e+01
1.321626095074854623e+00 2.526233607797894365e+01
1.329065325294653377e+00 2.463949274264160749e+01
1.341945098362324451e+00 2.545006629268424803e+01
1.346246090613345547e+00 2.560951763502357892e+01
1.360575733191764503e+00 2.442556462578902909e+01
1.362341279584698306e+00 2.433322987228827117e+01
1.363029011830767079e+00 2.507288884335092405e+01
1.366997528710982568e+00 2.429115330294380470e+01
1.370746135942792154e+00 2.533563850939311735e+01
1.373110694157404055e+00 2.550268242142404773e+01
1.373275475241349630e+00 2.529466484400670723e+01
1.373301810068642048e+00 2.576634096929002737e+01
1.373974574789609493e+00 2.462465324420453072e+01
1.374656171083740386e+00 2.526561892152273359e+01
1.377216237073930039e+00 2.566795830953985913e+01
1.383121542458310760e+00 2.496534297276436831e+01
1.384058978851161470e+00 2.434251728346920629e+01
1.387580057958033297e+00 2.411848548513255253e+01
1.397812463738782984e+00 2.476374814351676079e+01
1.401540063954190618e+00 2.555492354578834480e+01
1.405778347735369138e+00 2.482501062285660609e+01
1.415503011814563283e+00 2.520081987213781005e+01
1.434974462448355137e+00 2.546674805906314276e+01
1.442877133503027487e+00 2.484945208160698371e+01
1.449157661059417901e+00 2.581456384336132359e+01






1.376702532374026156e+01 2.480206378886343899e+01
1.379134723620060576e+01 2.570969233699216261e+01
1.380663093310772815e+01 2.433116090141460575e+01
1.381492599615853401e+01 2.592351240742510754e+01
1.382084776119630831e+01 2.584202572716918667e+01
1.382559473485312651e+01 2.521215439022746096e+01
1.382877511712414531e+01 2.505731500700341741e+01
1.383080754501645337e+01 2.541503909210931411e+01
1.383409074607813771e+01 2.482536707972370138e+01
1.383655672014944571e+01 2.520508084570420948e+01
1.383868463311491759e+01 2.465541706414957801e+01
1.385835307955803231e+01 2.538557052475335851e+01
1.385951862097018328e+01 2.465894704964372863e+01
1.386233859462075912e+01 2.595497494183091192e+01
1.386358804319809401e+01 2.597203698957850904e+01
1.386392723873895072e+01 2.438414131791443040e+01
1.386587575087124335e+01 2.554960466744196879e+01
1.386590715407764129e+01 2.477814860890983795e+01
1.386967852059259343e+01 2.437164620285197714e+01
1.387598113335661942e+01 2.505871106015911920e+01
1.388083680976827239e+01 2.564040683088124339e+01
1.389065867246054786e+01 2.404940046291265432e+01
1.390021013726727794e+01 2.567810250349192813e+01
1.390080903089449826e+01 2.474513377054673668e+01
1.390374916139543870e+01 2.515035673790672277e+01
1.391122336998337339e+01 2.583406550177218008e+01
1.391381628921972791e+01 2.575350741181009440e+01
1.391598529817346019e+01 2.449112209441267396e+01
1.391745103841890163e+01 2.464661100477860955e+01
1.391769107161948682e+01 2.538017945133474029e+01
1.391840604509643953e+01 2.428849226031217867e+01
1.391892339324023631e+01 2.404400258831543979e+01
1.392009287827757369e+01 2.455739456779260266e+01
1.392238695490802947e+01 2.524183756892608699e+01
1.392416584405557600e+01 2.473879593736965887e+01
1.392647255576981102e+01 2.477834191787518492e+01
1.393288131780665218e+01 2.473369732587661218e+01
1.393352248608233701e+01 2.554397206333264592e+01
1.394746820773023188e+01 2.473989993082852124e+01
1.394791358381841739e+01 2.527619040424050567e+01
1.395442001061610249e+01 2.486193194297181819e+01
1.395538444870225625e+01 2.548488981250974561e+01
1.396175666526499803e+01 2.539981340263973664e+01
1.397303873444313460e+01 2.485713431858156852e+01
1.397389198723035264e+01 2.479468324169687321e+01
1.398079489002753029e+01 2.561895999935580193e+01
1.398354411001130693e+01 2.522698079562215057e+01
1.398451938681866125e+01 2.526503083307196462e+01
1.398722648525835943e+01 2.483453584172436734e+01
1.398726882856770182e+01 2.425805628533296243e+01
1.398929233305830877e+01 2.434019492014902397e+01
1.399642450501607094e+01 2.477270115749632851e+01
1.399714790535173847e+01 2.565808991878899903e+01
1.399797079640910269e+01 2.549386008960942007e+01
1.399801221505018489e+01 2.559534444556616961e+01
1.399880010043249356e+01 2.408006935460214493e+01
1.400711693390064916e+01 2.438129891014179051e+01
1.400751376168538265e+01 2.542822996085919129e+01
1.400920382199605108e+01 2.526985683048895837e+01
1.400943704517328925e+01 2.453396998992100464e+01
1.400948049317991817e+01 2.407440595614180623e+01
1.401075372072014780e+01 2.519843564507137046e+01
1.401223128482596891e+01 2.428582750090073716e+01
1.401296320123048211e+01 2.512895064582754756e+01
1.401858497199214071e+01 2.447955719145940279e+01
1.402370796647329421e+01 2.579580036498539997e+01
1.402551036941038376e+01 2.543575182759193254e+01
1.402838589045131101e+01 2.449441454131718388e+01
1.402937938470600976e+01 2.521631768601073276e+01
1.403291770819504158e+01 2.523960489603270574e+01
1.403362780523322151e+01 2.480555568470229488e+01
1.403468063302433144e+01 2.461275661477077747e+01
1.403825073031530124e+01 2.407520845140148325e+01
1.403841902744987102e+01 2.468396551888702461e+01
1.404649998613744444e+01 2.537909319274065112e+01
1.404708441086708959e+01 2.501849545723717938e+01
1.405679676207813067e+01 2.523523135405656248e+01
1.405773461098136856e+01 2.482417993453417182e+01
1.406883599059153944e+01 2.520178753403615346e+01
1.407016058078211174e+01 2.545446529830743998e+01
1.407245052483895087e+01 2.477699359236322607e+01
1.407256647299026397e+01 2.506847748293721878e+01
1.407336025758414699e+01 2.447348005248121083e+01
1.407520575451439804e+01 2.500341574539299572e+01
1.407882139453799830e+01 2.487269269916359349e+01
1.407906651210408633e+01 2.479360173998627559e+01
1.408235374912512761e+01 2.457859120897484217e+01
1.409912915761189822e+01 2.565823272549392797e+01
1.410025914078339326e+01 2.478592589211608654e+01
1.410030018046125377e+01 2.534702117773268526e+01
1.410488618293006269e+01 2.477839202497414206e+01
1.411204734094787305e+01 2.546649101342245558e+01
1.411351345538125912e+01 2.548788238898271175e+01
1.412130527928544232e+01 2.514239306592026679e+01
1.412287069461858557e+01 2.413563319009662322e+01
1.412348329940615699e+01 2.506174546586613161e+01
1.412527060957981817e+01 2.407843131455151564e+01
1.412811123765719579e+01 2.438666853588553707e+01
1.412829036687833550e+01 2.471892125372958660e+01
1.413095382206764761e+01 2.443564128270340419e+01
1.413383598385586204e+01 2.496801078088197556e+01
1.414035102216458206e+01 2.513311438893206784e+01
1.414103436825342719e+01 2.551421953832968370e+01
1.414119278540228564e+01 2.459237921236880808e+01
1.414480674972813823e+01 2.458779167903215068e+01
1.415061929824138254e+01 2.566782517235064276e+01
1.415997193441100421e+01 2.479020799529816443e+01
1.416080517608882694e+01 2.549976071384286769e+01
1.416978832966528934e+01 2.405631644151642590e+01
1.417157168593907279e+01 2.482021153422648041e+01
1.417226284171815820e+01 2.445479858739596679e+01
1.417395998876059515e+01 2.442825514576234980e+01
1.418010924747907175e+01 2.548637962509561206e+01
1.418485742579644437e+01 2.439948559317108234e+01
1.419286823596242364e+01 2.502129228300843167e+01
1.419624964441250548e+01 2.484309971033151498e+01
1.419754959518048132e+01 2.441011723022145219e+01
1.419800839958434757e+01 2.426461470663311104e+01
1.419896539887962206e+01 2.492866202594506220e+01
1.419969326191485592e+01 2.532851895587118563e+01
1.420040361405840201e+01 2.459508870389267443e+01
1.420434748208817588e+01 2.477929712186211475e+01
1.421409793287492285e+01 2.482202669770533987e+01
1.421667701086482261e+01 2.527872929220646014e+01
1.421760163294129597e+01 2.553366031276451409e+01
1.421990568066249061e+01 2.559249859067475441e+01
1.422230923450247708e+01 2.507139920247807297e+01
1.422360446891729424e+01 2.525330469398858568e+01
1.422473404709069023e+01 2.564561313127989806e+01
1.423790426957003419e+01 2.521335270252265204e+01
1.424092169882611003e+01 2.442476702576482950e+01
1.425152964613856632e+01 2.479920760953070058e+01
1.425298343175026972e+01 2.479964717957174614e+01
1.426172628430676603e+01 2.453741864947116014e+01
1.426452618082431734e+01 2.582861294128415608e+01
1.426561232075591334e+01 2.419799037932233077e+01
1.426604001442171921e+01 2.569584611604719981e+01
1.426709015449660711e+01 2.502455411915001093e+01
1.426733940980770754e+01 2.488600203055464988e+01
1.427157898229183530e+01 2.548880152163109969e+01
1.427187728399735889e+01 2.421273150723867928e+01
1.427941220251286580e+01 2.539343118593292559e+01
1.428318048257672324e+01 2.424254442017521782e+01
1.429002654880778778e+01 2.443427646580598278e+01
1.429704783692385739e+01 2.515510343150633332e+01
1.430151725029780785e+01 2.504938452550426575e+01
1.431121333080114866e+01 2.426459176740373280e+01
1.431138837054870372e+01 2.431418326968887200e+01
1.431368454995514838e+01 2.424951060617308585e+01
1.432028876743337165e+01 2.546966095763520599e+01






3.277786227015879916e+01 2.485789645341219511e+01
3.277866987360350493e+01 2.533042864082350221e+01
3.277943398153388443e+01 2.405525803876300373e+01
3.277977509107856235e+01 2.416353431959731779e+01
3.277981905113298211e+01 2.449197054124272199e+01
3.279252577309942041e+01 2.451188945402719455e+01
3.279575093117104956e+01 2.449905963874955361e+01
3.280174912854308644e+01 2.443280894689106120e+01
3.280611479773453709e+01 2.424516359468370297e+01
3.280792195576796644e+01 2.527799512940384119e+01
3.280808189625679461e+01 2.449376171705146277e+01
3.281167874406615681e+01 2.514687782115128201e+01
3.281328034609813216e+01 2.505207010374919818e+01
3.281409289593813838e+01 2.439582927788518418e+01
3.281443055208625736e+01 2.591036457053689190e+01
3.281606014333756605e+01 2.520496188892369815e+01
3.282290467283412028e+01 2.479582205691687591e+01
3.282668356310534108e+01 2.438389823212611773e+01
3.282738835736147820e+01 2.503671909348339852e+01
3.282761071432713607e+01 2.452330340759639071e+01
3.283002974457911449e+01 2.587505839613258019e+01
3.283524065297314110e+01 2.548994224993987601e+01
3.283599207538877351e+01 2.564557026840342857e+01
3.283730996200609553e+01 2.546109577820693559e+01
3.284234244108281331e+01 2.479877990096538554e+01
3.284606271149600332e+01 2.596897526691678237e+01
3.284798260294817851e+01 2.436482056618854841e+01
3.285964685849400269e+01 2.488422166162622062e+01
3.285969976122201075e+01 2.584610230321184332e+01
3.286132426235987936e+01 2.509513125160300007e+01
3.286319193996336452e+01 2.565317196389921506e+01
3.286671991692638528e+01 2.513802210621553712e+01
3.287212907385205085e+01 2.595743003029622287e+01
3.287554459073247415e+01 2.480874494189902535e+01
3.288174202572990623e+01 2.462128584972190737e+01
3.288246266701133891e+01 2.491628580509836510e+01
3.288410648290781779e+01 2.561243905497618911e+01
3.288487244096916839e+01 2.424925409611098814e+01
3.290574181293008849e+01 2.407986129446025458e+01
3.291374222565871577e+01 2.505430141945909739e+01
3.292393559268965220e+01 2.585720832765167998e+01
3.293259679834317666e+01 2.422743817530479404e+01
3.293613281183497321e+01 2.494463901701935882e+01
3.293757733899437312e+01 2.537002711563849644e+01
3.294824212256929741e+01 2.459939365929195887e+01
3.294984780084652698e+01 2.554604234919361616e+01
3.295312532408058104e+01 2.527081083509496295e+01
3.295632447233690954e+01 2.412033548596964749e+01
3.295639790263311397e+01 2.414466360681494450e+01
3.295655138643189730e+01 2.530291016541901072e+01
3.295710260630897892e+01 2.506111492200279756e+01
3.296216466549110891e+01 2.471415265428277053e+01
3.296705800833078825e+01 2.597917803555600003e+01
3.296815931783480380e+01 2.541311942110361599e+01
3.296998080436735279e+01 2.491418765476348796e+01
3.297346183977458622e+01 2.554014647449934827e+01
3.297640548675695271e+01 2.453121638039190699e+01
3.297741945866700775e+01 2.596947575726714064e+01
3.298359195090053930e+01 2.544046180633816689e+01
3.298409760127233170e+01 2.417089963252742990e+01
3.298453335398529163e+01 2.554440510494648109e+01
3.298922306530686654e+01 2.464903100249162904e+01
3.299232723765001651e+01 2.522762664153847822e+01
3.299564568690929178e+01 2.535172328231988459e+01
3.299740483788003331e+01 2.551787870806881386e+01
3.300013096520587652e+01 2.437567500398253628e+01
3.300079005234832152e+01 2.569514652808388533e+01
3.300196972773728987e+01 2.528566455560242332e+01
3.300498853526214305e+01 2.594806166620021060e+01
3.300792813310525275e+01 2.575788207683018172e+01
3.301150552542795680e+01 2.526701508384629946e+01
3.301401092243663271e+01 2.581461612174263109e+01
3.302078517273272240e+01 2.438749778336796936e+01
3.302356393206210328e+01 2.586802275181333854e+01
3.302434599457081532e+01 2.530151518008728928e+01
3.302540480276397261e+01 2.484178318551360576e+01
3.302998598519216245e+01 2.446917068754376601e+01
3.303069312536454305e+01 2.438424568941537984e+01
3.303164422349266971e+01 2.478179270875886075e+01
3.303242496003741735e+01 2.410371822061708613e+01
3.303260251370321043e+01 2.529901859029856936e+01
3.303392183734377596e+01 2.510561923046195432e+01
3.303494588186746483e+01 2.477156038723507336e+01
3.303592003728405757e+01 2.441011128977846667e+01
3.303695768847421732e+01 2.568075913206822491e+01
3.303708255600709265e+01 2.485716434893536331e+01
3.304251597049750444e+01 2.478743987125315940e+01
3.304310921268157131e+01 2.461830490716623743e+01
3.304485199112818350e+01 2.567270893469132886e+01
3.304882491704244529e+01 2.495075554249087091e+01
3.304944090045387384e+01 2.548304763799743711e+01
3.305472191530266457e+01 2.574124947943415620e+01
3.305770524925908660e+01 2.461678405131998559e+01
3.306297477061967527e+01 2.445228774672809280e+01
3.306605032264589283e+01 2.521311866686360403e+01
3.307719757790701465e+01 2.557623441099866923e+01
3.308068699438366878e+01 2.530297828421011275e+01
3.308425898987142943e+01 2.598013117474200584e+01
3.308461628377840924e+01 2.558082606778549106e+01
3.308738836033412412e+01 2.544168788227564804e+01
3.309138022177256033e+01 2.553974043598855559e+01
3.309236526067307693e+01 2.419440268715346676e+01
3.309357815389073920e+01 2.509278263223616889e+01
3.309478741015498571e+01 2.460087055461477235e+01
3.309885997998457441e+01 2.588053698579451378e+01
3.310150675912686324e+01 2.470400340869223399e+01
3.310345210944004180e+01 2.484887630240714884e+01
3.310808855960824104e+01 2.464056199625451526e+01
3.311307164604347975e+01 2.434509955775733658e+01
3.312138479559163784e+01 2.525053358680903770e+01
3.312380811047508899e+01 2.417620989859116776e+01
3.312383171456294662e+01 2.452036854195055682e+01
3.312449328110972147e+01 2.424030553758004203e+01
3.312663011320309892e+01 2.465066669250079201e+01
3.313104515890002943e+01 2.579717397934547307e+01
3.313344799836472276e+01 2.479991476351966995e+01
3.313784256943996098e+01 2.464374304272836369e+01
3.313845513251190056e+01 2.553313745540694768e+01
3.313941531180795863e+01 2.586453221805493641e+01
3.314244978814423348e+01 2.529865342534615280e+01
3.314679141891813430e+01 2.578055750769011567e+01
3.314883200066087454e+01 2.518072791214670403e+01
3.314951831376254177e+01 2.524605363453952123e+01
3.315046041973895541e+01 2.443868320161997687e+01
3.315063978863930316e+01 2.461838422301027052e+01
3.315160065944085943e+01 2.581299543905018012e+01
3.315205467268484796e+01 2.409865697174463861e+01
3.316600064332769904e+01 2.564832721792687664e+01
3.317789250355172470e+01 2.520953833923613630e+01
3.317841035048295595e+01 2.576024061508248408e+01
3.318162323725093898e+01 2.484880659620772292e+01
3.318291622882816228e+01 2.443044981476369060e+01
3.318631645429120169e+01 2.488000896522428107e+01
3.319390166161966249e+01 2.491513109150955785e+01
3.319520881874065310e+01 2.549234641448165561e+01
3.320752706588586278e+01 2.490096308968111316e+01
3.321248402740371830e+01 2.461332776938343159e+01
3.321289847163164666e+01 2.434406910748232988e+01
3.321292580954428075e+01 2.550506549233407938e+01
3.321862051477532418e+01 2.441812777100393106e+01
3.322231336384547973e+01 2.481326112009764273e+01
3.323188469498104780e+01 2.437131950228885913e+01
3.323750829583283206e+01 2.510615895245708984e+01
3.324943471039594556e+01 2.567378810845344717e+01
3.325486133952348666e+01 2.581156406500370437e+01
3.325699457184471441e+01 2.440197292095442450e+01
3.326158371777752620e+01 2.531568605407367656e+01
3.326205403149958073e+01 2.444642520350088333e+01
3.326400928878336316e+01 2.490069759158791385e+01
3.326835580328557285e+01 2.444526120533694780e+01






3.795532780959768093e+00 2.613303654682087540e+01
3.797767218257260602e+00 2.617666366565731906e+01
3.799082028906677788e+00 2.761575591502226601e+01
3.800515783460416408e+00 2.687130433705244315e+01
3.801743696122632077e+00 2.729381893438559459e+01
3.802128613014643221e+00 2.684142912325795294e+01
3.802797337374088649e+00 2.761639897156327095e+01
3.802976370300409137e+00 2.718338890365699001e+01
3.803887070744328192e+00 2.706886807549038920e+01
3.816108650530538160e+00 2.674960586611171820e+01
3.819934448341691713e+00 2.730932059490696417e+01
3.830476398044945885e+00 2.784132490930964110e+01
3.830845915808781754e+00 2.705538542993830831e+01
3.831561328528478416e+00 2.796400936888936428e+01
3.833305361911579112e+00 2.682950530324354332e+01
3.842304870887697010e+00 2.742090586916360451e+01
3.844748318310367452e+00 2.792958321879234873e+01
3.849827011790995179e+00 2.602873897508485612e+01
3.851216754208616422e+00 2.794553477501358785e+01
3.851247928529859976e+00 2.626989237792307819e+01
3.860601003340187631e+00 2.642045089404192026e+01
3.868619658871891076e+00 2.706167261223005482e+01
3.873896206503220530e+00 2.766090477588924657e+01
3.877742867232152335e+00 2.778987605214573264e+01
3.884480607479042558e+00 2.714330293385091508e+01
3.888505364427599531e+00 2.603128261248761888e+01
3.893318893405881997e+00 2.734592186954968440e+01
3.895544297171591897e+00 2.726720127366789370e+01
3.896516311816339506e+00 2.683525555488188985e+01
3.898945384267993752e+00 2.763511753343523836e+01
3.912393942738352060e+00 2.739565260747362174e+01
3.915329490390733191e+00 2.785836219369740618e+01
3.916078914647656006e+00 2.726085738807678638e+01
3.916890664899985275e+00 2.707056546641622319e+01
3.921905001760369824e+00 2.753957284813984785e+01
3.922828263992440778e+00 2.671942125544470414e+01
3.923738883505663022e+00 2.700641625830004244e+01
3.926754992778375808e+00 2.753894083807680815e+01
3.931370241324625869e+00 2.780932491450533206e+01
3.938349789005553436e+00 2.673798107073144337e+01
3.942106118955874372e+00 2.770860322346439375e+01
3.944813861876709904e+00 2.789682527828900049e+01
3.946117235361565889e+00 2.734586466481575329e+01
3.952282631309588457e+00 2.760900580979643593e+01
3.953059870427759748e+00 2.763183136005298479e+01
3.960745642939153210e+00 2.619187303102028608e+01
3.963244463654252758e+00 2.746414269562281163e+01
3.966330829647378486e+00 2.702489462089171823e+01
3.968644128800704607e+00 2.700362004189895870e+01
3.971121285812012403e+00 2.655689367117080835e+01
3.972706965989632799e+00 2.634219115169691250e+01
3.974946204987721998e+00 2.688989531806799249e+01
3.980072969753949863e+00 2.634949397425648598e+01
3.980979397937029596e+00 2.759535621071172073e+01
3.984143735287729360e+00 2.616329283660770599e+01
3.984722905923367975e+00 2.759244858984357407e+01
3.985855397766258967e+00 2.730387634350324788e+01
3.988381754694615644e+00 2.707043023423345574e+01
3.993546751720056243e+00 2.625100429587262596e+01
4.003915452564984712e+00 2.782532932495807998e+01
4.004188857697655202e+00 2.629130881725075142e+01
4.013004282720792126e+00 2.713304401142027089e+01
4.015088300280246436e+00 2.712650763480328209e+01
4.034297458256835611e+00 2.616928021891172662e+01
4.040755347293165656e+00 2.758887179280413449e+01
4.043317629645036604e+00 2.618156149784223174e+01
4.049106351099539758e+00 2.722472440337214650e+01
4.050019965114941556e+00 2.684330244089722939e+01
4.052009602282690359e+00 2.721058109765438715e+01
4.052365217811129128e+00 2.798962355398042945e+01
4.061906001548454270e+00 2.675240747201159763e+01
4.062040102698939670e+00 2.645807604193198159e+01
4.062782334324523958e+00 2.763330550380560169e+01
4.067350593877082865e+00 2.766340512543627739e+01
4.092513803130892747e+00 2.689376656036439428e+01
4.096928139943804226e+00 2.646762527488407457e+01
4.097119648035986827e+00 2.681798397309892934e+01
4.102443205425764461e+00 2.662207992268960055e+01
4.102706374132941036e+00 2.642631290228287355e+01
4.124016903498668896e+00 2.636730780405700258e+01
4.139228056778480713e+00 2.686442433349805015e+01
4.140024911255791196e+00 2.641450623097361472e+01
4.148937874211153343e+00 2.650958143848382775e+01
4.155690470550870153e+00 2.669847900809277164e+01
4.157594415373480956e+00 2.648850642048598658e+01
4.157698403251490760e+00 2.704866464500997481e+01
4.160212014500754840e+00 2.617284018387689315e+01
4.165298995250270586e+00 2.704165285780804240e+01
4.166184478279908454e+00 2.748670259536705984e+01
4.173500068249341055e+00 2.703691368663463734e+01
4.174161927523921456e+00 2.774867412470748107e+01
4.174883828462844448e+00 2.637748592802649483e+01
4.179845906534024103e+00 2.778147003247845248e+01
4.181907054640513266e+00 2.641783540591470114e+01
4.182824408537604732e+00 2.670806862141939320e+01
4.193564710917875082e+00 2.717995057677503823e+01
4.194134174526133130e+00 2.625572914823765203e+01
4.211201743221685057e+00 2.696760126691484416e+01
4.213891428250927440e+00 2.738897878507865258e+01
4.226745782485386016e+00 2.779272873514853970e+01
4.231624825577414484e+00 2.692082213907210786e+01
4.233771816649941400e+00 2.661807532848326829e+01
4.237021758313837871e+00 2.638813858025999082e+01
4.240888146386468271e+00 2.660511128896488486e+01
4.248590587305176136e+00 2.698686411947463171e+01
4.252369522204483943e+00 2.636241942281499107e+01
4.265573245759431309e+00 2.665339841784585673e+01
4.267574134005727160e+00 2.662606113022093268e+01
4.271185547254469306e+00 2.781892547935868620e+01
4.272475745884175780e+00 2.721155698015419944e+01
4.277737263068424944e+00 2.669598757671651867e+01
4.281620346254120690e+00 2.724689285159502816e+01
4.285631048586054703e+00 2.677330645075031157e+01
4.292803636539810341e+00 2.789244138130122508e+01
4.295594753969252722e+00 2.747308101911665901e+01
4.296037527154645375e+00 2.680322663648725623e+01
4.296275316470630656e+00 2.774471956003066353e+01
4.296861110694288222e+00 2.672484947866164973e+01
4.299880605431934733e+00 2.640787203830357299e+01
4.306918715621594451e+00 2.762846987898607054e+01
4.310948516859921753e+00 2.606176531330432766e+01
4.311211913431866272e+00 2.680706148048156123e+01
4.323658200377981764e+00 2.729804880120415334e+01
4.333893107742039952e+00 2.642588240083245665e+01
4.334681115992292000e+00 2.635315563158513186e+01
4.343129530572182873e+00 2.669068305807864050e+01
4.343512781955247704e+00 2.621562604369968597e+01
4.344534324675816350e+00 2.713115071295083425e+01
4.350078840202050934e+00 2.770552728746340065e+01
4.353817318271572923e+00 2.637011299655652508e+01
4.355931335337400512e+00 2.633790069403899281e+01
4.357309664018874429e+00 2.631688673730232608e+01
4.363450662754554621e+00 2.681306187937227747e+01
4.371688716114215723e+00 2.609816934126246224e+01
4.372571154719705255e+00 2.654043131166896075e+01
4.375733651460137708e+00 2.746484698587069673e+01
4.379700152567418847e+00 2.679744619157562724e+01
4.390049205953906686e+00 2.691963394210173988e+01
4.407188480264735198e+00 2.741660159113403594e+01
4.407244929830598679e+00 2.626227260886957637e+01
4.407854740373765345e+00 2.695673729851854716e+01
4.411435730785593812e+00 2.635675040036939265e+01
4.411454746422486473e+00 2.716296167297128505e+01
4.415110334398730352e+00 2.759070679846712792e+01
4.415827012876908597e+00 2.790912997924214878e+01
4.416637534962008615e+00 2.633425330875353509e+01
4.419246797065594201e+00 2.759311314233657697e+01
4.421383148544967945e+00 2.652055828308738938e+01
4.432467248508890734e+00 2.644440085376166749e+01
4.437330877337145374e+00 2.636484467612294580e+01






6.750571115651250231e+00 2.655625058038802422e+01
6.752633004677372597e+00 2.659892733047459146e+01
6.757368258409577777e+00 2.691649113920862746e+01
6.759834683439422065e+00 2.756118089019448192e+01
6.769157895551705550e+00 2.638199639188756507e+01
6.769562644972467957e+00 2.711707178952996955e+01
6.775403457066309976e+00 2.726752468963638520e+01
6.778107374432177146e+00 2.708498995716074376e+01
6.791426091663225861e+00 2.633710631505459077e+01
6.793241726891699805e+00 2.657351801344988473e+01
6.797206024220572296e+00 2.645794239738336273e+01
6.803703086316236437e+00 2.716421846058510781e+01
6.804683049106754922e+00 2.784068494178413999e+01
6.807089369586219796e+00 2.635235593704676660e+01
6.808457954373141163e+00 2.757517728471884055e+01
6.812408908680711583e+00 2.666630213689873230e+01
6.819845967322891944e+00 2.609150388461820569e+01
6.820567517551459069e+00 2.637227361845436135e+01
6.823055949398575848e+00 2.773291907010553814e+01
6.826376662306905985e+00 2.643286648921584003e+01
6.827297686535976240e+00 2.700355498234581830e+01
6.831830658479205454e+00 2.638227915994357531e+01
6.832622632254026662e+00 2.614216046656203929e+01
6.834562261140351147e+00 2.646308328269565635e+01
6.844441505512508961e+00 2.752259735755662362e+01
6.845557821796046660e+00 2.640646094500340624e+01
6.847006795016266523e+00 2.677619073140778738e+01
6.853431704178058581e+00 2.631205403629903117e+01
6.855016154227327796e+00 2.726545338780985617e+01
6.855040065389299997e+00 2.728595341140902875e+01
6.855969314377974300e+00 2.684681452288092984e+01
6.856161468903639644e+00 2.751565831607491575e+01
6.865907543622435050e+00 2.650801551554780744e+01
6.867903256706523685e+00 2.695588970662112871e+01
6.871188318868107991e+00 2.774902227726609993e+01
6.884640170500575529e+00 2.681625798338009758e+01
6.888710792117199944e+00 2.659124955975511284e+01
6.888837594038624168e+00 2.775805682549903963e+01
6.890766696330850039e+00 2.759167554669210887e+01
6.904455331820156694e+00 2.604340882829073323e+01
6.905277092953132190e+00 2.710711626764230786e+01
6.910809004663640565e+00 2.733662712895156588e+01
6.912900341697467255e+00 2.615759181962830837e+01
6.918715444000900661e+00 2.722856125446904585e+01
6.923652385152716526e+00 2.647973868600191949e+01
6.926724024360011001e+00 2.743558947360312672e+01
6.930235382407318845e+00 2.604530456449167275e+01
6.931063854742058439e+00 2.701218651526875547e+01
6.934666043314321016e+00 2.775680470465229277e+01
6.937272832960684532e+00 2.615740129716976980e+01
6.938526595496917082e+00 2.702123637659299860e+01
6.940203587579190980e+00 2.660667313432074366e+01
6.948002409207995278e+00 2.664376762271832888e+01
6.949555782602302223e+00 2.705255419943010153e+01
6.950652044386461448e+00 2.664884008176366237e+01
6.952834410750739380e+00 2.620457777282017631e+01
6.954596078777633750e+00 2.611832864357983652e+01
6.956549140247384244e+00 2.761888203151184840e+01
6.959702153339025088e+00 2.727999914782433066e+01
6.960699816686831909e+00 2.687370524926035387e+01
6.961386700481743794e+00 2.791890241967033148e+01
6.962759680709464050e+00 2.772245404551875225e+01
6.964775093714739462e+00 2.686858472131423881e+01
6.971806020284357253e+00 2.685894197575736086e+01
6.975245588192456658e+00 2.799675747747961196e+01
6.978001647151987896e+00 2.744436647236865667e+01
6.980134292962476117e+00 2.650833316821358920e+01
6.984113325468244149e+00 2.650715016444420513e+01
6.988918369390794361e+00 2.647520343092838147e+01
6.991272247473540702e+00 2.723622419937855810e+01
6.995995573844812299e+00 2.627748395741286558e+01
6.996682773874353778e+00 2.680094870223107506e+01
7.008035089311996479e+00 2.713303965717037514e+01
7.011826764567649306e+00 2.797501397458263028e+01
7.015764690063287290e+00 2.622679815218007704e+01
7.016556630125237781e+00 2.685464538122840139e+01
7.018203607881225103e+00 2.744086564501346714e+01
7.020848467059667364e+00 2.659625198571021443e+01
7.026410088605254955e+00 2.784820013844081288e+01
7.033785986685018088e+00 2.600258002107274180e+01
7.034016951497045866e+00 2.657530768588564385e+01
7.034711490087368624e+00 2.641084446332469327e+01
7.037138395184692641e+00 2.709453069954271598e+01
7.042525540413318907e+00 2.646980949955145945e+01
7.047215838460060056e+00 2.741240770838141927e+01
7.051899580677227775e+00 2.693875984527037915e+01
7.060156097989765733e+00 2.703540945907867155e+01
7.080005842907127089e+00 2.698664981176096589e+01
7.082180957775292995e+00 2.736306397027411563e+01
7.083363874268781224e+00 2.767974495226376774e+01
7.083879155729399635e+00 2.678191236092306227e+01
7.088322144563058202e+00 2.719245342632162732e+01
7.090334350873604308e+00 2.664528597440824953e+01
7.096460431322499041e+00 2.737077338880577670e+01
7.099365913348639090e+00 2.723916242818171085e+01
7.101102312536036187e+00 2.615842569558359187e+01
7.102678463678583576e+00 2.759960760140422309e+01
7.104863735390474666e+00 2.635085603536833787e+01
7.105916823441102537e+00 2.730971225894804277e+01
7.107910800041953081e+00 2.686637414661592871e+01
7.119689335424393306e+00 2.744618089049990317e+01
7.124534387877755393e+00 2.770272063166909859e+01
7.128038181433390186e+00 2.722202537858288096e+01
7.129746411895218294e+00 2.625264124592587223e+01
7.132012996499688562e+00 2.619081096179862911e+01
7.135787800094287370e+00 2.783369387170365172e+01
7.137683424215358841e+00 2.665273106511273227e+01
7.143692625027329157e+00 2.781608152115180843e+01
7.145024859504276016e+00 2.734634618169365794e+01
7.151668873126298287e+00 2.700804919466767373e+01
7.154854102090031809e+00 2.759125371153487549e+01
7.156892045524074319e+00 2.654137586501780177e+01
7.156923274597730256e+00 2.758152227293356162e+01
7.160648452595646418e+00 2.796754185721614760e+01
7.162549843884724154e+00 2.785117837572105870e+01
7.168857918275000074e+00 2.761829122781077928e+01
7.173617293821971330e+00 2.626477243809746653e+01
7.179270779874371122e+00 2.733207367136126820e+01
7.179552154165416589e+00 2.652568675608024051e+01
7.186109320233633468e+00 2.651740631663259862e+01
7.187532839497313475e+00 2.640365769047132005e+01
7.190098045735236809e+00 2.672906984333140912e+01
7.195688806825605965e+00 2.793634597414683185e+01
7.201489014573667191e+00 2.686362413650725145e+01
7.202426748496076669e+00 2.634475173117637326e+01
7.203686021414733354e+00 2.793259379148351940e+01
7.205160674349014194e+00 2.705369202381726623e+01
7.208245984719122035e+00 2.639142999833598680e+01
7.212974034511558052e+00 2.677784291231494862e+01
7.213048644552913835e+00 2.754534764878915709e+01
7.214675438247814654e+00 2.728329963515146517e+01
7.215218068470213630e+00 2.719475508662253560e+01
7.226530036756424913e+00 2.687615319341631448e+01
7.233440069881642565e+00 2.618224533334261395e+01
7.238957887157365434e+00 2.634301697317131996e+01
7.241942869558374518e+00 2.686840182440240454e+01
7.252347269343072611e+00 2.767357333632411809e+01
7.254455573643274313e+00 2.776334408482584593e+01
7.257408052403306442e+00 2.692617646575800805e+01
7.257639308187144422e+00 2.655585524499585404e+01
7.267857402790292021e+00 2.661257548330274858e+01
7.270991389667607052e+00 2.733214433269289856e+01
7.277981696541629297e+00 2.657593384066307252e+01
7.282762215615569801e+00 2.621131061603702861e+01
7.285522730368311883e+00 2.700070460398712058e+01
7.287670014828107057e+00 2.738330801126558001e+01
7.287833311877945697e+00 2.630128294976923442e+01
7.289190668169495346e+00 2.690370913988270374e+01
7.298497633646164218e+00 2.627120107964553952e+01
7.298613169007861501e+00 2.643228568294057723e+01




9.055428954177568102e+00 2.688006204415984612e+01
9.060694180353998206e+00 2.672201919251295976e+01
9.100665398371171833e+00 2.724613156770144329e+01
9.113283383255497583e+00 2.672240616766537968e+01
9.119554539850222241e+00 2.710977633752488103e+01
9.145591589066603078e+00 2.749602606033257501e+01
9.149934741615622258e+00 2.721249721343992434e+01
9.161496882391453767e+00 2.741366596489082497e+01
9.166560857403764473e+00 2.736008369129917739e+01
9.181188357884908058e+00 2.681586618423096269e+01
9.186078902734783114e+00 2.705168905035945670e+01
9.222156034524408241e+00 2.651752494716052055e+01
9.223061282945266726e+00 2.704435774153935412e+01
9.232454105303750325e+00 2.752572470489170442e+01
9.236855221190269916e+00 2.728320687281900803e+01
9.241139507267170927e+00 2.741282879145676787e+01
9.241235222134557503e+00 2.740667554983782495e+01
9.248645493346973723e+00 2.721202063488883738e+01
9.262299277156898825e+00 2.765149285495928666e+01
9.263010263560349955e+00 2.756409479356443981e+01
9.276141129026019172e+00 2.643497522283074375e+01
9.277606499419253083e+00 2.745728367800767344e+01
9.286171922877747065e+00 2.677298852674044483e+01
9.292437910935921863e+00 2.678672349115372242e+01
9.295858744878593427e+00 2.716152363876812714e+01
9.298854611706856232e+00 2.643264767266908777e+01
9.308542460768515880e+00 2.635167626864974011e+01
9.312982928995278797e+00 2.705931797232868163e+01
9.332844227690308969e+00 2.641209746451233897e+01
9.333723755065554073e+00 2.720233064310988524e+01
9.341670722383083714e+00 2.731208452039760815e+01
9.344330394579053234e+00 2.715126876621665630e+01
9.346997215063037601e+00 2.735322884140412469e+01
9.359805748323275054e+00 2.751833824034744325e+01
9.366409431196325741e+00 2.678979200837492058e+01
9.373870053250325185e+00 2.731238354162987747e+01
9.377328110092905789e+00 2.732645874716654077e+01
9.384713945578111449e+00 2.695446700621145908e+01
9.387314302423508394e+00 2.658725648203679626e+01
9.395859675495144003e+00 2.656738887932511162e+01
9.401314734837246334e+00 2.762845105024419112e+01
9.402097798396495065e+00 2.688068090327402615e+01
9.434694824101729438e+00 2.714971429497933997e+01
9.435613058442102741e+00 2.773452714028312371e+01
9.444546962282540647e+00 2.672366691692643670e+01
9.445040725848185659e+00 2.766259872904423744e+01
9.453958618707131834e+00 2.619941761122837676e+01
9.454540450314460998e+00 2.744135161223194075e+01
9.456966940854728776e+00 2.781884421312499001e+01
9.481171745281983476e+00 2.623854290204229756e+01
9.482479372503760828e+00 2.712199779991836834e+01
9.484162731371844401e+00 2.687442297693834092e+01
9.486076622406343972e+00 2.737209440051775999e+01
9.493283523129282031e+00 2.742139901134946456e+01
9.493852444100250310e+00 2.632283297018294732e+01
9.501288715589440770e+00 2.758389676866072904e+01
9.508810054833467973e+00 2.656599161255617148e+01
9.515904981028000975e+00 2.766802525150127323e+01
9.517376453028971284e+00 2.634552361301754786e+01
9.526695251430670197e+00 2.750022354023193571e+01
9.528577522911058750e+00 2.716621690058143201e+01
9.529323310671038882e+00 2.611938571439271328e+01
9.532348704561661279e+00 2.729869959588549477e+01
9.534168736179426062e+00 2.710746121731794744e+01
9.536207545021692766e+00 2.639453172990951302e+01
9.543914001052963059e+00 2.626285995399785378e+01
9.544733918416126173e+00 2.752400076251967320e+01
9.547816464330301400e+00 2.683458968695542168e+01
9.548498759418356130e+00 2.726993579739552942e+01
9.552939331221020680e+00 2.713022898112477321e+01
9.555152803082936686e+00 2.676337548790267107e+01
9.556263445396595557e+00 2.691730441784860162e+01
9.573389263884909184e+00 2.609787305135499835e+01
9.578607168544412076e+00 2.785385172281268140e+01
9.584428695282607436e+00 2.679598113383761060e+01
9.593723997705705386e+00 2.739343824304143737e+01
9.596714566358988563e+00 2.691548686685682767e+01
9.602638283863802471e+00 2.752137966838382610e+01
9.607486081916944087e+00 2.679251460038465993e+01
9.609329620875390887e+00 2.726884557386019381e+01
9.619934056040385428e+00 2.611774648843373825e+01
9.629731676101878080e+00 2.744181050240105080e+01
9.634531605904161466e+00 2.645135378985302665e+01
9.641029625336891229e+00 2.697861274965433509e+01
9.647755817329574768e+00 2.645951170571170152e+01
9.650599021513972531e+00 2.673887133650140413e+01
9.658813239647194848e+00 2.648088935783387399e+01
9.665771560566318144e+00 2.773895784672194154e+01
9.672954326262232172e+00 2.645489368858736867e+01
9.675058792630142790e+00 2.753494210399632891e+01
9.675533684417864322e+00 2.712165126961232531e+01
9.678012470185279881e+00 2.699109386737712057e+01
9.684561098305024984e+00 2.681071860508926363e+01
9.687523476968289415e+00 2.611675393836614489e+01
9.690650813142411835e+00 2.783547399371401099e+01
9.693411503444085753e+00 2.712230629746890642e+01
9.699034905406163531e+00 2.762599873143303952e+01
9.710605858575117821e+00 2.660088057754649782e+01
9.713763004361526399e+00 2.680520051693490302e+01
9.715292522846301182e+00 2.658869905705711645e+01
9.715970781265811596e+00 2.693490268308172375e+01
9.716602632710763743e+00 2.698563345433615268e+01
9.717037294229204036e+00 2.674963703859009811e+01
9.719299632375658859e+00 2.752539655241204386e+01
9.722234869298791438e+00 2.684375833959983026e+01
9.722420584526064502e+00 2.633682042041010618e+01
9.722665475682839897e+00 2.685744400556269440e+01
9.737530084331895708e+00 2.611857890996601483e+01
9.737774410706922623e+00 2.665490360717989660e+01
9.739783854042915578e+00 2.695838934881462379e+01
9.747511795701218063e+00 2.729774627891504579e+01
9.748221153925467064e+00 2.752570258479105547e+01
9.749064442131677666e+00 2.764089814627851993e+01
9.752389592420000142e+00 2.743812087395545163e+01
9.753153443513246756e+00 2.656973278681065409e+01
9.754137963730457273e+00 2.669347375254879751e+01
9.763201965235664304e+00 2.734980028308853051e+01
9.768701041894132686e+00 2.720366553714756463e+01
9.770754148197623223e+00 2.673782114883139016e+01
9.771178319501526488e+00 2.760784578818877222e+01
9.772441121445485379e+00 2.763187113598971578e+01
9.774085853096917020e+00 2.687198390155000283e+01
9.778302590934531580e+00 2.620191538850909296e+01
9.781549270423070652e+00 2.719497991240521628e+01
9.785469312707686385e+00 2.795177000710545556e+01
9.787026399439035629e+00 2.699588472256052185e+01
9.791157326909353031e+00 2.794179763786461024e+01
9.793762992631144471e+00 2.740997451717251465e+01
9.796277520020044705e+00 2.705865140758858089e+01
9.807287646793918512e+00 2.717416089754393127e+01
9.813935606678100498e+00 2.627903785675046677e+01
9.820727741476133588e+00 2.702680386633278431e+01
9.820811861141173438e+00 2.708444688633725406e+01
9.821121044260552324e+00 2.698228676495305223e+01
9.825940757906618472e+00 2.692085674006919405e+01
9.827355367495037797e+00 2.759000225065305045e+01
9.827785445631686656e+00 2.681640185081550243e+01
9.831177226705381855e+00 2.768820815915067968e+01
9.840043339127255706e+00 2.752138519613712120e+01
9.841427851913104874e+00 2.666896342095155603e+01
9.847157387528948647e+00 2.608585880127643009e+01
9.851665944633117178e+00 2.725787765639069704e+01
9.853101158217643984e+00 2.708370249203973401e+01
9.865252519588057822e+00 2.688231232040123331e+01
9.872462568711201314e+00 2.666153645740552491e+01
9.872825034133621003e+00 2.730532082330107002e+01
9.878489054715968720e+00 2.766073519956143301e+01
9.878853673424426773e+00 2.740096902127427114e+01
9.883685755884821234e+00 2.634537224437061909e+01
9.885872270088762903e+00 2.698583852834531172e+01


9.894636338575969248e+00 2.636424086822853141e+01
9.895296366735934157e+00 2.632391079571270609e+01
9.895728387515280389e+00 2.680809843598054698e+01
9.895824689472782154e+00 2.652091762275844999e+01
9.901779873601824988e+00 2.652211518838555193e+01
9.905915156044525105e+00 2.697599827432473418e+01
9.912390741111771320e+00 2.699958085247055806e+01
9.914999452317356798e+00 2.761799524650959015e+01
9.917184037526039830e+00 2.745856971510330524e+01
9.921249805558705503e+00 2.703182322005943305e+01
9.921321615905789315e+00 2.706120228471567657e+01
9.931310301482607628e+00 2.760638677553406595e+01
9.932883397700953410e+00 2.674043969714949398e+01
