3.765009266728000625e+01 3.025320167928693849e+01
3.765157102256045363e+01 3.052175328386257291e+01
3.765305928828639281e+01 3.163477311950620674e+01
3.765844711128080036e+01 3.095816344547748855e+01
3.765988562447299159e+01 3.059068374288251491e+01
3.766893918166265820e+01 3.043109307576632006e+01
3.766968008027972559e+01 3.114205378670344260e+01
3.767548827981963910e+01 3.060215025806055067e+01
3.767989401932715054e+01 3.082572769115125766e+01
3.768292018875277449e+01 3.159223151820570408e+01
3.769653862623324159e+01 3.124900545476532798e+01
3.770562514416257471e+01 3.132578592014569807e+01
3.770905660125052350e+01 3.143713006344552952e+01
3.771673368544483651e+01 3.113290800532643487e+01
3.771765057075182881e+01 3.070098766317542527e+01
3.771771978994613761e+01 3.135898457591823885e+01
3.772904387948119620e+01 3.129233545159649665e+01
3.773087097106401444e+01 3.060834955704721949e+01
3.773151424817380217e+01 3.035535688945971700e+01
3.773459748163286775e+01 3.125429424035320736e+01
3.773575747454798091e+01 3.045921391151825475e+01
3.774050296731482490e+01 3.050119002299558701e+01
3.774569358911040950e+01 3.143011777830582787e+01
3.775174230527259311e+01 3.058117133720094571e+01
3.776341785741769286e+01 3.086002917368955778e+01
3.776651640591897774e+01 3.058119692151533542e+01
3.776917452660775609e+01 3.069514267988169465e+01
3.778895024966840310e+01 3.070089527921179595e+01
3.779706092908862303e+01 3.132990900502160159e+01
3.780582096762273636e+01 3.126563453358029676e+01
3.781188174614348441e+01 3.079035014458378683e+01
3.782013647937611722e+01 3.135024361591646525e+01
3.782923456274136242e+01 3.054966952608042163e+01
3.782937115548703844e+01 3.131880730201994467e+01
3.783237533687788101e+01 3.122571972969880605e+01
3.784382546416014037e+01 3.126643495107209958e+01
3.785257778902779080e+01 3.074353356657779557e+01
3.788368988013688465e+01 3.069969761956971865e+01
3.789440423201514108e+01 3.117364702735366322e+01
3.790039288173156251e+01 3.082091778893404310e+01
3.790978518731097324e+01 3.087755741891659866e+01
3.792712719469673033e+01 3.081545421783319583e+01
3.793994458310575624e+01 3.083538779116581807e+01
3.794040567929857133e+01 3.103373043474100257e+01
3.794143031060983873e+01 3.095199254528862554e+01
3.795425446154123961e+01 3.128608361287459871e+01
3.798997709323867156e+01 3.089731505837779224e+01
3.799425261385727737e+01 3.094585814834557169e+01


3.686034512718288170e+01 3.151096718146183662e+01
3.686197688884628576e+01 3.026896543003471152e+01
3.686593816218712050e+01 3.106519028472705912e+01
3.688161605023017842e+01 3.146969123470663021e+01
3.688399271848500405e+01 3.119596771926493162e+01
3.689108057082752623e+01 3.074849785469721652e+01
3.689563536952210399e+01 3.067867483854618627e+01
3.689833164858347914e+01 3.145621631575107102e+01
3.689919039267390843e+01 3.087705121735664804e+01
3.690023426879658786e+01 3.087899615013908061e+01
3.690695101383796128e+01 3.134406370512767737e+01
3.691422864887849187e+01 3.062739768613844760e+01
3.691450379972462770e+01 3.146924332256107348e+01
3.692324699737530835e+01 3.094021995548120429e+01
3.692450280329332202e+01 3.193059744446804160e+01
3.692487873683128186e+01 3.103829555465487289e+01
3.692926868307181820e+01 3.174266029501125885e+01
3.693338285453223335e+01 3.101765194289495042e+01
3.693570338423498356e+01 3.089216360779906267e+01
3.693677329223918804e+01 3.127827765195318221e+01
3.693710056268774622e+01 3.095157246184190925e+01
3.694102161638769388e+01 3.122970702747529259e+01
3.694265857284174359e+01 3.175809423703870138e+01
3.694290576030898876e+01 3.047792343308755747e+01
3.694405974543266069e+01 3.091484650472611051e+01
3.694587578521696258e+01 3.081561902011218024e+01
3.695138911303634899e+01 3.035665810539323317e+01
3.695233751006039569e+01 3.096637632781677851e+01
3.695760960354991909e+01 3.171717472491185319e+01
3.696104273365244808e+01 3.166762296515778985e+01
3.696740525129635557e+01 3.109430380662547933e+01
3.696757828425719339e+01 3.018381894656377540e+01
3.697256144670172517e+01 3.036066390884830923e+01
3.697401753081923204e+01 3.056211837544089960e+01
3.697460102084941269e+01 3.131781944816599861e+01
3.697700256342137948e+01 3.195028508314295124e+01
3.698903521963480046e+01 3.199620656240911032e+01
3.699006983457523035e+01 3.133444797697756812e+01
3.699385380270225454e+01 3.083770735839846111e+01
3.699752370531019352e+01 3.069697049687939838e+01
3.699920686896532374e+01 3.122728217624457514e+01
3.700200056626187006e+01 3.060720566864885228e+01
3.700221972236838752e+01 3.170030394552524200e+01
3.700800135692676207e+01 3.172511689719938488e+01
3.701367588708587419e+01 3.084526268327590515e+01
3.701381314740224582e+01 3.160318795714352547e+01
3.701389278860218468e+01 3.023785571847290754e+01
3.701451906368787803e+01 3.053026758121701434e+01
3.701822945898894801e+01 3.135927933473879747e+01
3.702567689408410700e+01 3.085168364610317226e+01
3.702795647412703062e+01 3.169797855140062381e+01
3.702990520990358903e+01 3.126211537100878957e+01
3.703123419766261293e+01 3.046035164566064068e+01
3.703392532532318171e+01 3.049911367967951747e+01
3.703400189605071091e+01 3.143138941008936982e+01
3.704018718799059684e+01 3.151092975043964017e+01
3.704092855239910165e+01 3.129608604885271816e+01
3.704153207227989952e+01 3.078230822004500666e+01
3.704749686804419184e+01 3.052949771686540359e+01
3.705456727814414819e+01 3.157119879505531301e+01
3.705623834588791965e+01 3.106542097915218292e+01
3.705646723143548371e+01 3.158299307650485588e+01
3.706082999594372041e+01 3.087700189151558661e+01
3.707638936051210976e+01 3.186709871496805491e+01
3.707790737321953856e+01 3.034935685980086006e+01
3.708160271833624932e+01 3.082510716539183449e+01
3.708507642296471118e+01 3.068214330034893322e+01
3.708645078654640770e+01 3.069967822009641267e+01
3.708652692523381944e+01 3.156123946156192162e+01
3.708738734422841077e+01 3.070001144533839366e+01
3.708845518287153453e+01 3.165113029165894432e+01
3.709155295715139289e+01 3.184572895874453735e+01
3.709166345553901323e+01 3.153415555001078019e+01
3.709466882190511683e+01 3.111916140789752561e+01
3.709814308409730188e+01 3.197845017367387044e+01
3.710010355589280806e+01 3.131763285403473418e+01
3.710311849128724049e+01 3.068020487109287586e+01
3.710367996402973745e+01 3.060788060041117120e+01
3.710821384701392134e+01 3.097596019474854145e+01
3.711015054787707612e+01 3.140775750276681677e+01
3.711754367186275516e+01 3.120769985524044543e+01
3.712233912005351044e+01 3.068325451063887854e+01
3.712610919690659728e+01 3.070735526967508378e+01
3.712838950528306015e+01 3.021231213183169473e+01
3.713515311896714621e+01 3.107719221663264264e+01
3.714228416860963478e+01 3.087570676442423334e+01
3.714280758741319488e+01 3.191296194722521307e+01
3.714344451351770715e+01 3.121654710750041417e+01
3.715733606996561633e+01 3.128085725732484335e+01
3.715780271735410167e+01 3.139264723376751576e+01
3.716006229254657001e+01 3.101032736419424651e+01
3.716028916725652920e+01 3.135201468708417138e+01
3.716604248700720348e+01 3.100534435100130892e+01
3.717010186347869194e+01 3.084872110505529719e+01
3.717420099483722851e+01 3.044256690273798682e+01
3.717990508436563601e+01 3.056220359828528998e+01
3.718434020818221342e+01 3.041066070033516056e+01
3.719170653348566447e+01 3.175757800721582313e+01
3.719240267172144598e+01 3.076883566049651009e+01
3.719631940489297506e+01 3.123621828788364141e+01
3.719673948771765026e+01 3.053008409232122489e+01
3.719819645831921662e+01 3.069772229036881228e+01
3.722128368948735044e+01 3.174558046356499830e+01
3.722522064711346701e+01 3.141629328671513832e+01
3.722978924381292387e+01 3.062870288069229829e+01
3.723726128537933988e+01 3.181600958300030868e+01
3.724304140550751896e+01 3.033455298715387016e+01
3.724742178984043051e+01 3.050329552106924424e+01
3.725250031039624332e+01 3.081455797286222875e+01
3.725492075278391724e+01 3.044200267932696136e+01
3.725862040434660116e+01 3.163966433057458971e+01
3.726479074159793470e+01 3.138290629664054876e+01
3.726878257291983942e+01 3.019866212302383346e+01
3.727017599214722310e+01 3.082501540248734528e+01
3.727069629807321860e+01 3.078169679453051444e+01
3.727454626400308513e+01 3.145424404274905683e+01
3.727485086784893298e+01 3.175728152546293970e+01
3.727781397483119719e+01 3.094782660619924997e+01
3.728020412783661897e+01 3.111408208290441735e+01
3.728981332447082053e+01 3.184200679366587394e+01
3.729785258666983339e+01 3.179013507212133405e+01
3.729848793484023872e+01 3.058800695815646975e+01
3.730042316961641546e+01 3.005057824397798427e+01
3.730638835334807624e+01 3.007873871567424118e+01
3.731077764126798257e+01 3.024929921618636897e+01
3.731271842083032197e+01 3.173845602527697451e+01
3.731815171786384866e+01 3.134909353339234173e+01
3.732442254460085707e+01 3.085527896912166312e+01
3.732521225140383336e+01 3.173724962568489261e+01
3.732608325065373123e+01 3.177747668447505447e+01
3.733230698881445875e+01 3.066675818021281330e+01
3.733371637000809073e+01 3.113636431397680582e+01
3.733561095441132238e+01 3.010125914313298168e+01
3.733665210803454215e+01 3.141282026623263235e+01
3.733992213961050055e+01 3.063198154555449904e+01
3.734083418822979894e+01 3.037437590593430770e+01
3.734571235414632184e+01 3.121533517124444401e+01
3.734918940636313778e+01 3.038490078532005612e+01
3.735583351530749496e+01 3.055965606641978383e+01
3.735710483500854195e+01 3.146973923614065072e+01
3.735921212148098647e+01 3.081951553995836335e+01
3.736665370987758195e+01 3.090224497659817970e+01
3.736829620425761078e+01 3.062573387901429811e+01
3.736915669351959934e+01 3.030686105260658536e+01
3.737767132135534354e+01 3.011180310433506691e+01
3.738050980383180644e+01 3.088411828982205876e+01
3.739336033585784946e+01 3.131343252809172384e+01
3.739507579140752114e+01 3.143342343845231923e+01
3.739527936830484123e+01 3.032113533595596877e+01
3.739795312448135434e+01 3.045581027612689695e+01


3.605275120531432975e+01 3.125049574612192060e+01
3.608780594207349424e+01 3.084478156507341851e+01
3.609358594484006488e+01 3.107266252449124266e+01
3.609894435841088267e+01 3.135979685982487908e+01
3.610060678230874487e+01 3.068467976663815477e+01
3.610515640346462618e+01 3.141498405575584485e+01
3.611383012056897002e+01 3.110152892780420686e+01
3.612905691059864921e+01 3.129303667844706283e+01
3.613183144634025723e+01 3.095791073807959393e+01
3.613764619245744569e+01 3.093020328607361336e+01
3.614049561383315989e+01 3.122039926867860160e+01
3.614570347888871993e+01 3.063453908730119224e+01
3.615327532098992691e+01 3.123347321948885380e+01
3.615673743019375053e+01 3.061437821209472787e+01
3.616232637782827908e+01 3.074324777135727871e+01
3.616687373207270184e+01 3.085158465230600200e+01
3.617372818643748644e+01 3.056791439276742750e+01
3.618326200678217930e+01 3.098588386912028625e+01
3.619261286534504052e+01 3.080571450032211445e+01
3.619877765487166243e+01 3.096466892718190778e+01
3.619951407428754919e+01 3.110212062642586872e+01
3.620822501810062022e+01 3.069382528932559140e+01
3.621205469791759413e+01 3.044802917337280235e+01
3.622042684713940730e+01 3.051393831655776623e+01
3.623111081311363790e+01 3.124191338072196800e+01
3.624069141177334785e+01 3.152649086188452188e+01
3.624419097102197185e+01 3.061779779297375370e+01
3.624804921743824337e+01 3.053658662165808835e+01
3.624923500268337051e+01 3.120797635548216320e+01
3.625925981805690412e+01 3.089671130363433349e+01
3.625962739696296211e+01 3.150481259583774118e+01
3.626399532539971915e+01 3.061398623795767193e+01
3.626821953039829793e+01 3.124606588068791524e+01
3.627021306709761461e+01 3.118484130398594445e+01
3.627840117108055296e+01 3.100093499778342832e+01
3.628627310645695303e+01 3.064889386901828772e+01
3.629051279002356978e+01 3.103943220770694111e+01
3.630533215553400339e+01 3.164608128525448549e+01
3.630996965096871065e+01 3.131258099439973819e+01
3.632277424061449977e+01 3.108177706201784218e+01
3.634368923749398306e+01 3.137234315422212561e+01
3.634616731946148604e+01 3.039129390012571008e+01
3.635566735646095538e+01 3.104990739691814028e+01
3.635698833575277433e+01 3.074438376908836190e+01
3.635851141028290101e+01 3.146081135528825357e+01
3.635890276255818776e+01 3.108778280967994334e+01
3.636626851514773762e+01 3.079135233681378736e+01
3.636761725182424954e+01 3.117240644033800478e+01
3.637529006525394237e+01 3.027932561627716979e+01
3.638055608723029621e+01 3.145861447779934394e+01
3.638627037498882544e+01 3.133464312758098913e+01
3.638643822059837163e+01 3.148217001727306297e+01
3.638710653557121333e+01 3.102811653828432625e+01
3.639160513764764460e+01 3.104214044946815676e+01
3.639328876439386562e+01 3.068961278030706907e+01
3.639749711232094853e+01 3.122577227499963115e+01
3.640109703093758498e+01 3.110067062634157509e+01
3.640341479501552158e+01 3.033511305480482179e+01
3.640592778686476549e+01 3.061309174045564063e+01
3.641092348847514870e+01 3.022158469097903222e+01
3.642476999541300131e+01 3.130711433386720444e+01
3.643097721781172282e+01 3.083540072358036710e+01
3.643229007852825418e+01 3.080165479769427961e+01
3.643429146103983385e+01 3.025782817398089364e+01
3.643519914074938981e+01 3.119318338607055097e+01
3.643732067063211133e+01 3.093139626168618506e+01
3.645110827546972132e+01 3.077322511624032231e+01
3.645238715493867687e+01 3.024636496760233229e+01
3.646203467518781594e+01 3.058998969291267045e+01
3.646486798236303173e+01 3.168696922963814799e+01
3.646617405099227938e+01 3.040989631021500372e+01
3.649500176382542804e+01 3.073275128647485843e+01
3.649602886742278685e+01 3.097249084238093175e+01
3.652299071310380185e+01 3.026684874913309642e+01
3.652327616009368683e+01 3.185617856193329089e+01
3.653436700820767413e+01 3.178096252830833279e+01
3.653578320434846916e+01 3.170657235334025970e+01
3.654096781357456791e+01 3.094374197594573062e+01
3.654228847825640258e+01 3.057656396641932162e+01
3.654380097257002546e+01 3.067916419917554194e+01
3.654702456964809443e+01 3.156095085767693931e+01
3.655419812453360606e+01 3.086965264887665938e+01
3.655768292559653787e+01 3.136252084124394557e+01
3.656737677262719188e+01 3.035919884172803052e+01
3.657174529286184139e+01 3.168298543878961127e+01
3.657300859102836199e+01 3.164040642072672682e+01
3.657306386890552119e+01 3.134905038689612056e+01
3.657646695900176326e+01 3.065785792409740296e+01
3.657842348014133194e+01 3.150963779577134005e+01
3.658005244096714392e+01 3.161476668391158640e+01
3.658201325425093842e+01 3.021688311260250259e+01
3.658327096214572549e+01 3.054842581525924317e+01
3.659889217682660245e+01 3.077453555989302103e+01
3.660338921065993389e+01 3.107646808086170509e+01
3.660652465374522535e+01 3.052701267000041341e+01
3.661397599843083128e+01 3.154387088228158831e+01
3.661737373719294908e+01 3.064574078885081576e+01
3.662005789774758568e+01 3.085258479915348673e+01
3.662463126574787253e+01 3.019644752826664202e+01
3.662939788981226030e+01 3.181332864636103253e+01
3.663500442209161179e+01 3.018269862808525517e+01
3.664201038047516334e+01 3.163991360837830769e+01
3.664225248061535467e+01 3.137525189483259780e+01
3.664610009154428383e+01 3.149702674512164080e+01
3.664929429889367185e+01 3.123100685116611430e+01
3.665700209261832043e+01 3.123924163290240941e+01
3.666511435659418083e+01 3.090862402699655931e+01
3.667285887405043354e+01 3.075670565477419061e+01
3.667536909940135104e+01 3.073871995609099628e+01
3.667541382606162159e+01 3.071329272438019942e+01
3.667868207857293328e+01 3.163831513487636471e+01
3.667893613931378383e+01 3.150591892766742674e+01
3.668800832053261729e+01 3.048232315230261591e+01
3.669150729404381650e+01 3.155972024334717929e+01
3.669475498107244249e+01 3.050114965010438794e+01
3.670335548714884055e+01 3.050295420907397670e+01
3.671710794997031257e+01 3.053903656431188196e+01
3.672043353060482929e+01 3.071767823900112049e+01
3.672334564381580435e+01 3.038325079772127069e+01
3.672652737373210385e+01 3.177129534804843303e+01
3.673058953021127593e+01 3.062908363636015352e+01
3.673550738188109932e+01 3.051489971174659033e+01
3.673793529573234906e+01 3.069074781708362920e+01
3.676163947884504068e+01 3.124439381768085511e+01
3.676422864014913472e+01 3.166864844535536250e+01
3.676566039924659179e+01 3.066887425744592477e+01
3.676969332223496423e+01 3.029936689369364444e+01
3.676988990981331540e+01 3.030519856767003972e+01
3.678097361276206811e+01 3.145706828994182302e+01
3.678501327238790708e+01 3.183106481494641571e+01
3.678734450459403860e+01 3.074974008049901997e+01
3.679055142487720076e+01 3.186393028061989341e+01
3.679761026682957237e+01 3.072763548309108117e+01
3.680019371089321822e+01 3.105019194985145248e+01
3.680368861578788398e+01 3.033579141154488923e+01
3.681801420163792216e+01 3.186682633131901099e+01
3.682105265168420516e+01 3.063538812061181460e+01
3.682154205020162863e+01 3.162658569481658688e+01
3.683321615213997546e+01 3.113227795587808089e+01
3.683351104974936163e+01 3.152144571552888408e+01
3.683389809444526009e+01 3.073851298366109575e+01
3.683485844252066244e+01 3.105531631110174473e+01
3.683773025545679047e+01 3.149392788477940996e+01
3.683832598570418071e+01 3.160270475912134103e+01
3.684331114232571736e+01 3.167545142231902489e+01
3.684443119496305030e+01 3.084756796450856697e+01
3.684563830060140077e+01 3.107708553902749671e+01
3.685436053020254832e+01 3.121005194548439476e+01
3.685498921411312523e+01 3.135726690979343090e+01
3.685599264769135885e+01 3.039693686192025979e+01


2.782315785693587884e+01 2.964112681528395754e+01
2.783105956005702453e+01 3.050104200019901057e+01
2.783318701574777876e+01 3.061382461725797910e+01
2.783608781392284826e+01 2.926602251899220164e+01
2.784178013186350142e+01 3.067925510759108931e+01
2.784387856472398326e+01 3.094117347207667024e+01
2.784835494278926760e+01 2.972245416811185947e+01
2.784902431195106232e+01 2.917289382137105136e+01
2.785383377468354382e+01 3.070670033385629694e+01
2.785445141605327990e+01 2.916031352935683074e+01
2.786125026613670741e+01 3.016154008226357064e+01
2.786255907554357236e+01 2.978644657680668217e+01
2.786765890076620877e+01 2.978419236454393371e+01
2.786954809764302254e+01 3.012617337451485611e+01
2.787025141721648680e+01 3.033603711947033332e+01
2.787181496603057340e+01 2.944786116184588209e+01
2.788384142689230316e+01 3.033633703724261821e+01
2.788436044787890111e+01 3.019058500826940872e+01
2.788782168759409785e+01 2.943401369266359779e+01
2.789150130882852707e+01 2.974145120389775343e+01
2.789219955926613892e+01 2.966095464535947102e+01
2.789345355798188564e+01 2.908164637617629111e+01
2.789764274156584278e+01 3.091139195332393541e+01
2.790077807832672008e+01 3.032697633835945794e+01
2.790084418135241151e+01 2.973867171466713089e+01
2.790334132622687946e+01 2.954263361867646154e+01
2.790499875345589587e+01 3.027066215710015484e+01
2.790826754428697498e+01 3.080529236916907010e+01
2.791234799671088140e+01 3.084597308169048446e+01
2.791287537234509131e+01 2.961439828826459575e+01
2.791345897195070691e+01 2.916297869040934998e+01
2.792264205549042444e+01 2.937319497411234437e+01
2.793045652352846986e+01 3.052958236536493430e+01
2.793680046834285235e+01 2.931899150991331737e+01
2.794635610416398919e+01 3.010235322826548199e+01
2.794718695759911498e+01 2.930017102440659471e+01
2.794853772111968127e+01 3.092405380994965114e+01
2.795211402701139036e+01 2.931672323954890658e+01
2.795496066546641600e+01 2.940034283499119283e+01
2.795840630879844824e+01 2.946230754964442511e+01
2.796073603522178175e+01 2.923014540840132724e+01
2.796542162123880004e+01 2.988237745135860024e+01
2.796994840336405019e+01 3.005630479356275586e+01
2.797235454283575962e+01 2.940730608242532895e+01
2.797395951116202895e+01 2.903145065582389250e+01
2.797427667731543011e+01 3.068961242890927466e+01
2.797508314304717558e+01 3.061276624702881222e+01
2.797547737789463085e+01 2.934188077741433887e+01
2.797907878666213577e+01 3.037046388171927447e+01
2.798074954675021075e+01 3.009459853727982903e+01
2.798160734455325027e+01 3.051102204457723488e+01
2.798328221870956867e+01 3.077930126620392315e+01
2.799388470652869643e+01 3.020816852764196980e+01
2.799639922002782910e+01 2.988293081311518051e+01
2.799908061848911345e+01 2.937916362442200580e+01
2.800054654008891930e+01 2.946739736206505711e+01
2.800152508971352106e+01 3.019973287065506184e+01
2.801175111555840402e+01 2.903331618255255364e+01
2.801649067512835956e+01 2.994834372509304998e+01
2.801764149762069067e+01 3.002148771293696328e+01
2.802126340827347306e+01 2.977025054935733905e+01
2.802748325719425182e+01 2.940521737368102961e+01
2.803174097676164322e+01 3.030586731000179412e+01
2.803344357968066092e+01 3.020618918898151861e+01
2.803534520280350861e+01 3.056089743661817337e+01
2.803781032187312405e+01 2.916179081848055432e+01
2.803906720232270899e+01 3.088081752265047797e+01
2.804181781360268033e+01 3.062286060293543599e+01
2.805443505868322518e+01 2.997120117981396703e+01
2.805665656001330888e+01 2.972702623755743190e+01
2.805673647351563105e+01 3.008876403309356107e+01
2.805783307405606308e+01 2.936908485679264658e+01
2.806501279528309922e+01 3.027053918022740220e+01
2.807004514757427316e+01 2.987336161229196918e+01
2.808042577854156008e+01 3.068508085094715554e+01
2.808126892612170522e+01 2.940094316451547130e+01
2.808404805221444533e+01 2.915619678070131826e+01
2.808998239486310666e+01 3.038747827867425855e+01
2.809242427683886589e+01 2.933303819243050370e+01
2.809756507764892675e+01 2.996669481818897296e+01
2.810046645347651761e+01 3.045305839986102825e+01
2.810105882472855043e+01 2.980529583540388572e+01
2.810218501536187574e+01 3.049488542459002360e+01
2.810503803078178109e+01 3.004188508674667446e+01
2.810665558346545367e+01 2.971621344897784667e+01
2.811035400512851723e+01 3.036202417693271727e+01
2.811060756052417275e+01 2.991944818712837417e+01
2.811843387528163518e+01 3.006146991164008497e+01
2.812602042828198279e+01 3.000792038284628660e+01
2.812638294459922150e+01 2.972127153307545555e+01
2.813104565080870145e+01 3.006237971511466966e+01
2.813449896950363893e+01 2.938490326353078430e+01
2.813685376608226818e+01 2.944159653347769989e+01
2.814021210693373121e+01 3.008899742140073386e+01
2.814500841605040549e+01 2.938542134412579188e+01
2.814518546556216805e+01 3.071382007780720613e+01
2.814659799275776564e+01 3.060659419257605762e+01
2.814683644021685183e+01 2.994357754807998262e+01
2.814791125873510325e+01 3.094998115090004731e+01
2.814797354782590233e+01 2.907395587714333374e+01
2.815231413370501912e+01 2.993162570996518923e+01
2.815596855053379599e+01 3.004466174085483487e+01
2.815704110090908685e+01 2.937329782805366207e+01
2.815772721548222890e+01 2.995242695910171804e+01
2.815944117930764889e+01 3.087546897573040638e+01
2.815968576472198848e+01 3.030374791478359953e+01
2.816802562178929037e+01 3.068603289476481422e+01
2.817528047957682702e+01 2.918763677867859840e+01
2.817769044088032615e+01 2.998804581713205053e+01
2.818886046797515732e+01 3.026465292718998512e+01
2.820361719524729693e+01 3.026238313787968792e+01
2.820465025886116095e+01 2.927165713925711188e+01
2.820685541331367929e+01 2.937085473827223936e+01
2.820764297323892578e+01 3.024454149279286597e+01
2.821074615650487161e+01 3.009891210757476898e+01
2.821165070304163081e+01 3.029757953068890330e+01
2.821253167193508915e+01 3.062955043801896693e+01
2.821687124140957437e+01 3.082145115557663217e+01
2.821693825162316571e+01 2.905005375755041896e+01
2.822013817946839254e+01 3.066471987746406924e+01
2.822376215199485472e+01 2.939633979109235895e+01
2.822522198280809391e+01 2.963818085887545095e+01
2.822961406295754472e+01 3.086178034344483834e+01
2.823470866403237522e+01 2.906424215900737096e+01
2.823627572601758473e+01 3.019128491777528467e+01
2.824027162050309059e+01 2.938257942312986870e+01
2.824766200987525266e+01 2.932894400817937353e+01
2.824918958055590323e+01 3.045251197634175711e+01
2.824931381030401667e+01 3.082064840070471945e+01
2.825008275995088169e+01 3.065558568594953925e+01
2.825009157347716382e+01 3.013070014941424191e+01
2.825167928827815089e+01 3.031891469265616834e+01
2.825646671857494141e+01 3.017532887217659621e+01
2.825871641382003929e+01 2.967978011449138265e+01
2.826704331367361078e+01 2.997295285691996725e+01
2.827274239732022565e+01 3.024602381999937251e+01
2.827308532324278190e+01 2.989808772806969017e+01
2.827662947375783986e+01 3.035669095496003678e+01
2.827882026750935651e+01 2.986603633435676386e+01
2.828578065491583260e+01 2.978398042491606290e+01
2.828806239402977596e+01 3.095510801786238275e+01
2.829245213805560866e+01 3.027230672936902067e+01
2.829877398309628234e+01 2.985552430327869899e+01
2.829978987543430691e+01 2.954783907573694890e+01
2.830204161161513454e+01 3.053372419899196899e+01
2.831270932876486057e+01 3.087638230730502542e+01
2.831708025283116825e+01 2.991463748917875165e+01
2.832569501893263819e+01 3.040897753217872079e+01
2.832831648783488276e+01 3.039658635222319560e+01
2.833795186431279944e+01 2.907831176774538662e+01


1.796413826122343238e+01 3.198017326721392450e+01
1.796799322804487531e+01 3.273822272758831531e+01
1.797024297045192753e+01 3.151300520512456060e+01
1.797207805559628113e+01 3.172805827346084229e+01
1.797290652900035823e+01 3.171327381680325885e+01
1.798468987249035678e+01 3.110639550993248292e+01
1.798506766313597893e+01 3.224285311052568659e+01
1.799328736825763997e+01 3.156864520215539827e+01
1.799612096832624886e+01 3.270034399735190078e+01
1.799616449926453399e+01 3.213799840212415404e+01
1.799827366703881637e+01 3.217024230046877875e+01
1.799831134874605354e+01 3.193452547850522905e+01
1.800923039901746492e+01 3.151494170128882999e+01
1.801209459011771585e+01 3.160823504639627046e+01
1.801409542124475749e+01 3.114632985003482801e+01
1.802180117803760595e+01 3.128917036271414176e+01
1.803038146163536481e+01 3.206339124068832547e+01
1.803301652971297031e+01 3.127483735047739799e+01
1.803461563475782015e+01 3.145137486915550440e+01
1.803723527978237584e+01 3.171432171308567405e+01
1.803959893718019813e+01 3.150811109983587244e+01
1.804224960065918282e+01 3.133637243031997244e+01
1.804445260108242266e+01 3.288041374202462208e+01
1.804465134059483944e+01 3.295734338221198101e+01
1.804726091683698996e+01 3.187542896392044867e+01
1.805721766656472127e+01 3.174272433764895140e+01
1.805749637074561065e+01 3.275102355646431818e+01
1.805913619977794937e+01 3.255681124269820259e+01
1.807711466961026403e+01 3.259145536699829648e+01
1.807847015227616438e+01 3.103489318851243084e+01
1.807853692456709283e+01 3.193771934317740246e+01
1.807897359266977944e+01 3.272306732494649140e+01
1.808653001911497427e+01 3.206775946417166523e+01
1.808925646911101026e+01 3.166450369415556310e+01
1.809030587187484684e+01 3.229054340185616923e+01
1.809415156192360996e+01 3.264522431770868849e+01
1.810363176276956665e+01 3.213038434204433003e+01
1.810474682601527263e+01 3.147944544984981263e+01
1.811189463937538591e+01 3.114615850153128918e+01
1.811678422694224011e+01 3.207908918915762086e+01
1.812921145438111381e+01 3.204994813238366191e+01
1.813329720245487309e+01 3.222526954735821647e+01
1.813852268291857328e+01 3.106551910020393592e+01
1.813893448354283677e+01 3.255103061820616261e+01
1.814201244827341242e+01 3.161750250959274666e+01
1.814615490398925957e+01 3.264265626010890031e+01
1.814667746866776454e+01 3.229083118843281142e+01
1.814898252694788994e+01 3.273152011775175652e+01
1.815602126429167384e+01 3.234481941020433737e+01
1.815701718757362570e+01 3.208003948283732853e+01
1.815747935560684923e+01 3.234668384404210428e+01
1.815763442942820305e+01 3.201276763557412863e+01
1.816254799417685106e+01 3.119441811214719351e+01
1.816479505777762782e+01 3.167155764027435083e+01
1.818027669342917108e+01 3.267570792375473587e+01
1.818029857991401599e+01 3.197814097775081876e+01
1.818504488914175710e+01 3.221551031467200943e+01
1.818657869313868858e+01 3.259183562434624548e+01
1.818848185210931945e+01 3.245624447059235962e+01
1.818934848703574403e+01 3.259099497161417958e+01
1.819344163527153668e+01 3.241967186699393721e+01
1.819863260134557947e+01 3.229512470864143125e+01
1.820317102185919822e+01 3.243981653633206719e+01
1.821317649340598166e+01 3.263461975838298201e+01
1.821566278428199226e+01 3.249298326185363806e+01
1.821746815351747628e+01 3.247173398823104407e+01
1.822846827730548114e+01 3.284648527044067379e+01
1.822991202352459794e+01 3.230054334197829036e+01
1.823207075421323609e+01 3.166659412689562814e+01
1.823862874117364541e+01 3.138987375565326943e+01
1.823959928944569953e+01 3.119363681456066217e+01
1.824318634655713467e+01 3.284592398567919247e+01
1.824548334632056523e+01 3.282549448784747170e+01
1.824571110021063092e+01 3.106920508229407218e+01
1.824930943595510868e+01 3.169796554181535342e+01
1.825402047756425361e+01 3.165299473466101077e+01
1.825867580910177423e+01 3.162587792739948611e+01
1.826052613901193666e+01 3.271243750933973615e+01
1.826251095060245078e+01 3.234454753119849357e+01
1.826431088798739921e+01 3.141887558751923493e+01
1.826596595942782031e+01 3.191523440691968716e+01
1.826653564144030284e+01 3.126234658930888344e+01
1.827163744629746489e+01 3.272825784655218939e+01
1.827214473367909164e+01 3.192835945141087350e+01
1.827819631106220655e+01 3.159193340941876826e+01
1.828398643263583168e+01 3.224921614973449380e+01
1.829147817738172677e+01 3.250247284716040497e+01
1.830491506491081921e+01 3.182383470833027062e+01
1.831008980920778129e+01 3.223209684022879884e+01
1.831286097889982756e+01 3.218344454022935253e+01
1.831911434976160535e+01 3.195424803793255819e+01
1.832033501568223244e+01 3.269028466568003921e+01
1.832203986775036952e+01 3.290350493592747227e+01
1.835332530868035406e+01 3.274267968358999781e+01
1.835387300342595651e+01 3.268594246169919870e+01
1.835878264412800931e+01 3.109987528906973608e+01
1.835973789634391551e+01 3.181715643384540115e+01
1.836248618402658650e+01 3.190862240290924490e+01
1.836726922081703606e+01 3.149852696597445600e+01
1.836735443143168212e+01 3.122363685507125197e+01
1.837160971755876560e+01 3.244355957279674385e+01
1.837218606176361746e+01 3.233434114849924157e+01
1.837455334787830452e+01 3.239123123104918989e+01
1.837724630914885537e+01 3.123085861914709227e+01
1.837837621795484466e+01 3.178780220110316534e+01
1.838564003773646860e+01 3.155573520717664593e+01
1.838794474791925992e+01 3.159652914144006886e+01
1.839430201296587342e+01 3.163158023900566107e+01
1.839829301358605207e+01 3.226572310287964740e+01
1.839842019035330623e+01 3.270449154999772645e+01
1.840142477966461954e+01 3.260574498955710965e+01
1.840199806079298384e+01 3.130071682979160386e+01
1.840705262866858050e+01 3.150138276192911491e+01
1.841001036997279883e+01 3.270482465878963296e+01
1.841427100085332924e+01 3.250619479088833685e+01
1.841794055691401155e+01 3.128443579955806442e+01
1.841957085705423580e+01 3.220387415301242129e+01
1.842387687460631085e+01 3.153435421677882644e+01
1.842677125858727294e+01 3.267935403882253809e+01
1.842690614950821981e+01 3.138599577935555374e+01
1.842930495441126482e+01 3.159549510719764598e+01
1.842996068506446150e+01 3.174672827948604592e+01
1.843396218694254785e+01 3.214702930015178595e+01
1.843945479968070345e+01 3.243630018191793596e+01
1.844475376813844747e+01 3.169349716762639346e+01
1.844593720082711741e+01 3.141627533495523039e+01
1.844874147231634254e+01 3.178513188788125987e+01
1.844890006292486362e+01 3.161709195419547314e+01
1.844924559053323776e+01 3.143316688307627871e+01
1.845159838665595231e+01 3.192548457904716841e+01
1.845370875174502601e+01 3.218179749988707528e+01
1.845715120606375592e+01 3.158871531258661491e+01
1.845717887885257724e+01 3.184735218086775888e+01
1.846640080042449128e+01 3.162889630205300762e+01
1.847115237058384096e+01 3.133476809127370544e+01
1.847418558326998550e+01 3.179984699468519693e+01
1.848345461253560273e+01 3.150862877246795080e+01
1.849083645429129774e+01 3.113115507908208102e+01
1.849571356107492903e+01 3.253928998641372061e+01
1.849914096774859118e+01 3.274834564848648455e+01
1.850234824709106007e+01 3.194088500599037062e+01
1.851199332703616918e+01 3.214745265722305589e+01
1.851403516444946007e+01 3.274281909103659416e+01
1.851603907856218356e+01 3.137112265095495189e+01
1.851658664774605612e+01 3.154384481241578797e+01
1.852039668649710791e+01 3.207500136655713163e+01
1.852066442085966003e+01 3.173681520200526762e+01
1.852088131261795567e+01 3.190274533061214868e+01
1.852148783741753491e+01 3.213267016952337940e+01
1.852502208217313751e+01 3.268133986925179357e+01


1.703735140399393799e+01 3.201296047891862173e+01
1.703925676455101268e+01 3.218055862062084316e+01
1.705137361671120999e+01 3.228589775964384501e+01
1.705438654050796643e+01 3.194704677638866386e+01
1.705523018760927556e+01 3.183588538272595159e+01
1.707394709225548368e+01 3.224621618705452875e+01
1.707742322862451445e+01 3.171520443545056267e+01
1.712497299902772241e+01 3.237997279621767888e+01
1.713742710186936691e+01 3.172361071499971885e+01
1.716768593001000198e+01 3.184317107158555871e+01
1.717497694592229607e+01 3.210671794476522223e+01
1.718551117209250023e+01 3.216169787740651032e+01
1.719723696605239738e+01 3.259044580785047174e+01
1.721063722734986356e+01 3.218154949215788463e+01
1.722958824831841085e+01 3.137798899462913838e+01
1.724102515203322383e+01 3.199109688204366364e+01
1.724669598942239190e+01 3.264191233771983747e+01
1.727093983456304116e+01 3.132175249462373401e+01
1.727300066587519467e+01 3.201096981800930052e+01
1.727531042192009991e+01 3.238485278989363536e+01
1.727845543599267941e+01 3.198001938392624766e+01
1.728866269236100450e+01 3.247244142611011597e+01
1.729127169405211006e+01 3.218954891183771849e+01
1.731185616253111448e+01 3.185585083446292387e+01
1.731336188981611102e+01 3.130071085816943111e+01
1.732444766085138710e+01 3.240310393294873137e+01
1.734104328430310105e+01 3.264398029786600830e+01
1.734810181807272045e+01 3.265091132590725209e+01
1.734893096844805171e+01 3.136957098397586563e+01
1.735868443907036962e+01 3.189228693733173259e+01
1.736277630286830131e+01 3.147496135861362632e+01
1.736582886462997521e+01 3.229314043329291195e+01
1.736927674560214641e+01 3.190411320433372211e+01
1.738769658647283478e+01 3.128091622090743940e+01
1.739149927815704899e+01 3.159965915819160642e+01
1.739258577568321229e+01 3.177658116149673972e+01
1.739702817803341617e+01 3.227865548458175482e+01
1.741974093472375884e+01 3.196273897421263754e+01
1.742671920544997732e+01 3.161389172301156592e+01
1.742841276799121175e+01 3.127343484406311092e+01
1.743089906442215309e+01 3.239248726689843494e+01
1.743581997853609522e+01 3.153186013664799603e+01
1.743783009581011001e+01 3.155735173826969486e+01
1.743801254624343144e+01 3.160045017924266375e+01
1.745756324695442174e+01 3.267726603984382194e+01
1.746635156504791198e+01 3.168909283464413207e+01
1.746719237102444211e+01 3.150431767523237525e+01
1.747193617560923329e+01 3.182259902303812638e+01
1.748316119588669437e+01 3.206064309393079270e+01
1.749358341845672982e+01 3.186411007705246945e+01
1.749375857291530778e+01 3.227401149109786616e+01
1.751098493385402932e+01 3.204056273300376745e+01
1.751262831080231663e+01 3.141031170588912858e+01
1.751631922140536446e+01 3.230027648931294237e+01
1.753542144419394688e+01 3.203872561330381785e+01
1.754257574672470454e+01 3.173159640641777912e+01
1.754554835463332196e+01 3.188559197352012831e+01
1.754918170028744484e+01 3.160533136849380398e+01
1.755501351026309820e+01 3.246647558688226098e+01
1.756436154119782600e+01 3.264386017931344242e+01
1.756769541555188141e+01 3.158311941864143080e+01
1.756934413396233907e+01 3.243841374758565621e+01
1.757543385917153245e+01 3.284125041961929270e+01
1.758443512113489859e+01 3.231026114492340184e+01
1.759372520462727252e+01 3.213536018140252537e+01
1.759500142902352593e+01 3.201300217929113501e+01
1.759548591428261943e+01 3.264736341089451344e+01
1.760509072770116390e+01 3.116741690127565434e+01
1.760675995729479837e+01 3.243144571388950936e+01
1.761166453581300928e+01 3.182531120014136405e+01
1.762834120796468795e+01 3.187275718127023083e+01
1.764811282055786279e+01 3.203613083076588453e+01
1.766969706409161489e+01 3.266517132091599507e+01
1.767028671191316747e+01 3.132797153769469034e+01
1.767177871845910886e+01 3.143220302632163055e+01
1.767370336526936470e+01 3.226712705547634386e+01
1.767576052480963611e+01 3.284117599475929694e+01
1.768170539598048308e+01 3.150015473674586275e+01
1.768768229160860272e+01 3.294587927059207999e+01
1.768846920220871155e+01 3.150474460846603009e+01
1.769098058847735899e+01 3.189249195833402695e+01
1.770388797229928812e+01 3.287752962246490540e+01
1.770792183227975514e+01 3.172214938604130907e+01
1.771644353070773903e+01 3.159842052395970668e+01
1.771672516744101600e+01 3.283593816546719779e+01
1.772114416226114031e+01 3.160648613773705762e+01
1.772333975196481504e+01 3.205166773426306293e+01
1.772633372378215100e+01 3.182839026662995252e+01
1.772735016444725176e+01 3.287423672264049657e+01
1.772899224786156580e+01 3.154763202644195275e+01
1.772953327491181241e+01 3.276879662910498325e+01
1.773109112859507874e+01 3.224063174564778933e+01
1.773136730536894135e+01 3.256150638697993571e+01
1.773863744507070805e+01 3.132888659203287673e+01
1.774526190351813426e+01 3.108029388626458456e+01
1.774535964261818322e+01 3.255380335046066875e+01
1.774819399723346081e+01 3.148210484470605763e+01
1.774988476336710264e+01 3.203835601710225234e+01
1.775089288381217401e+01 3.111453009494892896e+01
1.775604285698541673e+01 3.231831804990616064e+01
1.775684517716385713e+01 3.264428361350159236e+01
1.776246259288404516e+01 3.135975482483192422e+01
1.776719292189614308e+01 3.177660704046099482e+01
1.777503547761102354e+01 3.158594601667417834e+01
1.778071122733394915e+01 3.297281549118733324e+01
1.778472051762770789e+01 3.247047658136858672e+01
1.778597324424888271e+01 3.226728103794832236e+01
1.778736364081343169e+01 3.165425629339434721e+01
1.779795050689721592e+01 3.112221604788122065e+01
1.779985854992340322e+01 3.252586570713385328e+01
1.781602164423953738e+01 3.297060353395271903e+01
1.782123900097246860e+01 3.241694459097923442e+01
1.782352834036585776e+01 3.103927093531516945e+01
1.782510705641724158e+01 3.224378031425919033e+01
1.782862169541715147e+01 3.134906661302507658e+01
1.783601556484950734e+01 3.237523490547145855e+01
1.784247618420903336e+01 3.121516351559735014e+01
1.784323778967634766e+01 3.185996580613904783e+01
1.784357673418090329e+01 3.283417356853942692e+01
1.784411589673903009e+01 3.185660081415924338e+01
1.785059874537254743e+01 3.105483467236537365e+01
1.785083850024356522e+01 3.189260304291547854e+01
1.785553275782316618e+01 3.162034487626594981e+01
1.786280734570224027e+01 3.257847573907213246e+01
1.787144300917536555e+01 3.269930808234404651e+01
1.787213154555231398e+01 3.164373917727315799e+01
1.787549382030998402e+01 3.186411061355450514e+01
1.787608395999036404e+01 3.135029563840124567e+01
1.788640683565429867e+01 3.231510219385295812e+01
1.790145161607552282e+01 3.168070283841597856e+01
1.790640616064870727e+01 3.221620030487559205e+01
1.790656802683006532e+01 3.231515340859468211e+01
1.790679528989786462e+01 3.136646577605397823e+01
1.790728718285659227e+01 3.145858730209148035e+01
1.790952411829322344e+01 3.175377380090539958e+01
1.791138164841770930e+01 3.157775166693364355e+01
1.791160976088410450e+01 3.131667344330111646e+01
1.791816459852184451e+01 3.255308088019289414e+01
1.791900838668253471e+01 3.216250182312816008e+01
1.793371374351609759e+01 3.239803556716333333e+01
1.793881721038084009e+01 3.299791013073049584e+01
1.794267300675081955e+01 3.285894117633770861e+01
1.794486640364175400e+01 3.160519750581547171e+01
1.794617479598130672e+01 3.194688800702059694e+01
1.794756606115858943e+01 3.182691770518952268e+01
1.794925921585430473e+01 3.136999682330356265e+01
1.795075209307885444e+01 3.152694812919637357e+01
1.795273323906116758e+01 3.201498015746818027e+01
1.795354196802289337e+01 3.209057662885926021e+01
1.795461111484887695e+01 3.185345179114396785e+01


1.435858278871849514e+01 3.229543458081344198e+01
1.436121466199951868e+01 3.207902503661323834e+01
1.436136675946819352e+01 3.280931865536149417e+01
1.436401036306439316e+01 3.208955609649233054e+01
1.437033036711680722e+01 3.262134418838393657e+01
1.437225976338676681e+01 3.268354956800330768e+01
1.437450842329607426e+01 3.171613491889945280e+01
1.437985447369112002e+01 3.263942547617610046e+01
1.438045236964227769e+01 3.258076165131617330e+01
1.439286776790612699e+01 3.108540924293336971e+01
1.439571887469661071e+01 3.238552092327826415e+01
1.439600383888170398e+01 3.233140527035339318e+01
1.440066247643911268e+01 3.184561216570870457e+01
1.440079732177832206e+01 3.286710487075493603e+01
1.440102183215187281e+01 3.180022680871163132e+01
1.442535651541660258e+01 3.288951199072337062e+01
1.443701729227221442e+01 3.224009011330198859e+01
1.444583465663426658e+01 3.191813482470450936e+01
1.444965439707429056e+01 3.279602927101091581e+01
1.445064638915290445e+01 3.209006689770664877e+01
1.445658219379616227e+01 3.187485221935234847e+01
1.445773977963332158e+01 3.243582055734626124e+01
1.446047087696443967e+01 3.185678319991452412e+01
1.446875774718881402e+01 3.205474269190569458e+01
1.447316072713702084e+01 3.117992413392341433e+01
1.447640427361526960e+01 3.162689881434544148e+01
1.447824097545331945e+01 3.194645562438180875e+01
1.448380933503183243e+01 3.137609711835705539e+01
1.449398943812245300e+01 3.113368866388337253e+01
1.449786259909205199e+01 3.187979123089017008e+01
1.449847858020805091e+01 3.147262848226391085e+01
1.450068138035454268e+01 3.159986536455404504e+01
1.450379900134302602e+01 3.251982040477245306e+01
1.450952587029751584e+01 3.159196242552048162e+01
1.450982515429529229e+01 3.220078536808448177e+01
1.451075296796308933e+01 3.147675345012495285e+01
1.451247767922585830e+01 3.128363243917473113e+01
1.451363285727659580e+01 3.123097978964538513e+01
1.451538530933790128e+01 3.156802594609337476e+01
1.451623331466054090e+01 3.172709201419311142e+01
1.451728574701234997e+01 3.149160628213034130e+01
1.452145049087118167e+01 3.155073676681866957e+01
1.452196432686703531e+01 3.212413910276102058e+01
1.453072239364342444e+01 3.270554577845550881e+01
1.453125455364648033e+01 3.175983826667938459e+01
1.453416725223318373e+01 3.223235319738881088e+01
1.453438301757432605e+01 3.231415170273847792e+01
1.454174565093271276e+01 3.260434313240558879e+01
1.454584471658339950e+01 3.123793172265532547e+01
1.454786680939609766e+01 3.251403408986076471e+01
1.455090584467262182e+01 3.161075615399565919e+01
1.455154910044974415e+01 3.197708355010983183e+01
1.455497171196872230e+01 3.189655276321838429e+01
1.455506554113165940e+01 3.282545626832582997e+01
1.456097313139510163e+01 3.249095763105776768e+01
1.456488597575209454e+01 3.199925680287483587e+01
1.457972763730824539e+01 3.146374820047909182e+01
1.458425109150255139e+01 3.273297137630627418e+01
1.458522054835866477e+01 3.260730118434805291e+01
1.458898953157100919e+01 3.122625869170790480e+01
1.459320655064808037e+01 3.231355724865654366e+01
1.459336952791401920e+01 3.258920426606303522e+01
1.459479837175754469e+01 3.187449654866839310e+01
1.459724875374683783e+01 3.242589661709023119e+01
1.460048383019576512e+01 3.162717362817657119e+01
1.460095582173322448e+01 3.232736768760547363e+01
1.460791064525158411e+01 3.184810121225184787e+01
1.461587149655641049e+01 3.149130992261811457e+01
1.461848296545771042e+01 3.160265873940983639e+01
1.462050517099759084e+01 3.199573533864695918e+01
1.462624598765655293e+01 3.173298278995868671e+01
1.463132758960765578e+01 3.261346765344163856e+01
1.463379478900022868e+01 3.154268881141092251e+01
1.463436471525566951e+01 3.251988389072364072e+01
1.464144839345484073e+01 3.141723844287975353e+01
1.464345126029825295e+01 3.178933481301903186e+01
1.465249802507957533e+01 3.232330061746510808e+01
1.465803958092030079e+01 3.142546984937870391e+01
1.466546461131697754e+01 3.196225939022958329e+01
1.466550961371403261e+01 3.267622618153463776e+01
1.467490719252030651e+01 3.133885458608214236e+01
1.469037637430628607e+01 3.235830546743579106e+01
1.469056428221270139e+01 3.261500148842265645e+01
1.469846180155717441e+01 3.198886434415826585e+01
1.470301488594746608e+01 3.247617876992249819e+01
1.470956082682246446e+01 3.217544683988777621e+01
1.470961018889712335e+01 3.247484195342531166e+01
1.471021186923445967e+01 3.178774499460311276e+01
1.471632936439044670e+01 3.166811148789406616e+01
1.472157637432897559e+01 3.175631231329689896e+01
1.472277927247216667e+01 3.227386638432574273e+01
1.473048082383258794e+01 3.212085855856771133e+01
1.473539924546540014e+01 3.217845136430491237e+01
1.474006112541359315e+01 3.178644470521359722e+01
1.474250112694294401e+01 3.195089614232956876e+01
1.474666856978494955e+01 3.259781605399069093e+01
1.475581733619384117e+01 3.202000801935688656e+01
1.475926002684968097e+01 3.255218936199968027e+01
1.476990534119790865e+01 3.222253496024674746e+01
1.477310659137781634e+01 3.162842576782447779e+01
1.477701005972424042e+01 3.166615148484380526e+01
1.477713910048816182e+01 3.159214690694375705e+01
1.477733695951772930e+01 3.231434078402795507e+01
1.478115848885952488e+01 3.190361216281291945e+01
1.478642738958030733e+01 3.162723818051369307e+01
1.479417131987570144e+01 3.242169537733111895e+01
1.479998970330457553e+01 3.167123235157406214e+01
1.480017665887073974e+01 3.208390645842871436e+01
1.480428116124634919e+01 3.212610361258197855e+01
1.481991223933284729e+01 3.181831912836929632e+01
1.483073008398614689e+01 3.148857847197286119e+01
1.485808455040780629e+01 3.246881632127796280e+01
1.486839161989069957e+01 3.185742454508504551e+01
1.489676087078339783e+01 3.175719608137526961e+01
1.490287173926292574e+01 3.237427588238964660e+01
1.496584315624379791e+01 3.201060227563289118e+01


1.383988342989881914e+01 3.279497587902283584e+01
1.384149299401433098e+01 3.295460808917905382e+01
1.384260798618773869e+01 3.254932274041099305e+01
1.384267768094558981e+01 3.232714221095382356e+01
1.384312744669039219e+01 3.190152233091498246e+01
1.384476309612575484e+01 3.238259447034185712e+01
1.384682125566431488e+01 3.258569947384214061e+01
1.385194319444975619e+01 3.166818720284934585e+01
1.385307133640549360e+01 3.166956572415170612e+01
1.386683321862016882e+01 3.167988422556074468e+01
1.386844786050393630e+01 3.211556212129541166e+01
1.387255596000497349e+01 3.116016959317688872e+01
1.387390741332914246e+01 3.287888574143844522e+01
1.387616699783124297e+01 3.195650663141615766e+01
1.387719808183009818e+01 3.246912096411965365e+01
1.387903515179523595e+01 3.208062692471537503e+01
1.388530438452207072e+01 3.203891418816203185e+01
1.388550423904901621e+01 3.164995676598482888e+01
1.388590059002935995e+01 3.271158537009478096e+01
1.388664621925779485e+01 3.202370055570823837e+01
1.389328624173009530e+01 3.217908407418761385e+01
1.389980325809224304e+01 3.264424425592218171e+01
1.390156826884981278e+01 3.184601821024559953e+01
1.390489243466014813e+01 3.140295415751818808e+01
1.391406379955128436e+01 3.189414431409142736e+01
1.391468474525392196e+01 3.204144073952584648e+01
1.391901365890701214e+01 3.176297800633411228e+01
1.391945684614956491e+01 3.146707757410353068e+01
1.392403681415986050e+01 3.241798229502308715e+01
1.392820265281346437e+01 3.142214269997012366e+01
1.393313422925258038e+01 3.265175496745339245e+01
1.393581999568877094e+01 3.167660180409885129e+01
1.393678087576545721e+01 3.139049889958008777e+01
1.393806953362215673e+01 3.117000719693634991e+01
1.393851475334139600e+01 3.152419463002725664e+01
1.394583002805916117e+01 3.151034016653357739e+01
1.394677283851527605e+01 3.278531664220771091e+01
1.394895925668586578e+01 3.119095847649455777e+01
1.395495785380517617e+01 3.162678633516220472e+01
1.395575164299225079e+01 3.218637098335776159e+01
1.395647479491342580e+01 3.176864666806345738e+01
1.395791446233941890e+01 3.264441535448553822e+01
1.396334219000617338e+01 3.179507865703910241e+01
1.396728573016469710e+01 3.287276736705039326e+01
1.396942809159947174e+01 3.160574176017283321e+01
1.397695105924304393e+01 3.228195898822527710e+01
1.398065748880528325e+01 3.273852844297459086e+01
1.398358249964383937e+01 3.229030604686828099e+01
1.398650360255887470e+01 3.153492009456185130e+01
1.398723532553228743e+01 3.133226512934794528e+01
1.398814985188595372e+01 3.134198356098521288e+01
1.398937275766625099e+01 3.274043614051566209e+01
1.399019252163561333e+01 3.284289281647276937e+01
1.399495791603997041e+01 3.169338555168942406e+01
1.399517273034798137e+01 3.161677052996817494e+01
1.399707199612651465e+01 3.299863917447117245e+01
1.400099853504305436e+01 3.188597181303252626e+01
1.400561240095329474e+01 3.108196429089534973e+01
1.400595932010296707e+01 3.214654551800691706e+01
1.400989065766984787e+01 3.171485121156663567e+01
1.401101347077005244e+01 3.216709821524210611e+01
1.401176278921097129e+01 3.205024313728982577e+01
1.402114946345094282e+01 3.148024684491740288e+01
1.402432715370910010e+01 3.291365109387909627e+01
1.402887595240011720e+01 3.124045756055528500e+01
1.403250053262576635e+01 3.198456071940387346e+01
1.403756845062038749e+01 3.248249427856950433e+01
1.404404730818418656e+01 3.182479302521139175e+01
1.404473534267667389e+01 3.155490147537715373e+01
1.404500064585404395e+01 3.170399413422747514e+01
1.404620385724637721e+01 3.251098596007328467e+01
1.404860485309946760e+01 3.285632071233413853e+01
