1.481357845733192136e+01 1.991375455766450031e+01
1.481502344856445497e+01 1.979544411350800459e+01
1.481527383256133312e+01 1.943086656676504376e+01
1.483289295996764778e+01 1.926116893174521394e+01
1.483379660045385329e+01 1.926765592867224086e+01
1.483879878183007506e+01 2.013741744270326706e+01
1.484105259598161375e+01 2.060943317406072239e+01
1.484264649148589044e+01 1.956418635721563959e+01
1.486072063684887290e+01 1.950171290201341279e+01
1.486682291495240804e+01 1.983564263553161311e+01
1.487290652346136710e+01 1.983587606299262518e+01
1.487338930298819761e+01 1.934601119326753249e+01
1.487379579272385755e+01 2.049579702302311190e+01
1.487688222633058999e+01 1.980249774327433698e+01
1.487746577433751227e+01 1.992892417330575228e+01
1.488325271720243137e+01 1.917344325475480815e+01
1.488428152533093574e+01 2.078227109332367206e+01
1.488498911821785065e+01 1.921657806102236776e+01


1.489412918638038974e+01 1.909196712855944966e+01
1.489486913545184521e+01 2.064102333943869283e+01
1.489811466594436951e+01 2.033126575475924014e+01
1.489907506757539934e+01 1.958176412307037850e+01
1.489930483109369241e+01 2.054172619241213482e+01
1.489931210444653331e+01 1.928332241079645470e+01
1.490233648364230135e+01 1.995785544053803306e+01
1.490630680404048825e+01 2.064405821420722020e+01
1.491011047305295989e+01 1.995721180077447698e+01
1.491330270693884508e+01 2.068476573115569295e+01
1.491424624058869064e+01 1.914924960027887479e+01
1.491479241073522921e+01 1.977266256120706345e+01
1.492193299404383211e+01 2.005959104136259441e+01
1.492404469170894288e+01 1.921357645691541194e+01
1.492661825535521203e+01 2.074584641289169085e+01
1.493041220819359438e+01 2.008463292572598391e+01
1.493321757381955983e+01 1.960701207879586505e+01
1.493566238945460789e+01 2.098950310530143426e+01
1.493765851522741173e+01 2.050439116400790240e+01
1.493995379933435608e+01 1.974649515288040291e+01
1.494587539094995421e+01 2.032335752217007396e+01
1.494656770793363165e+01 2.022878442210206273e+01
1.495424830599133159e+01 2.065030057891316417e+01
1.495499322507907891e+01 1.974555919255905678e+01
1.496115679682824329e+01 2.000214090560908176e+01
1.496868822104179664e+01 2.070924351304426381e+01
1.497102894322162747e+01 2.057914034959474492e+01
1.497486031105108317e+01 2.050236685700611972e+01
1.497619817072093262e+01 1.909337967207485676e+01
1.497763679408118520e+01 2.053476802469823781e+01
1.498403267562983920e+01 2.000784462068925507e+01
1.499276910091305837e+01 2.019624243525488083e+01
1.499376671841456243e+01 1.999654848813885266e+01
1.499396914035062345e+01 1.966238607452416787e+01
1.499593316861979986e+01 1.945577155743625042e+01
1.500263188113476431e+01 2.033906401767885441e+01
1.500484638493414025e+01 1.967148889517671861e+01
1.501371999944087854e+01 2.053206761105795053e+01
1.501565439480678599e+01 1.900362510313162545e+01
1.501655056974207092e+01 1.951326888774885759e+01
1.502749476534993356e+01 1.947460406100328356e+01
1.502779759815168426e+01 1.902925018920797839e+01
1.503111532330241218e+01 1.940530377574516763e+01
1.503632001219287240e+01 2.019348449607506879e+01
1.503675446332943011e+01 2.066717349537623605e+01
1.503827004358375596e+01 2.080294140916446821e+01
1.503982302073907817e+01 2.038710578661460104e+01
1.504587465336591734e+01 2.054993979720602582e+01
1.505288520864214163e+01 2.065021305863214351e+01
1.505683903398986878e+01 2.024242063119242374e+01
1.506588105917291820e+01 1.976258265428553074e+01
1.506599211209994671e+01 1.975125138376997214e+01
1.508022133101383666e+01 1.925263567660840636e+01
1.509150589525778940e+01 2.051038465978650649e+01
1.509167684975743740e+01 1.930221236247327354e+01
1.510097710509276681e+01 1.940098795892346217e+01
1.510269830857273732e+01 2.014634310891154456e+01
1.510285307104171437e+01 1.954487755695796025e+01
1.510359101951915406e+01 1.951207508275663471e+01
1.510600274577900137e+01 1.977397908376136115e+01
1.510768792388537385e+01 2.043311225450514357e+01
1.511711257545766252e+01 2.056808328098228245e+01
1.512532903988019584e+01 2.035402494687036068e+01
1.512654065232386635e+01 2.054180582169195546e+01
1.513355779971647230e+01 1.933900021251938384e+01
1.513414132901548825e+01 2.005726617021031899e+01
1.513872783371179764e+01 2.016578004537889512e+01
1.514560187474562447e+01 1.961150686184512892e+01
1.515164177626970243e+01 2.009341698051386160e+01
1.515269479580120482e+01 2.036231369619037324e+01
1.515548294902024828e+01 1.994507498870136786e+01
1.515618818824810710e+01 1.985920220537818892e+01
1.515642581521368726e+01 2.050778545573423983e+01
1.515956230825762141e+01 2.075131983618605247e+01
1.516264443070035028e+01 1.916950049625497599e+01
1.516380637643185736e+01 2.079604446499007153e+01
1.516806625400594299e+01 1.997313016602023694e+01
1.518132951270877484e+01 2.062327138976879581e+01
1.518179667061746052e+01 1.969825974942846614e+01
1.518351263882338387e+01 1.927091880891887854e+01
1.518488023805591958e+01 1.972622690964423953e+01
1.518654410668985832e+01 2.006928491175482421e+01
1.519206886125456357e+01 1.998691038774014928e+01
1.519868004414966300e+01 2.057294423112993798e+01
1.520602151202557373e+01 1.940046622992226233e+01
1.520668119224863801e+01 2.043372963093601058e+01
1.520809339132148885e+01 1.963320633871459719e+01
1.521018015453929806e+01 2.039183729398435574e+01
1.521023443300224542e+01 1.983736429797895084e+01
1.521239812009239856e+01 1.917031134084385613e+01
1.521868315782837477e+01 2.085073027698906500e+01
1.522909894405644060e+01 1.939695046998553352e+01
1.523017520224505716e+01 1.949030875009276897e+01
1.523678277152690441e+01 1.960307535165923554e+01
1.523972254713007501e+01 1.941835815093818240e+01
1.524304829982818710e+01 2.034821322546634548e+01
1.524337588228931395e+01 1.972082771001369750e+01
1.524993796758031017e+01 1.973728803003841747e+01
1.526227749513139464e+01 1.953551497043339324e+01
1.526606127188225948e+01 2.012179784682016859e+01
1.526997965920201139e+01 2.052559036703782880e+01
1.527558051249125981e+01 1.988775131027236753e+01
1.528499623934296281e+01 1.979946798593803337e+01
1.528619948222051583e+01 1.985463125409478380e+01
1.528975094704522419e+01 1.976699679464807602e+01
1.529662568973682824e+01 1.906928930934305200e+01
1.530065702815604745e+01 1.982467381021752573e+01
1.530424343214101590e+01 2.003181924825876692e+01
1.530685435522832449e+01 1.935423738936175297e+01
1.531702624646009347e+01 2.018768209821827853e+01
1.531849574670939518e+01 2.041122152844551962e+01
1.532102421908037826e+01 1.989984217492791174e+01
1.532113298795897904e+01 1.985747545522897184e+01
1.532260531056832242e+01 1.997403329140426820e+01
1.533275682411749585e+01 2.049626917678600435e+01
1.533814485263224903e+01 2.074269971025043802e+01
1.534416632220003152e+01 1.963589303509694162e+01
1.534615819419044591e+01 2.017474287480738226e+01
1.535804399898153072e+01 2.082141995759986131e+01
1.536257894558654691e+01 1.949101371591139298e+01
1.536851131820723459e+01 1.995866466906694114e+01
1.536937778495607887e+01 2.086558378528908264e+01
1.537384419336859054e+01 2.036998381609849673e+01
1.538021788725174943e+01 2.016757694431243664e+01
1.538404872437428672e+01 2.060586747277753616e+01
1.538415388847645104e+01 1.979216299270322210e+01
1.538441646756398384e+01 2.045281891277172548e+01
1.538531610090614343e+01 2.078767380842485579e+01
1.538540345100883222e+01 1.975673492749975679e+01
1.538665271436150483e+01 1.919787796532700597e+01
1.538766598956166831e+01 2.024832066302064604e+01
1.539148493179791188e+01 1.925122570297288860e+01
1.539485731393342860e+01 2.058600702083013800e+01
1.539934517334806152e+01 2.028169723073096264e+01
1.540806868754897074e+01 2.053706554252328331e+01
1.541011528862397206e+01 2.064795375147302536e+01
1.541056933903313997e+01 2.034177511958020190e+01
1.541625186988028418e+01 2.021611632644435730e+01
1.541903411344159203e+01 2.029568045486807293e+01
1.542779927062885648e+01 2.037282784127194546e+01
1.543420248950784135e+01 1.973839058218820242e+01
1.544222472387364142e+01 2.000004232926383096e+01
1.544368498526107558e+01 2.025521291294839799e+01
1.544932558247515964e+01 1.941121856452822669e+01
1.544955806692571088e+01 2.016428523120987037e+01
1.545001422833226634e+01 1.945695500887915230e+01
1.546488225332378086e+01 1.970938273756770442e+01
1.546774287775424739e+01 2.056749686800414878e+01
1.547665912530090360e+01 2.031509975782720190e+01
1.547959531456136872e+01 2.040806370459837638e+01






2.379230085966409547e+01 1.863322882341562803e+01
2.379560263663046982e+01 1.942352038166505324e+01
2.379981798414411287e+01 1.936606246401566978e+01
2.380343578476596278e+01 1.977093449942937298e+01
2.380390088515627056e+01 1.854996735298516342e+01
2.380434596800771985e+01 1.855745649572650890e+01
2.380556463938700773e+01 1.871790862063244631e+01
2.381190169125766332e+01 1.903475821997621864e+01
2.381578409552841435e+01 1.806512667351702106e+01
2.381722423253986776e+01 1.826013968982044844e+01
2.381837810807657974e+01 1.824523710800197662e+01
2.382136013390172735e+01 1.897000644680052162e+01
2.382357188428694883e+01 1.848189199272441385e+01
2.382682861184904155e+01 1.861260535521092052e+01
2.383188258655201963e+01 1.877462231311382723e+01
2.383262759623374194e+01 1.912086114303102846e+01
2.383601857286171111e+01 1.939774282604341593e+01
2.383632961453641386e+01 1.881278755483725007e+01
2.383723471336733013e+01 1.822424377428689368e+01
2.383974745853319277e+01 1.847977560218735249e+01
2.384009575173667983e+01 1.915556110080583707e+01
2.384025293662708478e+01 1.906785807506698305e+01
2.384836447232471102e+01 1.840515003934540772e+01
2.384850453402226123e+01 1.944698301079398206e+01
2.384981361170390812e+01 1.909272898603534330e+01
2.385319719215346979e+01 1.825576697187797492e+01
2.385749380303749589e+01 1.949603497036132183e+01
2.385841409100382293e+01 1.948286316874851565e+01
2.386515269024773644e+01 1.998457036679758048e+01
2.386704413947205339e+01 1.988436160961133226e+01
2.386732726105374880e+01 1.933305149865323713e+01
2.387518769189809476e+01 1.973216980061476278e+01
2.387690116772996163e+01 1.919601647900056918e+01
2.388512839840727509e+01 1.975631180045623836e+01
2.389985281841386211e+01 1.942715671994545446e+01
2.390098343470959819e+01 1.882937975496748351e+01
2.390517795430049475e+01 1.975907944077164657e+01
2.390569073130431832e+01 1.931886620816445799e+01
2.391424523193706264e+01 1.913534172553194779e+01
2.391675131692013423e+01 1.856410782246407720e+01
2.392201081832632070e+01 1.850562963938388350e+01
2.392272821540590044e+01 1.942352139286929358e+01
2.392378749064568311e+01 1.952647149319153286e+01
2.392589033843892210e+01 1.965475587879867803e+01
2.392841866850809041e+01 1.875133121916723766e+01
2.393029316871001200e+01 1.965119261386101357e+01
2.393419055945506102e+01 1.944869027226103952e+01
2.394287371914193940e+01 1.928980925418403558e+01
2.395040484947255166e+01 1.951287366473051321e+01
2.395227772837164082e+01 1.811421293101990670e+01
2.395287811426649682e+01 1.915989373535557760e+01
2.395704729388826948e+01 1.903016474542202729e+01
2.396387780118280020e+01 1.890368382449305429e+01
2.396961239468516425e+01 1.861801282896617593e+01
2.397087252516769595e+01 1.801735107827288118e+01
2.397497588519633283e+01 1.941518328197307142e+01
2.397992051287542381e+01 1.837778264693927355e+01
2.398084274254598824e+01 1.859727606094548236e+01
2.398890725072914165e+01 1.973197880574770480e+01
2.399061974713871948e+01 1.815063404423177928e+01
2.399255799923167842e+01 1.883128301336802934e+01
2.399644525518164073e+01 1.837033298084861599e+01
2.399832309929082186e+01 1.857558014609716324e+01
2.400169898737681962e+01 1.911206959070267075e+01
2.400346586709362029e+01 1.884614178252988737e+01
2.400572176103333888e+01 1.830100059640371413e+01
2.400895764643314223e+01 1.912075201711902750e+01
2.401313724209579448e+01 1.888369450842289865e+01
2.401848787830891752e+01 1.831249421477075501e+01
2.402244985489466700e+01 1.852277532254430525e+01
2.402278005940576122e+01 1.887410900866737506e+01
2.403612843564966184e+01 1.932658255583156048e+01
2.403724743898932203e+01 1.983302891588989780e+01
2.403772256095199111e+01 1.975031110230167286e+01
2.403955019715795771e+01 1.839534881004408362e+01
2.404568845509228936e+01 1.885914212785869637e+01
2.404702017611851517e+01 1.859859421689129277e+01
2.405125590670630942e+01 1.896100674756613813e+01
2.405269263609892505e+01 1.999621412884444993e+01
2.405742243443590311e+01 1.842327853398035842e+01
2.405747200195646585e+01 1.951403041907681413e+01
2.405769576915324137e+01 1.802048092882125374e+01
2.406659192634795374e+01 1.903729378706409392e+01
2.406841830632682644e+01 1.896144814790164546e+01
2.407757090985879245e+01 1.929002973309031788e+01
2.408539542930415678e+01 1.892255821180671305e+01
2.408953041725125388e+01 1.910237143582044084e+01
2.408953135621722552e+01 1.839087185647579403e+01
2.409454341408708444e+01 1.898301139699175621e+01
2.410158126965533754e+01 1.861122052014275496e+01
2.410554872682968508e+01 1.928619316291765173e+01
2.410820484366277228e+01 1.913421521832233907e+01
2.410872489715568534e+01 1.931593529592964487e+01
2.411170933933308902e+01 1.870673904383794905e+01
2.412092159539127678e+01 1.989636924119610839e+01
2.412494239636910365e+01 1.951843416073701931e+01
2.413465880800287522e+01 1.965741203011067739e+01
2.413512716082297160e+01 1.896326250005704139e+01
2.413731643082136813e+01 1.827794899864520062e+01
2.414064097665393760e+01 1.929878099784287571e+01
2.415378006869115168e+01 1.911034507133423332e+01
2.415635870772099025e+01 1.815392581254150173e+01
2.415859037907902618e+01 1.888804999732669287e+01
2.416207719113643648e+01 1.863248408496599851e+01
2.416311842363024809e+01 1.938740234249411998e+01
2.416583056939128582e+01 1.934346387196460881e+01
2.416757588001863866e+01 1.905567009728252259e+01
2.417023957469118756e+01 1.926765347572861131e+01
2.417062993205144039e+01 1.885031962997562971e+01
2.417290196019452964e+01 1.883799399506776950e+01
2.417496032780038107e+01 1.984850790505011986e+01
2.417644028885446517e+01 1.875055939629714530e+01
2.417727074358466410e+01 1.865334927909519891e+01
2.418658271570303597e+01 1.816000758963644657e+01
2.418704409571635594e+01 1.906797103988598963e+01
2.419340572992335225e+01 1.937407460126583914e+01
2.421800549153801185e+01 1.952278402100226629e+01
2.422534151955754211e+01 1.874064893425463296e+01
2.423076795959059737e+01 1.822863422824132229e+01
2.423348138179004962e+01 1.939283413495155273e+01
2.423363606090428135e+01 1.866730154012623188e+01
2.423643809807873595e+01 1.870366995817821021e+01
2.423721558130237597e+01 1.972096985627383958e+01
2.424075435105628884e+01 1.926244896717916077e+01
2.424439896166433428e+01 1.885168868031848177e+01
2.425221890468711905e+01 1.906666395541845915e+01
2.425796676029132115e+01 1.979849495001604254e+01
2.426471443937133543e+01 1.893448050898398094e+01
2.426586526002606448e+01 1.882191301636827063e+01
2.426945896580842899e+01 1.823269517640948223e+01
2.426975014683965881e+01 1.976957165933791671e+01
2.427564475389880627e+01 1.868048179211956494e+01
2.427931073353374458e+01 1.973765037281394541e+01
2.428048427248165808e+01 1.902751042510064750e+01
2.428133870938597738e+01 1.945688059502900558e+01
2.428188756703016793e+01 1.937227876664760018e+01
2.428526814068532858e+01 1.987633657836324019e+01
2.428736708613169881e+01 1.852836740586936415e+01
2.428845763055154805e+01 1.898300322072103086e+01
2.428923258480880776e+01 1.931824269945736106e+01
2.430055356746508366e+01 1.940344243765527921e+01
2.430108477495943475e+01 1.913824484429874317e+01
2.430122331645870659e+01 1.869332842871681066e+01
2.430388092441356207e+01 1.971361071129687303e+01
2.430402775927364445e+01 1.910205704851396646e+01
2.431042577198999766e+01 1.815857441629017188e+01
2.431065679841292493e+01 1.855240249534090324e+01
2.431143654658364639e+01 1.964352486590752633e+01
2.431210904557500996e+01 1.944454666279232313e+01
2.431795866090432767e+01 1.944057328489690306e+01










2.800340107531711809e+01 1.897714850005381848e+01
2.803966682911530484e+01 1.922117985708396048e+01
2.805163044201968603e+01 1.911155863591602966e+01
2.805888055840952688e+01 1.931900826556270445e+01
2.806421712528731760e+01 1.933704459165993228e+01
2.808256304297981032e+01 1.868287436906487642e+01
2.811072001305442924e+01 1.945558848354373538e+01
2.812377254732436782e+01 1.927916075576129984e+01
2.813442742172641786e+01 1.893637747089110945e+01
2.814314030721045512e+01 1.849462430333063523e+01
2.815272185063372490e+01 1.907215100390847695e+01
2.816492214822519102e+01 1.845039380141565388e+01
2.817148828841811792e+01 1.847123232816180050e+01
2.817397792638307763e+01 1.861146501605006165e+01
2.818975361220134346e+01 1.854563985783767066e+01
2.820140728804936359e+01 1.849730541861613631e+01
2.823576261964319301e+01 1.892340614441965840e+01
2.824207135906749500e+01 1.891712984279329390e+01
2.824322639986473860e+01 1.888853715756870244e+01
2.825439228775563549e+01 1.879809751569099063e+01
2.825498775264403051e+01 1.942945904725091211e+01
2.826052024247334771e+01 1.951367544156452638e+01
2.826380435420212578e+01 1.851428704514784584e+01
2.826927313675075482e+01 1.891018577685568047e+01
2.827982930549982044e+01 1.943281236573102078e+01
2.829200435143619785e+01 1.917867684613698742e+01
2.829368624480305527e+01 1.962783636339067073e+01
2.830356437241907486e+01 1.870895625843216337e+01
2.830488309186194229e+01 1.841185076632513073e+01
2.830695865167610847e+01 1.963119319458091283e+01
2.831057641495941013e+01 1.943181119800269840e+01
2.832101149162499709e+01 1.829623495163898639e+01
2.832336427365867237e+01 1.876903556762489700e+01
2.832653968978971903e+01 1.871837641850600775e+01
2.833114069858311268e+01 1.832685982468786179e+01
2.833323710369609216e+01 1.858021555313939999e+01
2.833337731179507202e+01 1.924208889122087385e+01
2.834209705750896902e+01 1.886049713089145996e+01
2.834312970412458199e+01 1.915260797942943682e+01
2.835819292501559730e+01 1.908783781992403306e+01
2.837045773415064076e+01 1.858378706675775049e+01
2.837523206954504573e+01 1.906836602796111180e+01
2.837539828937876152e+01 1.947106740819371140e+01
2.837688403899900891e+01 1.974966518383782699e+01
2.838001047337840888e+01 1.854651993497340356e+01
2.838443266550027388e+01 1.833831040135288148e+01
2.838611824539859896e+01 1.927434931382020267e+01
2.838916588955655129e+01 1.890960336202403269e+01
2.839392425422384747e+01 1.945947407055611578e+01
2.840152619218414642e+01 1.909292604548641137e+01
2.840258510292924043e+01 1.976459838281308379e+01
2.840582359555349967e+01 1.861705821952087447e+01
2.841109331477674260e+01 1.939764556913080540e+01
2.841320997746767318e+01 1.900903265983020773e+01
2.841619134291787319e+01 1.888782935819361342e+01
2.841620934654518393e+01 1.976103852618900447e+01
2.842066805519838368e+01 1.818835104478802478e+01
2.842121363123490241e+01 1.875516564452572155e+01
2.842217785932449203e+01 1.909509204415199335e+01
2.842318945485678228e+01 1.865929634859522324e+01
2.842555152504658267e+01 1.865284410053269681e+01
2.842616339383181767e+01 1.869222170873343103e+01
2.843079317491385538e+01 1.931547350093545745e+01
2.844099455210760397e+01 1.910631000254801748e+01
2.844604802460771964e+01 1.917086157176180095e+01
2.845345295312959522e+01 1.822611517540138593e+01
2.845900663777721817e+01 1.966964071754082255e+01
2.846026897502707342e+01 1.863124039504407747e+01
2.846319284545259265e+01 1.893501392925494997e+01
2.846417632388008556e+01 1.900327253044533649e+01
2.846465915957683990e+01 1.849973454563631847e+01
2.846726426008366317e+01 1.822166697086791132e+01
2.847147196040281614e+01 1.822204948592540674e+01
2.848030157218103398e+01 1.841697248449823832e+01
2.848039020881831718e+01 1.896274856846482848e+01
2.848205253568565709e+01 1.943501618037404910e+01
2.848552252329260526e+01 1.896227075782006466e+01
2.848581636191626032e+01 1.880812445242640507e+01
2.848688331223811687e+01 1.971009101554346898e+01
2.848865940828475374e+01 1.938352431500827677e+01
2.849498774420019487e+01 1.944601653930197571e+01
2.849544343148580694e+01 1.954135107648712477e+01
2.849601245248230796e+01 1.960090977115668309e+01
2.850348025096679194e+01 1.919170504321320792e+01
2.850569791476224069e+01 1.897727573905873655e+01
2.850821582353394845e+01 1.883618883786200016e+01
2.851574251886793476e+01 1.919376259920568728e+01
2.852971869585379494e+01 1.908460808399245678e+01
2.853089577778237640e+01 1.936779079193111031e+01
2.853375627885823107e+01 1.816550244180858442e+01
2.854068076402455389e+01 1.959830689006944837e+01
2.854605222555222355e+01 1.881061778509117488e+01
2.855070560067809993e+01 1.965881791866072348e+01
2.855324060791783936e+01 1.819237671861490213e+01
2.855508849641216074e+01 1.986910844764886974e+01
2.856119799782791091e+01 1.822610934964783524e+01
2.856351510952872630e+01 1.983859249844272910e+01
2.856765883486722757e+01 1.890915277158281071e+01
2.857395447069757566e+01 1.900464980141815730e+01
2.857612180786970768e+01 1.836187248093832736e+01
2.858160165211135606e+01 1.901392345803427375e+01
2.859161844444826528e+01 1.973504590625607236e+01
2.859175983745303284e+01 1.898010192479895153e+01
2.859305904820407207e+01 1.926255350982048498e+01
2.859714526721236183e+01 1.876341126172055240e+01
2.859896783068227322e+01 1.823917717324971122e+01
2.861133520301024902e+01 1.893048048368583736e+01
2.861584188327726963e+01 1.840393055032719616e+01
2.861755108325973396e+01 1.850793016978430572e+01
2.861858606988749898e+01 1.835462888577566076e+01
2.862462069335743209e+01 1.899638967322174210e+01
2.863517124954779547e+01 1.990717684125055698e+01
2.863776749304830815e+01 1.822204838943177663e+01
2.865077524814269339e+01 1.961048123031256907e+01
2.865407641268914674e+01 1.974714570544749392e+01
2.865583745153238837e+01 1.946658772159367246e+01
2.865672462541143162e+01 1.858114929502339407e+01
2.866296340659573971e+01 1.905261250261126449e+01
2.866905620954537781e+01 1.928561649233657604e+01
2.866950868253051965e+01 1.907457616496573749e+01
2.866983243510369661e+01 1.858735062922143300e+01
2.868280988736924542e+01 1.933591765650032457e+01
2.868416709320210245e+01 1.883337695506726917e+01
2.869503293436146052e+01 1.888862729556128528e+01
2.869775154524231198e+01 1.920999079112116803e+01
2.870181956187077077e+01 1.945728748946490683e+01
2.870599091129454550e+01 1.939652875063119808e+01
2.870680737633367841e+01 1.806797656426552834e+01
2.871228324662228815e+01 1.906470396841381998e+01
2.872228905948596278e+01 1.831123486060669947e+01
2.873502488755299922e+01 1.839855979088499538e+01
2.873572361394456465e+01 1.866190946937502559e+01
2.873749356544531963e+01 1.940426625301691743e+01
2.874248554666456457e+01 1.909475951167791052e+01
2.874995686267909889e+01 1.830807190712102894e+01
2.875032959778669550e+01 1.950311101126303726e+01
2.875255682210271502e+01 1.973719087538069417e+01
2.875531518268714848e+01 1.953966986758793567e+01
2.875708381774471434e+01 1.899039801328261134e+01
2.875741347680060400e+01 1.856401808916095320e+01
2.875862637761534657e+01 1.927048915330767187e+01
2.876313264675932402e+01 1.840696675056800302e+01
2.876322073974175808e+01 1.807297826525351425e+01
2.876426940444488523e+01 1.837057755882037924e+01
2.877201301531068012e+01 1.877348219803331375e+01
2.877441369729508125e+01 1.899145142207270354e+01
2.877559620332377222e+01 1.939912413148650216e+01
2.879316949297815142e+01 1.945836752150058047e+01
2.879524039421666615e+01 1.945144663608613200e+01
2.880078180475738492e+01 1.897684946246227611e+01


2.880663224184458215e+01 1.946004528253424226e+01
2.880706656116038289e+01 1.834220891121499619e+01
2.881938700195536640e+01 1.885260261389963432e+01
2.882918511134720774e+01 1.984347685818286777e+01
2.883386881317384010e+01 1.888564494246599423e+01
2.883803484845917708e+01 1.823699671348399676e+01
2.884069390871741945e+01 1.972469354208781667e+01
2.884465509900177693e+01 1.839791900430614291e+01
2.884512903431562947e+01 1.905646942047588510e+01
2.885974889732327142e+01 1.978210005260523374e+01
2.886096421135237478e+01 1.832485535444639524e+01
2.887370271809534827e+01 1.818674475482234243e+01
2.887532677154344896e+01 1.831168625254450077e+01
2.888276261540156398e+01 1.829697178735727547e+01
2.888408413504363992e+01 1.848658861350218174e+01
2.888521428514626876e+01 1.939850789017485511e+01
2.888766784058879722e+01 1.836697707096177723e+01
2.888846751577668570e+01 1.905437974574935822e+01
2.888849034271449412e+01 1.873446928774945164e+01
2.888908960010279969e+01 1.845956798497039841e+01
2.888964083425062057e+01 1.917856588883582702e+01
2.889166369491708153e+01 1.905953910213757396e+01
2.889201151063928208e+01 1.960056073836973312e+01
2.889348256147343719e+01 1.883886264477348860e+01
2.889389002361448888e+01 1.930580975649927211e+01
2.889715886290007063e+01 1.863443131227508331e+01
2.890168230199462585e+01 1.859789199766931489e+01
2.890183239938851756e+01 1.997302319574991714e+01
2.891459454239304705e+01 1.941709482660457553e+01
2.892224025605836957e+01 1.950466608208532904e+01
2.892325841027956557e+01 1.934332918671450230e+01
2.892489486336769744e+01 1.834065800117380007e+01
2.892738929671578774e+01 1.873826917417326854e+01
2.892934815815492300e+01 1.806483973669273624e+01
2.892949062327435072e+01 1.884632260155600036e+01
2.892974426933551158e+01 1.805193652924306136e+01
2.893344608264566631e+01 1.858970624245004544e+01
2.893758201099657512e+01 1.808606746982113123e+01
2.894272717169533848e+01 1.931149084149562967e+01
2.894840138114056671e+01 1.828780646115182051e+01
2.895029416259294308e+01 1.890086627755575677e+01
2.895041931727072537e+01 1.954145874833175967e+01
2.895561281591897185e+01 1.878969071511605193e+01
2.896353932826639266e+01 1.956228652518250044e+01
2.896759889665750620e+01 1.857790178024094629e+01
2.897186882196828961e+01 1.843018444221203112e+01
2.897485041273466067e+01 1.910786519510004311e+01
2.898539543513862426e+01 1.869162428542044552e+01
2.899045012063736593e+01 1.838911249153300531e+01
2.899294550446934693e+01 1.916513070869993385e+01
2.899557774574750724e+01 1.849709835825141369e+01
2.899642380947059195e+01 1.930232952283674663e+01
2.900320575058407613e+01 1.961503475544143527e+01
2.900769187981062203e+01 1.985882648364066583e+01
2.900969347147283983e+01 1.974928571719641113e+01
2.901411210343086466e+01 1.939478470744586858e+01
2.901423846164234277e+01 1.980971902516504457e+01
2.901697216677025892e+01 1.954635646833729723e+01
2.902228803607211916e+01 1.860045330317462131e+01
2.902522385139842953e+01 1.875077019979411830e+01
2.902686981406008115e+01 1.846237808075302667e+01
2.902838316585215850e+01 1.849614696800373181e+01
2.904431304160003435e+01 1.926336954375855370e+01
2.904866010402137988e+01 1.837205584491338328e+01
2.904931124173764090e+01 1.909705797755936985e+01
2.904953054089960318e+01 1.861578187068485590e+01
2.905769657237249959e+01 1.906361499035501339e+01
2.905956128145873762e+01 1.970931449378452172e+01
2.906303864207004395e+01 1.908518737113206498e+01
2.908716773388859167e+01 1.918136890965797647e+01
2.909806550777546263e+01 1.923926511947377449e+01
2.911046695671942075e+01 1.956902266142638780e+01
2.911246594022556167e+01 1.884566082973143608e+01
2.911779699086489970e+01 1.954539847851821577e+01
2.911805857142745069e+01 1.811298745645294161e+01
2.911912651582291645e+01 1.958769800718393483e+01
2.912271887879533949e+01 1.948200996576890631e+01
2.913145386774377954e+01 1.878979285668226140e+01
2.913194880384607899e+01 1.893835138995430611e+01
2.913214132328705830e+01 1.802179716935316023e+01
2.913316309545286487e+01 1.880902813682168428e+01
2.913673477916350052e+01 1.887023935299648159e+01
2.913752253797657232e+01 1.902211913076362393e+01
2.914184052679293657e+01 1.957126466586214164e+01
2.914379056325882544e+01 1.973477840084456503e+01
2.914867215933643152e+01 1.996539018614782179e+01
2.915978235950901620e+01 1.830214925856419228e+01
2.916034895562276574e+01 1.995045376921832769e+01
2.916116427837400593e+01 1.884536113714340644e+01
2.917181680769354557e+01 1.970610676096871217e+01
2.917501469624644628e+01 1.906207228811211607e+01
2.917765818395437805e+01 1.987246097582909599e+01
2.918025543632165153e+01 1.919762169677022001e+01
2.918160157105348063e+01 1.842584178864380817e+01
2.918457406823073441e+01 1.923851904360882870e+01
2.918965927832018892e+01 1.830383706939659305e+01
2.919239248437512302e+01 1.920567103993748859e+01
2.919325885092100847e+01 1.987052904890478544e+01
2.919822554256717595e+01 1.925088006522289774e+01
2.919930915941660743e+01 1.873374540756801920e+01
2.920530946153181873e+01 1.997498308988878790e+01
2.920768654422069588e+01 1.909166544874969063e+01
2.921555103331576930e+01 1.996592721243706592e+01
2.921733206742179334e+01 1.813641541246117228e+01
2.922046423959376327e+01 1.816076962184017773e+01
2.923425252502369531e+01 1.836429114575154387e+01
2.924113222058244688e+01 1.854946107244968445e+01
2.924221280001174961e+01 1.904018416193204644e+01
2.924586056582355198e+01 1.900476192813377097e+01
2.925212130308692338e+01 1.991561878078860204e+01
2.925376463213112999e+01 1.934191583442411400e+01
2.925468218205549675e+01 1.961414444675638080e+01
2.926035091885977124e+01 1.969688172471563803e+01
2.926062163330671950e+01 1.887945029369815941e+01
2.926202048051392168e+01 1.847608109990014569e+01
2.926593145714502953e+01 1.889524932978531169e+01
2.927099161145440576e+01 1.833526796828367722e+01
2.927626284845176841e+01 1.825747127329725572e+01
2.927848592450230214e+01 1.957010591548453604e+01
2.927865311534795723e+01 1.804349980518559704e+01
2.927917388230095241e+01 1.965768501696263115e+01
2.927925093249860566e+01 1.916675963666460802e+01
2.928324452467961692e+01 1.920498431379544968e+01
2.929146659833174837e+01 1.965019801841722469e+01
2.929476926266860204e+01 1.888846229388958164e+01
2.929514296508440196e+01 1.948588409038535829e+01
2.930348099484364610e+01 1.914746362462642892e+01
2.930451858065255522e+01 1.934729814625145750e+01
2.931232404600961416e+01 1.933491199075626099e+01
2.931571328045886915e+01 1.813351087968891306e+01
2.932295752459501159e+01 1.990911164487712881e+01
2.932518449280285822e+01 1.914047027240445331e+01
2.932922703608544168e+01 1.832558072481753797e+01
2.933045925623080663e+01 1.938286704178063147e+01
2.933506792963046905e+01 1.847503367281207076e+01
2.933765820328542162e+01 1.821973246626318144e+01
2.935104797058671622e+01 1.970851108052457690e+01
2.935624526008111346e+01 1.832882571655377291e+01
2.935654361265611456e+01 1.961423655323097748e+01
2.936380452218294224e+01 1.846951035865848212e+01
2.937027888714447244e+01 1.832897490310066857e+01
2.937593845062788134e+01 1.893942161560440951e+01
2.938225571976549944e+01 1.967202054510675424e+01
2.938357185041834896e+01 1.882917673671404302e+01
2.938464542437255034e+01 1.880919551566388037e+01
2.939189067031545832e+01 1.910724680165264289e+01
2.940193755436956380e+01 1.970224574333998646e+01
2.941229553434583366e+01 1.855519505689591853e+01
2.941272719824015169e+01 1.944752725114275904e+01
2.941632781204695135e+01 1.848173393068302772e+01




5.009019913358406129e+00 2.308258443482307243e+01
5.050069941394634832e+00 2.270334377600374509e+01
5.052145960934508295e+00 2.289433095113476568e+01
5.059803338664447203e+00 2.307126546710733450e+01
5.069318324798688380e+00 2.274513095402496532e+01
5.069922086890561452e+00 2.292919024782408499e+01
5.089469825297974204e+00 2.277111139988707933e+01
5.158154894785309530e+00 2.249399065174370804e+01
5.163339160546596140e+00 2.307500919835811715e+01
5.182209196668204676e+00 2.306895078189770487e+01
5.199513951635532649e+00 2.328100193705823528e+01
5.202073911121619432e+00 2.297411692729766841e+01
5.203418538064192411e+00 2.319609331474347513e+01
5.207353179153652256e+00 2.247792223133348699e+01
5.215229311534098855e+00 2.259800721818443137e+01
5.219340252159071269e+00 2.262506289291667017e+01
5.230300193020806176e+00 2.325314216255306832e+01
5.233172865233318483e+00 2.299148511074600165e+01
5.234178224268049462e+00 2.302567065321839834e+01
5.237279860246548679e+00 2.237092443355504301e+01
5.252972166295680090e+00 2.328667330294231874e+01
5.254668219167777821e+00 2.306865405893118037e+01
5.256051536091211673e+00 2.363945346219579235e+01
5.262487992883584376e+00 2.336232767473311611e+01
5.263604557931799377e+00 2.337691242751003173e+01
5.264002282263952281e+00 2.364842379180062082e+01
5.264679931973628157e+00 2.313023118614519191e+01
5.265991107731357701e+00 2.269917831405533093e+01
5.269692504921252407e+00 2.248780244137820716e+01
5.273703765010282041e+00 2.333827441040009276e+01
5.280610607316288174e+00 2.275715118153205552e+01
5.284734243493574901e+00 2.328711526812637089e+01
5.300321629212746188e+00 2.308669202903821116e+01
5.309780916278334040e+00 2.297582434651663164e+01
5.333275249357217085e+00 2.318563756319274560e+01
5.333417554056533838e+00 2.249584118760256857e+01
5.335927399252881287e+00 2.304921977850641923e+01
5.340275517844457198e+00 2.273519369693109482e+01
5.343100755401882118e+00 2.276892321736543323e+01
5.343972466674316024e+00 2.300810023608456945e+01
5.344437699802904618e+00 2.374450051838362796e+01
5.357306995906375491e+00 2.285887301548589079e+01
5.365825263960536162e+00 2.375408843323872787e+01
5.371327785585990888e+00 2.265508904947781588e+01
5.371458916038925224e+00 2.291175935902259653e+01
5.372419051302421700e+00 2.266323075501914985e+01
5.373550379610619210e+00 2.352845107544640513e+01
5.380670641299779788e+00 2.234317977798216148e+01
5.383303734832376009e+00 2.344979026412245560e+01
5.383458217825017655e+00 2.353319245316155417e+01
5.387694327795500726e+00 2.366586320485070871e+01
5.390663086560437023e+00 2.250734644052662148e+01
5.395071169758014484e+00 2.329685421026789882e+01
5.396433373492962815e+00 2.250165286828621092e+01
5.397208417644442591e+00 2.311457681264992559e+01
5.402974897278729927e+00 2.288305151232034618e+01
5.410323553568921362e+00 2.342895105042146398e+01
5.413575936782233811e+00 2.233825889819852151e+01
5.423137545439677965e+00 2.259218296305180118e+01
5.423721387800946481e+00 2.312528659659877306e+01
5.435564801471768348e+00 2.261236814520931659e+01
5.445284715643589735e+00 2.285347790559556458e+01
5.447807828451129986e+00 2.315938316579944001e+01
5.450324841147851096e+00 2.322269844425423457e+01
5.477437383097059964e+00 2.345740236712340376e+01
5.478134918390242802e+00 2.336474940508761478e+01
5.485974283578004318e+00 2.273722136600564525e+01
5.486855002133881776e+00 2.335668037614498616e+01
5.490215521083627870e+00 2.353742681575819518e+01
5.496045836044569199e+00 2.302243675594246497e+01
5.500553615280245445e+00 2.259780425096731449e+01
5.501098492890103664e+00 2.240381039313955824e+01
5.503386972492223528e+00 2.328597219297808252e+01
5.504952227292035261e+00 2.348982313174232672e+01
5.510650746143831213e+00 2.248907004632095408e+01
5.515760813474517299e+00 2.309868293145458651e+01
5.522595007925122701e+00 2.305922236709875506e+01
5.527195471926418691e+00 2.340163365040692156e+01
5.530188201151680083e+00 2.308661797565072860e+01
5.532442466505104406e+00 2.282374364341920980e+01
5.533708382382994451e+00 2.366242846617101847e+01
5.542193764812405554e+00 2.287039000062182126e+01
5.544400236290881523e+00 2.287568196995851366e+01
5.549376876886069176e+00 2.334070509319935383e+01
5.554404216570138608e+00 2.339951597823741025e+01
5.559729457981908318e+00 2.339205622291280307e+01
5.560997274605387730e+00 2.245783040572752753e+01
5.567361185983251026e+00 2.348544487505992961e+01
5.568661051600606982e+00 2.280948644930906966e+01
5.573271744056324195e+00 2.287174432468186680e+01
5.576308004893553161e+00 2.295616964661932258e+01
5.578792916626082565e+00 2.337025459876881328e+01
5.585828045162200439e+00 2.283400117586393918e+01
5.586348886599193264e+00 2.334902784657716523e+01
5.587044419212960911e+00 2.348396909878869110e+01
5.589697092807642598e+00 2.321191450910321308e+01
5.591590539205264498e+00 2.351578002756415131e+01
5.592965431552380906e+00 2.332826807519385781e+01
5.598999876064203463e+00 2.216505605090238618e+01
5.607925770971767143e+00 2.358955443481125513e+01
5.609309297014544171e+00 2.322718832297452352e+01
5.611843818991036237e+00 2.218829765435743795e+01
5.613241589539787135e+00 2.297797270742179165e+01
5.615666437567014668e+00 2.219197610308113511e+01
5.617054400452112795e+00 2.355493149772667749e+01
5.620175978295836039e+00 2.212383498981922969e+01
5.621587055388044263e+00 2.230964805882028301e+01
5.625213928083430126e+00 2.330990761698041425e+01
5.631395595485345851e+00 2.390264138191262688e+01
5.635103118334350292e+00 2.299026148017090776e+01
5.635623079254387768e+00 2.355303257309536136e+01
5.637362173614540950e+00 2.320383568676457742e+01
5.638393034516242963e+00 2.301988203903219343e+01
5.644680167856889419e+00 2.292282123766378987e+01
5.650593138182416375e+00 2.311924511619271527e+01
5.651787846374823232e+00 2.329507856343452232e+01
5.656400691062723141e+00 2.270512536685108884e+01
5.660730276862980581e+00 2.339113262754413114e+01
5.666618424133421428e+00 2.327881944975516859e+01
5.668817816276425781e+00 2.297094368164563249e+01
5.669799838270962233e+00 2.304758553509070040e+01
5.671034723935207467e+00 2.206748407237684262e+01
5.678115290199409415e+00 2.239812293712758162e+01
5.678680234495596224e+00 2.277339380540228930e+01
5.681377858247212309e+00 2.381710924758499459e+01
5.681730854176070267e+00 2.242449370539980436e+01
5.688571583553819977e+00 2.343235801707137611e+01
5.690726649730458497e+00 2.282670554016705111e+01
5.691424313495480725e+00 2.280220971981203704e+01
5.694386412097901307e+00 2.294735734696016749e+01
5.701996155375036679e+00 2.238339374933153181e+01
5.706536103764575429e+00 2.360137786735108634e+01
5.709289686608272518e+00 2.250232520799893265e+01
5.709386101011925341e+00 2.345417698562022579e+01
5.710840489466743719e+00 2.217554824996950202e+01
5.711146521479609106e+00 2.247269170541897054e+01
5.712046590694612291e+00 2.296805108144408436e+01
5.714996808046794996e+00 2.310921761272457076e+01
5.716006626124552348e+00 2.298785797187002444e+01
5.722844799258937520e+00 2.226793014565881279e+01
5.722939924497081776e+00 2.311790208938199243e+01
5.725568989345984683e+00 2.316986492568132405e+01
5.728269473330751538e+00 2.326452512689582619e+01
5.735464681397894005e+00 2.215827678530847322e+01
5.738180691664374500e+00 2.211248751496216869e+01
5.739625262092221014e+00 2.217995286657966147e+01
5.741174763389691904e+00 2.337596885962671323e+01
5.746912842636263008e+00 2.228871080497112089e+01
5.747451910873603964e+00 2.357988256176724917e+01
5.752770825486794415e+00 2.336122806899293636e+01


5.754323306606258903e+00 2.278270693734003771e+01
5.756505614432972706e+00 2.215781003324060450e+01
5.756530373659805910e+00 2.396539922385390042e+01
5.765046365386690574e+00 2.331658387695892287e+01
5.772303219198113844e+00 2.351036265804544456e+01
5.774484156060329276e+00 2.326455143228852052e+01
5.786654077849681777e+00 2.311403394557073554e+01
5.787013990873316693e+00 2.324477249784921540e+01
5.788156363082801903e+00 2.364017835593425332e+01
5.799123016781349449e+00 2.390623357749543132e+01
5.804089016155078440e+00 2.288184869560787860e+01
5.817453355903561274e+00 2.298260030178950686e+01
5.823633600363617546e+00 2.209807071473489515e+01
5.835756512147843189e+00 2.316410401788335349e+01
5.835805222800704684e+00 2.310012246419218584e+01
5.836451055174506131e+00 2.210615072941023129e+01
5.842326599247394725e+00 2.330886292179658170e+01
5.844609114718703147e+00 2.364720604044348917e+01
5.844622458154972833e+00 2.308173140511371813e+01
5.847567856268608644e+00 2.348848002854789740e+01
5.848310303939125987e+00 2.231079607655001240e+01
5.855097752434525127e+00 2.300668384700383839e+01
5.867335644297129171e+00 2.287180320171370340e+01
5.867437957503469192e+00 2.213243055195850317e+01
5.868858600881454279e+00 2.250141524428090634e+01
5.873855243440550211e+00 2.285428777523232213e+01
5.879757251771713378e+00 2.286387026932518296e+01
5.883483943984932907e+00 2.356021824435369183e+01
5.884021689643035735e+00 2.232468446610394253e+01
5.887781203448235523e+00 2.311537960445281215e+01
5.890947905569476895e+00 2.312670625452026840e+01
5.891790918862908732e+00 2.241359914113705187e+01
5.894047355659307819e+00 2.380249136111440933e+01
5.898236673183221868e+00 2.275457527005288227e+01
5.906514083894671252e+00 2.354978529530075448e+01
5.909462685505108226e+00 2.264472718965157583e+01
5.916198001579749288e+00 2.237206119351235856e+01
5.925434517836965398e+00 2.214379293215592526e+01
5.926516300111289937e+00 2.339520663875351403e+01
5.930825440691206651e+00 2.330173405512550389e+01
5.930897692366549734e+00 2.279316311349808899e+01
5.939540488033211219e+00 2.228041771123116277e+01
5.941751070958380510e+00 2.345046603726222401e+01
5.942180368958434045e+00 2.308015295561086688e+01
5.943234701379899398e+00 2.290387147496463882e+01
5.944042285060208819e+00 2.379444792568494194e+01
5.947415790412081904e+00 2.278248354155726929e+01
5.958470159517680997e+00 2.331955687810246758e+01
5.967111131518040068e+00 2.334386989602173657e+01
5.968692182539072633e+00 2.289333677456608740e+01
5.969802068387750182e+00 2.378552386493829474e+01
5.973466511905436427e+00 2.393915946044774401e+01
5.973768652701004989e+00 2.387339641157035786e+01
5.976716876579104998e+00 2.313588801434594444e+01
5.977295550878510610e+00 2.220831424993773595e+01
5.978962569806408389e+00 2.347193413649399929e+01
5.983566534774761969e+00 2.373160757406198584e+01
5.985550771898944689e+00 2.202207089180013355e+01
5.985904960760414895e+00 2.333775165178250077e+01
5.991546402493035828e+00 2.202532685920440869e+01
5.998379543014517701e+00 2.309949254079750958e+01
6.004047365821150173e+00 2.269977438639137191e+01
6.007434521995514309e+00 2.339119911539147978e+01
6.010193796514886166e+00 2.264691494973055441e+01
6.020748802195629246e+00 2.263561805975336583e+01
6.021620202579058834e+00 2.369659756737550182e+01
6.025022240296108222e+00 2.225049446440425527e+01
6.027957304665895855e+00 2.320088028505263367e+01
6.033658858782510848e+00 2.249085914228008320e+01
6.036345690863901936e+00 2.247969399827572445e+01
6.038825343919775435e+00 2.273858924754678767e+01
6.040332945565350720e+00 2.310316165645983588e+01
6.040729476391911490e+00 2.220178937796620389e+01
6.040729970242724178e+00 2.254670420449290802e+01
6.043610087623911831e+00 2.279509849551288880e+01
6.052549058682603622e+00 2.375574865496301769e+01
6.054237488431353675e+00 2.265263882487418456e+01
6.054253418571565959e+00 2.265209691870369113e+01
6.056744326159663849e+00 2.206880673689973449e+01
6.058906512874576933e+00 2.221044330637815278e+01
6.064036760231740431e+00 2.396534929949084614e+01
6.067188631048200165e+00 2.312814158392955477e+01
6.070384769416985904e+00 2.291724397732671648e+01
6.085730750066571382e+00 2.260564685431544873e+01
6.086858083883326387e+00 2.254726179330059921e+01
6.090993277726449939e+00 2.339836250405137363e+01
6.098556725144828050e+00 2.246541078018759308e+01
6.099613648335549421e+00 2.318522078392587460e+01
6.105711849485527587e+00 2.258643117145548018e+01
6.112428805024272549e+00 2.351385062160926154e+01
6.114551355919712883e+00 2.326494284759400699e+01
6.123832263988855829e+00 2.334104386017189725e+01
6.125069217553502199e+00 2.391744305815762672e+01
6.125484231560495374e+00 2.339168613437282218e+01
6.126627186728080154e+00 2.255382035159918885e+01
6.128441376106922966e+00 2.296903880202975046e+01
6.128584288326896612e+00 2.359713191519671938e+01
6.131019168329440383e+00 2.303039408711552127e+01
6.136804204869579671e+00 2.324968593309734288e+01
6.139504084205838375e+00 2.286231853463457497e+01
6.142879165029991206e+00 2.282195819472751808e+01
6.147865161397021438e+00 2.243695925510484557e+01
6.150659661757546637e+00 2.308318162510470017e+01
6.162125295263556346e+00 2.227092938315207604e+01
6.170430551736632019e+00 2.242086134144267717e+01
6.173975602065438828e+00 2.254695874632832542e+01
6.176162829643772056e+00 2.380326094352101762e+01
6.182127402994803234e+00 2.313570788105032960e+01
6.183212987859270982e+00 2.271546423742042364e+01
6.186461609522580396e+00 2.352093590662001077e+01
6.189107223230274180e+00 2.313393276335160209e+01
6.195070312376214083e+00 2.242886389561430249e+01
6.195259923719237172e+00 2.292421834605984898e+01
6.196812719563601135e+00 2.330210060002258388e+01
6.197840988233337178e+00 2.379581784565126057e+01
6.208893163648763647e+00 2.314469049676677059e+01
6.209365338749305074e+00 2.340361661519445846e+01
6.210163625590487513e+00 2.239075179760165923e+01
6.212723064167913201e+00 2.222904847603749090e+01
6.214862285775504702e+00 2.317623211584605514e+01
6.226094209111320943e+00 2.313264300547272612e+01
6.227550618398889348e+00 2.377042365040499305e+01
6.229859889360097824e+00 2.232814108758662641e+01
6.229891161517639553e+00 2.238727338675466427e+01
6.230364545075280702e+00 2.371192908604785643e+01
6.237577532018883986e+00 2.249128319919636354e+01
6.241271794712157650e+00 2.211834295393644823e+01
6.242978020984783605e+00 2.371576252892718273e+01
6.243861023011875844e+00 2.228597685724569999e+01
6.250639751868584781e+00 2.361426254361454724e+01
6.252772424757964131e+00 2.377181819992479461e+01
6.254853047934155974e+00 2.323908309236471226e+01
6.263070453186003306e+00 2.322565093191176189e+01
6.263660262307818805e+00 2.262785009904651545e+01
6.268381526774835955e+00 2.375406871159893640e+01
6.273483701451937122e+00 2.385300688506646338e+01
6.274864877764066762e+00 2.247158402663838572e+01
6.275636504457827058e+00 2.307140276134167323e+01
6.278261204937067852e+00 2.302898244055429444e+01
6.278279640702162823e+00 2.306069672619333843e+01
6.278328094034728579e+00 2.275542795238997940e+01
6.279487605495505775e+00 2.212343848109963673e+01
6.279807790797358180e+00 2.371775274701590064e+01
6.283826587926208518e+00 2.320766312171396351e+01
6.287903887403825998e+00 2.294754724364669585e+01
6.288055480154898014e+00 2.285536942647960856e+01
6.295239883122206059e+00 2.340112102095714874e+01
6.295429996342877033e+00 2.241252502662550228e+01
6.295863088990067524e+00 2.258118903946284206e+01
6.300862088318849530e+00 2.284357246350663573e+01






1.779730597445632867e+01 2.173766402239934337e+01
1.779746612441221387e+01 2.243240087872570854e+01
1.780054170600383756e+01 2.296340519159017646e+01
1.780219492144187399e+01 2.102920054436114583e+01
1.780987627222309655e+01 2.179115465008003483e+01
1.781055308640632617e+01 2.195941298238718176e+01
1.781790289577219966e+01 2.215726764774773017e+01
1.781959013723137986e+01 2.238973164434155194e+01
1.782007645567184539e+01 2.254466384459573547e+01
1.782565162039972861e+01 2.233676346477565033e+01
1.782723659701246888e+01 2.249698055193014312e+01
1.782878553250917264e+01 2.184135523851434613e+01
1.783535877624663613e+01 2.271293473227864013e+01
1.783838741230393055e+01 2.192796906614774599e+01
1.784100275295039850e+01 2.256072309084714433e+01
1.784499525419110455e+01 2.234796270496115866e+01
1.784598679815996647e+01 2.239333207016422023e+01
1.784935203655359359e+01 2.242607500050573677e+01
1.785612524196476159e+01 2.151405827931534986e+01
1.785944269718037702e+01 2.173307936563256604e+01
1.786205671424042052e+01 2.178221090815673477e+01
1.786623972179477704e+01 2.201146572188515904e+01
1.786718939678661044e+01 2.173467498277166854e+01
1.786894669198048646e+01 2.201675897691020367e+01
1.787206378107731908e+01 2.199987924674759299e+01
1.787249572931176189e+01 2.105314815479536605e+01
1.787611650472164371e+01 2.294177009994021077e+01
1.789803188257865685e+01 2.260844060923806254e+01
1.790517710440513000e+01 2.178161961387277046e+01
1.791547291087084659e+01 2.281744836015114686e+01
1.792064760281414593e+01 2.218980745403912991e+01
1.793229390056637129e+01 2.122870064481087482e+01
1.794050800015681446e+01 2.238541786504767828e+01
1.794431877594662694e+01 2.243868290937565391e+01
1.794467229005236319e+01 2.252510575941792936e+01
1.794819476340881081e+01 2.253714243366039582e+01
1.795473524010923683e+01 2.287311552208649701e+01
1.795487588235324949e+01 2.230093248174224030e+01
1.795526557649878896e+01 2.270997326860091903e+01
1.795828428728221837e+01 2.231721211169542585e+01
1.796033280951811406e+01 2.270017895695374577e+01
1.796161000268493879e+01 2.258676390436635018e+01
1.796582514343185366e+01 2.122965524878995325e+01
1.796609522824768490e+01 2.219894055401654498e+01
1.796758636419938071e+01 2.124968416899172396e+01
1.796889951198850000e+01 2.203529512658032274e+01
1.797042151316336245e+01 2.163433442018160591e+01
1.797062952396052182e+01 2.267181273269150310e+01
1.797133731432920456e+01 2.138504225049549134e+01
1.797360030754991911e+01 2.218379967690490062e+01
