1.496172365706118867e+01 1.411490502270644676e+01
1.496718386555397196e+01 1.408315840543857966e+01
1.496724068468608948e+01 1.401159644065151788e+01


1.386925363579689119e+01 1.352720775967166311e+01
1.387393955399978296e+01 1.493195383371919149e+01
1.387594068949218951e+01 1.318666312684624309e+01
1.387689321771751061e+01 1.468059094394304154e+01
1.388402753598078654e+01 1.446943565795485931e+01
1.389257622650908708e+01 1.434767733720487648e+01
1.389474957602025285e+01 1.375148146376747960e+01
1.389536202625574823e+01 1.456069881411287348e+01
1.389573679318407962e+01 1.458282270781629997e+01
1.391147802194558913e+01 1.358678585944491957e+01
1.391552680197870195e+01 1.347386627213150945e+01
1.391642881381884322e+01 1.475072391402835237e+01
1.392250224176204831e+01 1.431328594720389091e+01
1.392494080137537615e+01 1.333078470552307948e+01
1.392767270830655235e+01 1.399733949443926306e+01
1.393892136353638200e+01 1.378093692965877892e+01
1.394400555429807476e+01 1.363785909152582398e+01
1.394558802647262929e+01 1.336180566440632234e+01
1.394881566981761800e+01 1.463411640414557624e+01
1.395291999028166252e+01 1.397592698070720196e+01
1.395454942492132133e+01 1.374481260098630919e+01
1.395538350813908224e+01 1.363897357325311610e+01
1.395654217514149487e+01 1.448278757085923552e+01
1.395956590995134938e+01 1.340746746709912962e+01
1.396873256425696574e+01 1.393910302351561725e+01
1.396914620084753444e+01 1.471791454107766661e+01
1.396927373026350594e+01 1.378999094473397946e+01
1.396999675070883207e+01 1.395776691314679852e+01
1.398047754186020342e+01 1.451867662606875164e+01
1.398875772926999161e+01 1.399258123147259525e+01
1.399022845986513808e+01 1.424394235177405221e+01
1.399084833463993860e+01 1.396534007393852761e+01
1.399094924905234727e+01 1.365467925500760593e+01
1.400541165702534485e+01 1.428704057347234979e+01
1.400792503070922557e+01 1.411729035152803213e+01
1.401659185165739174e+01 1.352030987844374899e+01
1.401904900359976835e+01 1.319176106508799329e+01
1.401911676573934606e+01 1.338937178918675031e+01
1.401949995686823058e+01 1.390115986971091822e+01
1.402491285517930031e+01 1.443197086056552081e+01
1.402491948931029420e+01 1.455889811413665491e+01
1.402947753250364293e+01 1.391049079472890959e+01
1.403426163618324551e+01 1.392451931013377120e+01
1.403608349324606941e+01 1.347334762726693036e+01
1.404056581394871728e+01 1.364278746733348946e+01
1.404615144074063160e+01 1.437420582626010734e+01
1.404725764727121451e+01 1.401796442007410981e+01
1.404796335418232367e+01 1.475188373323501700e+01
1.405057455136961586e+01 1.361757642604621843e+01
1.405227000777434654e+01 1.383833138640911109e+01
1.405431894703677465e+01 1.418983867153920286e+01
1.405602569354768328e+01 1.330179564452839536e+01
1.406047622863133384e+01 1.398307149609021671e+01
1.406441192674031804e+01 1.404954061070688098e+01
1.406478045704115409e+01 1.311974109142244060e+01
1.406491225564225900e+01 1.338833951853748161e+01
1.406558957654390518e+01 1.448548924792645920e+01
1.406773524567219980e+01 1.441045641385499998e+01
1.406955410457297972e+01 1.366216065117514411e+01
1.407555152621570294e+01 1.422783935466450345e+01
1.408038583306615976e+01 1.376979333474991307e+01
1.408240631487507244e+01 1.397182788904208550e+01
1.408407179327456404e+01 1.476174345950248146e+01
1.408691266194172620e+01 1.430029960614663409e+01
1.408702082395618049e+01 1.471126823096730085e+01
1.409587709082805063e+01 1.441583299632712212e+01
1.410238175853099030e+01 1.439043641662283513e+01
1.410698487414219571e+01 1.367328500307451122e+01
1.411139710911466238e+01 1.476657111399322986e+01
1.411253586401475069e+01 1.301989862270306197e+01
1.411787246706215981e+01 1.360543594935669098e+01
1.412031270799542249e+01 1.417306132499350291e+01
1.412182654141795624e+01 1.322856544641514631e+01
1.412230411844179478e+01 1.401290115926358659e+01
1.412278051681240676e+01 1.440820007783246304e+01
1.412475711250446508e+01 1.496457219834231367e+01
1.412752664194715280e+01 1.368395962785771580e+01
1.412795132548018096e+01 1.311383745228227227e+01
1.413652640688135165e+01 1.386630287712514686e+01
1.413697204892667969e+01 1.461891266107828180e+01
1.413859730925990732e+01 1.357476011807414551e+01
1.414510821925381556e+01 1.423129789364870312e+01
1.414974635056099928e+01 1.338025767032221758e+01
1.415467944352713481e+01 1.422292923628341121e+01
1.416087575338558402e+01 1.492859400080348742e+01
1.416460488397864559e+01 1.320488678805885563e+01
1.417163260989804385e+01 1.478997253411706936e+01
1.417439285407612282e+01 1.372255483209661797e+01
1.418860876940187588e+01 1.326015531427976768e+01
1.419757932957370272e+01 1.426129310077706691e+01
1.421018825787104589e+01 1.494246739181772199e+01
1.421063541452884138e+01 1.410703438064488680e+01
1.421250641785736590e+01 1.486375701787000381e+01
1.421306516301913092e+01 1.401632308149227413e+01
1.421476394855153380e+01 1.444621253913458325e+01
1.423483779664132776e+01 1.444670944440572669e+01
1.424041735608523496e+01 1.431313905138356013e+01
1.424332595133293644e+01 1.327250695759612142e+01
1.425105512628117488e+01 1.315707694141861950e+01
1.425221331680199199e+01 1.452001486734129188e+01
1.426144647563263845e+01 1.476804175636560856e+01
1.426190347368803124e+01 1.349903437651909144e+01
1.426351490723200932e+01 1.433407608278155720e+01
1.426961561073307116e+01 1.421304906363593901e+01
1.427282389137309870e+01 1.377605937812798587e+01
1.427605294067525499e+01 1.425321079753925346e+01
1.427723204076134600e+01 1.389789394589150540e+01
1.427840704044621134e+01 1.401060955731474778e+01
1.427995994469953089e+01 1.354205359910705653e+01
1.428874298849141766e+01 1.335779168111637105e+01
1.429123389474083261e+01 1.364312911920541360e+01
1.429563531955507472e+01 1.403990950875913413e+01
1.429916980654629377e+01 1.489551781517280560e+01
1.430046218471076713e+01 1.412218077348388867e+01
1.430083610018104601e+01 1.431990598169078943e+01
1.430435025306578467e+01 1.376906404501048442e+01
1.430441503693454663e+01 1.409859664181399630e+01
1.431986122370950021e+01 1.431194082566948111e+01
1.432442324574027026e+01 1.334937001991760219e+01
1.432727921869783927e+01 1.371708949759412555e+01
1.433171866693739638e+01 1.454088505893267680e+01
1.433292965985747891e+01 1.460746878724247821e+01
1.433564562732193970e+01 1.480419639811686139e+01
1.433642334767236015e+01 1.323001859735321872e+01
1.434076949533712231e+01 1.401849707604231909e+01
1.434123912744273532e+01 1.446934118179735584e+01
1.434369091816020791e+01 1.474572373416047455e+01
1.434559647152677542e+01 1.357942373257300339e+01
1.434828772929812679e+01 1.408496220365848473e+01
1.435062423016604072e+01 1.406004216057017686e+01
1.435119369354452168e+01 1.380180222404755064e+01
1.435183181581332512e+01 1.364838859615045408e+01
1.435256683427382107e+01 1.417378960377898345e+01
1.435386208194366198e+01 1.491462084415716305e+01
1.436559310386387978e+01 1.444880467799236001e+01
1.436883265412513744e+01 1.426472174936420778e+01
1.437090868968729751e+01 1.360040971813082145e+01
1.437499732696140775e+01 1.411455579504136892e+01
1.438594951928039833e+01 1.348324224935797666e+01
1.438821407880752190e+01 1.445084958310448364e+01
1.439035209671338578e+01 1.368892731070556579e+01
1.439949259206459864e+01 1.472345780983372165e+01
1.439951133381812376e+01 1.415862695338972443e+01
1.440725176137624075e+01 1.375873997754466949e+01
1.441663653896545405e+01 1.338613531358708109e+01
1.442032844688534077e+01 1.465185740966537153e+01
1.442384474820826057e+01 1.446417065330125773e+01
1.444554738929844007e+01 1.484070333709006384e+01
1.445629572040117417e+01 1.372454890964987051e+01
1.445924247261635465e+01 1.313875515530806837e+01


2.383167612664658375e+00 1.420085876867634234e+01
2.387261003456853992e+00 1.551034781704263210e+01
2.391262592312040525e+00 1.430661912095115618e+01
2.392128180487230527e+00 1.552257301727813044e+01
2.407487100629364551e+00 1.459182381482346891e+01
2.409940402928907766e+00 1.434577569617946402e+01
2.415292073249003746e+00 1.509303175710051903e+01
2.416518957197821393e+00 1.519265640528877626e+01
2.420478711547674688e+00 1.458068888279547615e+01
2.423619218084927418e+00 1.438001561876685308e+01
2.425621687984384600e+00 1.513438562339821480e+01
2.426848542631740990e+00 1.569977566417337123e+01
2.427235253243039459e+00 1.432286610603061838e+01
2.430181099591003147e+00 1.480091505407929908e+01
2.436049544687547641e+00 1.439127247587071601e+01
2.437721224450238644e+00 1.531891319728465106e+01
2.438920001053858755e+00 1.417334714532108819e+01
2.440087069050054236e+00 1.557570518125417003e+01
2.441428135214468220e+00 1.568909740124044205e+01
2.446600589963481731e+00 1.520046086121657680e+01
2.446937740328362754e+00 1.418561037482293230e+01
2.455319114397572999e+00 1.512740066675083206e+01
2.461114605268606148e+00 1.532553462700183466e+01
2.466522888459466323e+00 1.544903066171837303e+01
2.472446145706708176e+00 1.522707739110853709e+01
2.482984790936915598e+00 1.466411389379450725e+01
2.489584767752524908e+00 1.481294756026249537e+01
2.489675883578668092e+00 1.470894490219520279e+01
2.494015293967942526e+00 1.445611251481472159e+01
2.500880349904636368e+00 1.503763026235014522e+01
2.503294767334993676e+00 1.429795072571455528e+01
2.517609612236640260e+00 1.447610444849664901e+01
2.523429451792894351e+00 1.507757654607965137e+01
2.534466661758676409e+00 1.520505498210428819e+01
2.536635706947269586e+00 1.442475387102123818e+01
2.537963013459033856e+00 1.547945564012226782e+01
2.545924691851602972e+00 1.449062471077614767e+01
2.554882256117499306e+00 1.559780659429482341e+01
2.557328033785461585e+00 1.463641504032491625e+01
2.562176668050322625e+00 1.532890218760311818e+01
2.580214048928378912e+00 1.438614629293656222e+01
2.584550476060993418e+00 1.436397216447544167e+01
2.584988751720257216e+00 1.527598098256970616e+01
2.595654958692550363e+00 1.522505012308225680e+01
2.596213226794116480e+00 1.503474638231261373e+01
2.602070487533496124e+00 1.501620539662112641e+01
2.608380347623622253e+00 1.533535506105531177e+01
2.614914409875683354e+00 1.501110380115713916e+01
2.621136952845164902e+00 1.446171156904918575e+01
2.626131800440499653e+00 1.460714254839196435e+01
2.629106922734659513e+00 1.499431860374382453e+01
2.632164459501936005e+00 1.445704103413783770e+01
2.635879987767246746e+00 1.478954032837055088e+01
2.645289475241948463e+00 1.427764478126089820e+01
2.651117488868662608e+00 1.433060483161817977e+01
2.655067264557740003e+00 1.462551880875398069e+01
2.664714968753623126e+00 1.510270916945655983e+01
2.671149794858914017e+00 1.465831415123517267e+01
2.674571437328209900e+00 1.539046629807377364e+01
2.677588438001040405e+00 1.503158592190536069e+01
2.688936798464720113e+00 1.462603961971355915e+01
2.692938009018287726e+00 1.430994732398049685e+01
2.711327243958155719e+00 1.456227203753109123e+01
2.717607527113587107e+00 1.523511690550662934e+01
2.723037895479993420e+00 1.442131636877007850e+01
2.724819842300533423e+00 1.559067842513301727e+01
2.725218773152554341e+00 1.482803618601029605e+01
2.733111175520412939e+00 1.452576739927596527e+01
2.747169816776239948e+00 1.517893061034808078e+01
2.749336581478546204e+00 1.498047765484454530e+01
2.750518611880449882e+00 1.438230061329175236e+01
2.756712176467503106e+00 1.482604246766602074e+01
2.782176517922150261e+00 1.551196346117820468e+01
2.791418247112189555e+00 1.509013071015061414e+01
2.796413829022802222e+00 1.495775423990344954e+01
2.796888275587752659e+00 1.460261608128923250e+01
2.798771178266870940e+00 1.528832882215403899e+01
2.802009190225704494e+00 1.511612274928508270e+01
2.817733287144217336e+00 1.514329556129719911e+01
2.823797895398934887e+00 1.470116610355174558e+01
2.830222086190502306e+00 1.510174620474067275e+01
2.833713438409683594e+00 1.546465879133297960e+01
2.848483604787773960e+00 1.455805786669362512e+01
2.855530945014173927e+00 1.519774907110725515e+01
2.856351339354210150e+00 1.464097673677578015e+01
2.863985354688321827e+00 1.482745851202197152e+01
2.870433401544244756e+00 1.540609492575432249e+01
2.879969058665315274e+00 1.459320361624724782e+01
2.890911361043275729e+00 1.461914945587758297e+01
2.893265497484681426e+00 1.502179197726755788e+01
2.898109108575336990e+00 1.476893645224071427e+01
2.927150940894388320e+00 1.502706595355647146e+01
2.933461858899255592e+00 1.496307350358669197e+01
2.952075293791680988e+00 1.492507557044985766e+01
2.967472373369072880e+00 1.478407307524543057e+01


1.028880977681877251e+00 1.522625090112590662e+01
1.030222726828219582e+00 1.483049822683471675e+01
1.062178196499153016e+00 1.509711392896707594e+01
1.074859691947598783e+00 1.523345976695721404e+01
1.075910994389322806e+00 1.492667465011876082e+01
1.090625840454916506e+00 1.487008005573506253e+01
1.095457474778213092e+00 1.518259605414059976e+01
1.122707798988183736e+00 1.507742296123701031e+01
1.126170485527532072e+00 1.546900641986747615e+01
1.144569294412338234e+00 1.540302109363622662e+01
1.153358036537352582e+00 1.521691830154382252e+01
1.155832905351527273e+00 1.471456607464537392e+01
1.156052267401101563e+00 1.460315698016285779e+01
1.167294680476421487e+00 1.504859576930099152e+01
1.177101543779565329e+00 1.511431207251646214e+01
1.190101903237700265e+00 1.475445273846760941e+01
1.192606967578357491e+00 1.456635058191742615e+01
1.215997918394668309e+00 1.484211919719505346e+01
1.219437593941208764e+00 1.504587102507712970e+01
1.222100512243260884e+00 1.472654065713437177e+01
1.223613021483543228e+00 1.546930002526988801e+01
1.226338174011178728e+00 1.448301268410667575e+01
1.232514762645594564e+00 1.452113866775567885e+01
1.243762695907984384e+00 1.455064961304861981e+01
1.250810633815903961e+00 1.559678880349026997e+01
1.259124645425040878e+00 1.472197336395656464e+01
1.265384058921609878e+00 1.437011529144658084e+01
1.276741942808515828e+00 1.469166935692686060e+01
1.276997017776106080e+00 1.487718998212925747e+01
1.293050391404367838e+00 1.500808285025636302e+01
1.294206815352615170e+00 1.533380053751077021e+01
1.301165017516902500e+00 1.449161279225464583e+01
1.304539248950186581e+00 1.519817076275664647e+01
1.311384637960100630e+00 1.470884886257534596e+01
1.315313605948547515e+00 1.447136577325047568e+01
1.316411056138440561e+00 1.494172749027330127e+01
1.321096042431181061e+00 1.524158541826568047e+01
1.326108614531878338e+00 1.527976250262458713e+01
1.326705083052353462e+00 1.472498435073613443e+01
1.334778174516870086e+00 1.549801739968546066e+01
1.336460918716451562e+00 1.486510693815921336e+01
1.339235240965775509e+00 1.455823006895048266e+01
1.341091247324789348e+00 1.425259457607138280e+01
1.352761373770730025e+00 1.561569627017257744e+01
1.354699700228355175e+00 1.492993454696157762e+01
1.359891999827812725e+00 1.525193479550783593e+01
1.360395103801881334e+00 1.480862185531606734e+01
1.361285358004091339e+00 1.460231697634335646e+01
1.371039416365586350e+00 1.423274701294213074e+01
1.373035016830946642e+00 1.424511251677463797e+01
1.380701593463969035e+00 1.503012890388399647e+01
1.386577271864093630e+00 1.466017960977721124e+01
1.388640076789290134e+00 1.482429489854104432e+01
1.388937092622751557e+00 1.433269949671654686e+01
1.390661716367207701e+00 1.525990685720462459e+01
1.394132131408604591e+00 1.458836729062647919e+01
1.397730788153695780e+00 1.536190130027260103e+01
1.397800983920210349e+00 1.480188436819170050e+01
1.402440995308539939e+00 1.481080265038336741e+01
1.405578104245444493e+00 1.482518965233261810e+01
1.406608554052839022e+00 1.513705033432460034e+01
1.407008642286348366e+00 1.481600803253010312e+01
1.410514472411577014e+00 1.487312427804932291e+01
1.411061338145316313e+00 1.484716734497598267e+01
1.429674611746159396e+00 1.580849515878724887e+01
1.436276800994257918e+00 1.476732233466057842e+01
1.437897801737410663e+00 1.540190219259547710e+01
1.441491943839585232e+00 1.504452626917614211e+01
1.448425181896901837e+00 1.475354931368796585e+01
1.451074430549905259e+00 1.531737817902221011e+01
1.457946453314102442e+00 1.557841882440546044e+01
1.461929037830145273e+00 1.473272158730735981e+01
1.477668974607212693e+00 1.521512633778842627e+01
1.481910845996952553e+00 1.526803724183801769e+01
1.482165936385199778e+00 1.460212541052169755e+01
1.495052435042692807e+00 1.435009443339084534e+01
1.500541448584071125e+00 1.459513910018287852e+01
1.509826569907495086e+00 1.435701585914566358e+01
1.513578774813498784e+00 1.466993837879317830e+01
1.516822575210966750e+00 1.479846184996986125e+01
1.517548906698360289e+00 1.557376007264531381e+01
1.519485470528140869e+00 1.530126125130051484e+01
1.520632618850309203e+00 1.455757844413758484e+01
1.525925349391222596e+00 1.571410601412305041e+01
1.526790582393980245e+00 1.484779263207988542e+01
1.528324976130806423e+00 1.530448478818030367e+01
1.535539776902870468e+00 1.490800335147563871e+01
1.537130149175237159e+00 1.469389565053456970e+01
1.540371975944459182e+00 1.450441840530925042e+01
1.540931799988507489e+00 1.529128436901123678e+01
1.558791002269382941e+00 1.455674616171619995e+01
1.566027124857286124e+00 1.437115754158816650e+01
1.571997253687883678e+00 1.442660654635211515e+01
1.573230157689932129e+00 1.436836162107997872e+01
1.575494414288334699e+00 1.585424217302350414e+01
1.579391396938561343e+00 1.466828179965213153e+01
1.587383674336408035e+00 1.433106677537384499e+01
1.589701562172144200e+00 1.409024519950095922e+01
1.605466902675930951e+00 1.541525639846575402e+01
1.612949340925293740e+00 1.482348399204645872e+01
1.616629991612276385e+00 1.541747360308399273e+01
1.616636563828526274e+00 1.416212125777098052e+01
1.618800719652092601e+00 1.428358528374510783e+01
1.619419427153579338e+00 1.536801604993933346e+01
1.621312170255007512e+00 1.585927538657930569e+01
1.628456437092913989e+00 1.548147787686249366e+01
1.640710630294573757e+00 1.581191413562947012e+01
1.641016046736066603e+00 1.461197196964469924e+01
1.642219831188798329e+00 1.486451699778467805e+01
1.646543515550425774e+00 1.531431847597420060e+01
1.656301852034675059e+00 1.471039625341318846e+01
1.660022580700093009e+00 1.406068255310815474e+01
1.663350599371238747e+00 1.496021717630577541e+01
1.665824728246176445e+00 1.412428117860715204e+01
1.666131099718169972e+00 1.463602821246122154e+01
1.667727416268542262e+00 1.414540243020040400e+01
1.669995626045517989e+00 1.526611471163776557e+01
1.672345676850468754e+00 1.453543311921308145e+01
1.686493558135498727e+00 1.441044348796166830e+01
1.688270362402675806e+00 1.541358892878737130e+01
1.696842900383892516e+00 1.494615640127794975e+01
1.698269601171823684e+00 1.551107817239076070e+01
1.704664937080385467e+00 1.489359306948712636e+01
1.705777327988514891e+00 1.565229644230308459e+01
1.706167694527177980e+00 1.438785899178742689e+01
1.715745792478845955e+00 1.425520379249657843e+01
1.719673601264021690e+00 1.578787799714059581e+01
1.721489187301492141e+00 1.410245564548776365e+01
1.730072321820395054e+00 1.560717015567594323e+01
1.733949939254616490e+00 1.567880149066844631e+01
1.738421752978549284e+00 1.564497240322732452e+01
1.745677118635004410e+00 1.580865161132113350e+01
1.748212384195389379e+00 1.434690280774861471e+01
1.749686471524722231e+00 1.550714105091961592e+01
1.753651677666711706e+00 1.439060451338125191e+01
1.758493043549732349e+00 1.431590514772931044e+01
1.758668290161952807e+00 1.470003682980085991e+01
1.761859854304284934e+00 1.531422324669486024e+01
1.763046250196835141e+00 1.403403098633233625e+01
1.764037123134779783e+00 1.469001911194915877e+01
1.764952269211379710e+00 1.426342063093163759e+01
1.780890372416511713e+00 1.505751998656105073e+01
1.782305622968408443e+00 1.408717597161206037e+01
1.783050548936468083e+00 1.539288703507246403e+01
1.784607428220520209e+00 1.532439229142453563e+01
1.793420892624453700e+00 1.584000550320847545e+01
1.794068143744190991e+00 1.475036251810755061e+01
1.797110513779543339e+00 1.456592600572272644e+01
1.798023226776971573e+00 1.447934482519265487e+01
1.800462512314625618e+00 1.434983307389010143e+01


3.741147432240965998e+01 9.835823324485726715e+00
3.741282551341062401e+01 9.798995266211148802e+00
3.741571312021257256e+01 9.532496201889388843e+00
3.741915016467908828e+01 1.020069362445410732e+01
3.742613868813144506e+01 1.076041112645590658e+01
3.743467521347836424e+01 9.442505515073094102e+00
3.743837301058570688e+01 1.005405539889254740e+01
3.743837536605287397e+01 1.067970711696891328e+01
3.745154192830852935e+01 9.772863689105292906e+00
3.745211563010872879e+01 9.985503781503458853e+00
3.745554120183339109e+01 1.010797187814697118e+01
3.745600847242437936e+01 1.036358538008887287e+01
3.747052744922044099e+01 1.080393380301488193e+01
3.747956141566869803e+01 1.062255623949124583e+01
3.748666116012788763e+01 1.005030878616701884e+01
3.749017108521879038e+01 1.015286271546267116e+01
3.750123611646505140e+01 1.058828461482386274e+01
3.750162094335302498e+01 9.209368376908164677e+00
3.750534649237537366e+01 1.066539702296580217e+01
3.751056709556887370e+01 9.762620852868478138e+00
3.751841689170100835e+01 9.527663422215512767e+00
3.752103002443402602e+01 9.321830133526411544e+00
3.752453785578421019e+01 1.027123513196541005e+01
3.754773433134897687e+01 1.009561837631285997e+01
3.755432340627419308e+01 9.280488869790909590e+00
3.755541394389840804e+01 9.791592665526760442e+00
3.755567582051508424e+01 1.056067361398222992e+01
3.755788512855054506e+01 1.065642483007010455e+01
3.755813057774521724e+01 9.760809380226151077e+00
3.756253495173504575e+01 1.004695037959807813e+01
3.756307908534206064e+01 1.025990293135390807e+01
3.757082174462647117e+01 9.731883527536497880e+00
3.758001057977261183e+01 9.398764125622092180e+00
3.758144779351133735e+01 9.523951143505875905e+00
3.758207842051656655e+01 1.008679512155624280e+01
3.758364918093409557e+01 1.012499271716182925e+01
3.758619732630431542e+01 9.209375633678066109e+00
3.758839144992973047e+01 9.467655200857830522e+00
3.758843200917465310e+01 1.036174835679989670e+01
3.759235285958924777e+01 9.353007252161489760e+00
3.760790391740392380e+01 9.851338882190674440e+00
3.761118649664944513e+01 1.053605291940542088e+01
3.761240758630211189e+01 1.040428231000622183e+01
3.761290765810793602e+01 9.629418326929062744e+00
3.762201473088375536e+01 1.058967180610602021e+01
3.764379571995139884e+01 1.044248511534678947e+01
3.764510657324216680e+01 9.813675155551045748e+00
3.764676303496759147e+01 9.413223885841739857e+00
3.765012496748341420e+01 9.258879114363940843e+00
3.765561619373207236e+01 1.000048815252381651e+01
3.765719852634366305e+01 1.064817410685297538e+01
3.766187317713828264e+01 1.034891883430826809e+01
3.766816991629809053e+01 1.058204379280653740e+01
3.766847681208464138e+01 1.010506271105594855e+01
3.767028327610708516e+01 9.689484581176305511e+00
3.767090650156693954e+01 1.059668503625737834e+01
3.769061761047611014e+01 9.634898922383074549e+00
3.769395885324648532e+01 9.323960280178328119e+00
3.769751209297881189e+01 1.039119291259732947e+01
3.769987969415252849e+01 1.023498451681998311e+01
3.772084650734467459e+01 9.755688036072404756e+00
3.772735365866040524e+01 9.469006798517327184e+00
3.772955288554972242e+01 1.023429141288430166e+01
3.772972039226409180e+01 1.028462565603557621e+01
3.773833771131550208e+01 9.675307592903571674e+00
3.777093403624974144e+01 9.847523002116133739e+00
3.777676401300890063e+01 9.745106796561431750e+00
3.777961616511822740e+01 1.021615567152129422e+01
3.779360056966293513e+01 1.007876240661036604e+01
3.782073713863339037e+01 9.553548281678404308e+00
3.782617370941633084e+01 1.025850747319096357e+01
3.782822311839282747e+01 9.916017381108689577e+00
3.783118556498982343e+01 9.464392527915308051e+00
3.783321536840216481e+01 9.633434512760839397e+00
3.784123427886214586e+01 1.053402493073091684e+01
3.784557783098978234e+01 9.698251454139526828e+00
3.784642458607751081e+01 9.774046767124048074e+00
3.784666229897597134e+01 1.014740264800029657e+01
3.785897322339726401e+01 1.007542174469748986e+01
3.786170063537650066e+01 9.956972820563429138e+00
3.787148118283673170e+01 1.004046649500645216e+01
3.787571701871976870e+01 1.031698762335194353e+01
3.787886805996582495e+01 1.036110646966734095e+01
3.789638893806829856e+01 1.024873745587536433e+01
3.789660043831590741e+01 1.012070915577491270e+01
3.790071209834763266e+01 1.024549162873153385e+01
3.793622982952469869e+01 1.021503935790615181e+01
3.794198135844145270e+01 9.787752272496394568e+00
3.796057197363413849e+01 9.836788105412534122e+00
3.797068591488645950e+01 9.959422123598628218e+00
3.797200221046468016e+01 9.851638162620325545e+00
3.799303951996581930e+01 1.008596353349468622e+01
3.799661232304248415e+01 1.006484026102766016e+01


3.687581424173184530e+01 9.885047777775142208e+00
3.687650393058299869e+01 1.009455279873418654e+01
3.687672954255305768e+01 9.180645314588522510e+00
3.687866354087113763e+01 1.031156111064414560e+01
3.688997842610486799e+01 9.703873439827818359e+00
3.689137163286409304e+01 1.027862728496921285e+01
3.689412475054531626e+01 1.015748424634987046e+01
3.690793693544812726e+01 1.026290576389659037e+01
3.691034750717358293e+01 1.082373070151098382e+01
3.691286323119651058e+01 9.881719100177676296e+00
3.691614895041863065e+01 9.994718119656260669e+00
3.692176697141130859e+01 1.058631736560441006e+01
3.692600663688745755e+01 1.038385913035164521e+01
3.693207671327825636e+01 1.092398321048970899e+01
3.693329088164023943e+01 9.905977832112959902e+00
3.693527083521733800e+01 9.958429459531609851e+00
3.693989011110357978e+01 9.459914555133114078e+00
3.694166481569290994e+01 1.009666986608952932e+01
3.694803730747864279e+01 9.483614083704805964e+00
3.695026211924326276e+01 9.594301366554923050e+00
3.695422666583199600e+01 1.090060259352863170e+01
3.695826359255413252e+01 9.571148352683545468e+00
3.696643422917677668e+01 9.281622800352842262e+00
3.696652015037226136e+01 9.959134624100483890e+00
3.696820719610877148e+01 1.072973140728322861e+01
3.696822907111516088e+01 9.651720299484020771e+00
3.697534841820727536e+01 9.805498742048968097e+00
3.697584052625565931e+01 1.067866314599975830e+01
3.697829649724536694e+01 9.050359654671868981e+00
3.697894342135519707e+01 1.073893276835449484e+01
3.697917790921526660e+01 9.931181643555145655e+00
3.698378839330714385e+01 1.060447539528698968e+01
3.698581328140920021e+01 1.052622739022403664e+01
3.699001012793566900e+01 1.078864877035274894e+01
3.699836341359840475e+01 1.006821834082951028e+01
3.700052526521634633e+01 9.214260166891392601e+00
3.701107781141659103e+01 9.191738452422704597e+00
3.701702647445436156e+01 1.056765091260807132e+01
3.701760353113220958e+01 1.090930496163958807e+01
3.702055815097937597e+01 1.008888076303171033e+01
3.702098895332618866e+01 9.728314509359547557e+00
3.702540718186421032e+01 1.089652515181754389e+01
3.702781114685787145e+01 1.019369072089447670e+01
3.702791001624066780e+01 1.065483954035499892e+01
3.702906904751898054e+01 1.062373087024595897e+01
3.703446213797616338e+01 1.050203560946798298e+01
3.703447954933367470e+01 9.724285835005709089e+00
3.703967412782668589e+01 9.985522670325364558e+00
3.704179157897888075e+01 1.028290806474963759e+01
3.704291615963943229e+01 9.927087052766308872e+00
3.704770255479263596e+01 9.528508991804136130e+00
3.705499035282963405e+01 1.010513355701059623e+01
3.705647208732534637e+01 1.054824875082569235e+01
3.706019476853642658e+01 9.640198999476272235e+00
3.706112918689649405e+01 9.798230554245902724e+00
3.706135960543345220e+01 9.894589258519932429e+00
3.706785867646128452e+01 1.002483907971009813e+01
3.707074439549934652e+01 9.816444531732329892e+00
3.707291728442644541e+01 9.591678127855345792e+00
3.708640780528710224e+01 1.007034015003333671e+01
3.709149134332825071e+01 1.030287466206278069e+01
3.709189752131719331e+01 9.605759045453666545e+00
3.709246932905798388e+01 1.014149213295079122e+01
3.709682397830346900e+01 1.075843357156158575e+01
3.709891432005144196e+01 9.683685315916477521e+00
3.710810915350236172e+01 9.062196150433722508e+00
3.711636020488285936e+01 1.027637377411659614e+01
3.711885275567183129e+01 1.093798250846098163e+01
3.712092164387710369e+01 1.011231923423198786e+01
3.712163246204931966e+01 1.087043203207897868e+01
3.712181566279412692e+01 1.019435571630619641e+01
3.712323547541993207e+01 9.865331172912902957e+00
3.713238239905768978e+01 1.092379454458119703e+01
3.713714023426418009e+01 9.222901268337457381e+00
3.714107915623644374e+01 1.083647625707960493e+01
3.714135078593761818e+01 1.019475079079555435e+01
3.714226237036145051e+01 1.094131855771092532e+01
3.714270425007716625e+01 9.848600021176492803e+00
3.714590836129326590e+01 1.085330003486991224e+01
3.714598085956811957e+01 1.050299280399000779e+01
3.715007542170473442e+01 9.247163074008339478e+00
3.715052166176256065e+01 9.027806594712473043e+00
3.715229942967535237e+01 1.015257468245660633e+01
3.715829037891988662e+01 9.843109886175888334e+00
3.715913702006424302e+01 9.392577527065336440e+00
3.716241354793601204e+01 1.020487956346650371e+01
3.716454543960146140e+01 9.833278620584588126e+00
3.716462860650582201e+01 9.179499295739230291e+00
3.716991732604188314e+01 9.847346835716756175e+00
3.717046823119369492e+01 9.574649948765570073e+00
3.717181830274927279e+01 9.548721436140503727e+00
3.717299608132518074e+01 9.627279129063110119e+00
3.717494870950134356e+01 9.858621620211124537e+00
3.717609754422576884e+01 1.043662167744768077e+01
3.717904714457880289e+01 9.354352103707839206e+00
3.718011835199507686e+01 9.267327827727921630e+00
3.718659269703858428e+01 1.056205753987467588e+01
3.718780948006875064e+01 9.222011075392835266e+00
3.718871228710174393e+01 9.860998347087734928e+00
3.719186352653784411e+01 9.374041626590930321e+00
3.719716681461417096e+01 1.013009091271514173e+01
3.719848734005670110e+01 1.017435281333007957e+01
3.720884138014651654e+01 9.902076941488653361e+00
3.720923854181516077e+01 9.901600740361633513e+00
3.721486003538009868e+01 9.613500001055886202e+00
3.722504906729567153e+01 1.026036684700779311e+01
3.722520442891196524e+01 1.007722192811854889e+01
3.722852050371297850e+01 9.751206586057968195e+00
3.723243712183742105e+01 1.032815103485192587e+01
3.723366100048902894e+01 9.630794257655166390e+00
3.723510206508777998e+01 9.821635608546435137e+00
3.724299689617369324e+01 9.739384354334761795e+00
3.724302366814958987e+01 1.024584701387947483e+01
3.724968269529849607e+01 1.027879958062940524e+01
3.725164140235310128e+01 9.466527587544980804e+00
3.726200501753531569e+01 9.595134371365718451e+00
3.727243623269090733e+01 9.349837075473573123e+00
3.727449071187832885e+01 9.346347884448293897e+00
3.727579188507787933e+01 1.016310784105816900e+01
3.727963240558283786e+01 9.449767542201442438e+00
3.728348861729380559e+01 1.009933725334860455e+01
3.729069530634204455e+01 1.087012085508833614e+01
3.729668721513175456e+01 1.055692771924625717e+01
3.729797097647742987e+01 1.088721190842862185e+01
3.730749796011721742e+01 9.514418954770144765e+00
3.730941025587546989e+01 9.530516066393190044e+00
3.731663092152655992e+01 9.802201115414874266e+00
3.731705817333644859e+01 9.589316896690938563e+00
3.731750110472462723e+01 9.579504368870805919e+00
3.731811527423815988e+01 1.009555461521068409e+01
3.732201464830776416e+01 9.717017971047205549e+00
3.732366513695112786e+01 9.546297464549194700e+00
3.732422303081605008e+01 9.854786254312022820e+00
3.732781818829540299e+01 9.964315720296275103e+00
3.733138460529563218e+01 1.084631855929660560e+01
3.733317612330926494e+01 1.027586686667797622e+01
3.735492546979212136e+01 9.214749194625628803e+00
3.735673188325753102e+01 1.029556857684301185e+01
3.735731300783874076e+01 1.072558753236880236e+01
3.735772109321551682e+01 9.751512092594660785e+00
3.736044162780536482e+01 1.069729623262858809e+01
3.736757105771334153e+01 9.866356640439276404e+00
3.737325303793704023e+01 1.017088708051672441e+01
3.737699142623514348e+01 9.928858701445609114e+00
3.738045077099010172e+01 1.016927763963517961e+01
3.738098520326005314e+01 9.328750878206729880e+00
3.738877155477086234e+01 1.038848287183566299e+01
3.739444331399405996e+01 1.042154029327463682e+01
3.740753604402799937e+01 1.007636383657478518e+01
3.740882963139600292e+01 9.903173461890240503e+00


3.202314226205356107e+01 9.954837104920951418e+00
3.205687121296391950e+01 9.843996815516131704e+00
3.205924325396014041e+01 9.770345353307904546e+00
3.206409595962531967e+01 9.717186734646913848e+00
3.207775181948061771e+01 1.036314523338852034e+01
3.209373350052438667e+01 9.922990248822561199e+00
3.210847188045910627e+01 9.667432831293163886e+00
3.211071540160193649e+01 9.599362187597076712e+00
3.213589007208203441e+01 1.002198825983003694e+01
3.214070312547424635e+01 1.013921195333494119e+01
3.214913349816861654e+01 1.017479587610340630e+01
3.215672086413246689e+01 9.508033647943298305e+00
3.215885982665180620e+01 1.014228535581318091e+01
3.216823499637516903e+01 9.919088564722278178e+00
3.217477107758592325e+01 9.830611201800163457e+00
3.218376642193175741e+01 1.033532888167549757e+01
3.218389676555581502e+01 1.004926063724504992e+01
3.219424104197742054e+01 9.775792043744647941e+00
3.220213263120678704e+01 9.620803930245939384e+00
3.220624081357473756e+01 9.938761992857301664e+00
3.221017567552402028e+01 9.887922760941732392e+00
3.221404993308203046e+01 9.993782903981953680e+00
3.222758237716643492e+01 9.904829833060952993e+00
3.222969254952649010e+01 1.019279209046104917e+01
3.223234043775222801e+01 9.376598395913717354e+00
3.223304021277853337e+01 1.025958224225367665e+01
3.223645207175366068e+01 1.009923682361307229e+01
3.223871924408449985e+01 1.054429234968083229e+01
3.225130681234507080e+01 9.577553171734303206e+00
3.226493553447220819e+01 1.011431134383855479e+01
3.227815652832899218e+01 1.011058444449317406e+01
3.228351729050553587e+01 1.000904782419484818e+01
3.228579660543014995e+01 9.486456905401931650e+00
3.229554739415531373e+01 9.594950995401642757e+00
3.229804115071883075e+01 1.059442571573069181e+01
3.230564099988366422e+01 1.013361776666980063e+01
3.231352540481582025e+01 1.038124811225711319e+01
3.231652190969153793e+01 9.297007641110894838e+00
3.232450063080366931e+01 9.669142227966212033e+00
3.232762676546516900e+01 9.546936402977829417e+00
3.233964374938777553e+01 1.008101154293036750e+01
3.234749715821684646e+01 1.057036359438845885e+01
3.235045041556938372e+01 9.877581607138562703e+00
3.235433160282421738e+01 9.357603946881832613e+00
3.235838388527707821e+01 9.838693694755543007e+00
3.236588893379768450e+01 9.491093053142796165e+00
3.237493314953216128e+01 9.476474549228916189e+00
3.237517164192644969e+01 1.022856816197809593e+01
3.237785491152830275e+01 9.512435707911542693e+00
3.239509593503591844e+01 1.057262486866448548e+01
3.239646103302075630e+01 1.055410898123797736e+01
3.240684146216301542e+01 1.064293535877274266e+01
3.241148444036254261e+01 9.653433132659522187e+00
3.241600689842420024e+01 9.773124286866137211e+00
3.241948535606528736e+01 9.212633004924988711e+00
3.242093246590810907e+01 1.057814509659799995e+01
3.243164322358374818e+01 9.606435365843784879e+00
3.244032790211839767e+01 9.680801607954098387e+00
3.244793581375767388e+01 1.067505575881628133e+01
3.245098018528155848e+01 1.078920146858120965e+01
3.245249826800117177e+01 1.035958512935017239e+01
3.245405222886260077e+01 1.070724644226791966e+01
3.245434076563091708e+01 9.472618354642118987e+00
3.245435252010139493e+01 1.004856879773650569e+01
3.245779714475386868e+01 1.047542860616186289e+01
3.245962254817430903e+01 9.387351530261735633e+00
3.247198572339352296e+01 9.189554516635034531e+00
3.247565988631272660e+01 9.870234903468467991e+00
3.247761768556000561e+01 9.474106402128542825e+00
3.248316070537464384e+01 9.755595267684133987e+00
3.248579542864666081e+01 9.959839451961746803e+00
3.249035667277509987e+01 9.680832803373485618e+00
3.249192959640624423e+01 9.384558609832238218e+00
3.249228087960647571e+01 9.579788020665937154e+00
3.249403551549612956e+01 1.056153241263851150e+01
3.250058448020433133e+01 1.024296474701571924e+01
3.250174323922040998e+01 9.373232937540185716e+00
3.250529590492593712e+01 1.058947537895085667e+01
3.250770341140609077e+01 9.482154738214214618e+00
3.251794073246536954e+01 9.676388015119030683e+00
3.252422668391708527e+01 1.069155528725574555e+01
3.252565603086728174e+01 1.070721397512716067e+01
3.252744169014294329e+01 1.020656476093538600e+01
3.253255496705513394e+01 9.666850974446058231e+00
3.253266339296817478e+01 9.245736998520630578e+00
3.253599126339606329e+01 9.701197970143892846e+00
3.253846118137425236e+01 1.035738376507792502e+01
3.254342368953734876e+01 1.001320165263028983e+01
3.254821667949018860e+01 9.666348243114693872e+00
3.256190875920435701e+01 9.485361265703707190e+00
3.256447999928196424e+01 1.008003437235722721e+01
3.256496766428112011e+01 1.061215265579202160e+01
3.257206895735811969e+01 1.038364766504044212e+01
3.257251371285639863e+01 1.069945341857469856e+01
3.259517497900841931e+01 1.033326556693138620e+01
3.259755528309081996e+01 9.521855712403699101e+00
3.260929479266631859e+01 9.834469032695272617e+00
3.261367704952017732e+01 9.570098678557968697e+00
3.261677948891610157e+01 9.839571097530766863e+00
3.261842067280790047e+01 1.010664786221962963e+01
3.262327212239290475e+01 1.042160237896889896e+01
3.262405972471528770e+01 9.471089262330233183e+00
3.262512354601833664e+01 9.839037163220869076e+00
3.262701848093439594e+01 1.040272567012616456e+01
3.263739666132821782e+01 9.620247510636758648e+00
3.263865090933518331e+01 1.084639190549902921e+01
3.264272458197491034e+01 9.339578159962229620e+00
3.264411031634133309e+01 9.176940672938931343e+00
3.265232012594476885e+01 1.047159834497177222e+01
3.265242143980461975e+01 9.236040826960545402e+00
3.265520826729545689e+01 1.037125383667502554e+01
3.265664633131845562e+01 9.957896781056945201e+00
3.267223086397915921e+01 9.781465966035804982e+00
3.267576093316522901e+01 1.024282422373037171e+01
3.268098602761936178e+01 9.468308789065099873e+00
3.268373710953203926e+01 9.387041219441250917e+00
3.269081345608200451e+01 9.542881379706159350e+00
3.269462983129199785e+01 9.544212822173577138e+00
3.269937260172684290e+01 1.052028567409574933e+01
3.270069977159560892e+01 1.046141144957024771e+01
3.270240474934252006e+01 9.565472957770337459e+00
3.270350931218438006e+01 9.910854031565381916e+00
3.270486015696702964e+01 1.093427366451989968e+01
3.270527992924854743e+01 1.027539598584704628e+01
3.271044323364158402e+01 1.027594093909124595e+01
3.271384483509644525e+01 9.186248824501728194e+00
3.272359519219919832e+01 1.036198987223010803e+01
3.272646629304420429e+01 9.548950995988967350e+00
3.273482885381938701e+01 9.312372585822332738e+00
3.273662155127732376e+01 9.227784492912904923e+00
3.275449733916964590e+01 9.645939520100462516e+00
3.276282756387212203e+01 9.989647492333752155e+00
3.276392537601863353e+01 9.630052942322556930e+00
3.276398261893778141e+01 1.028981313538971243e+01
3.276724014389832718e+01 1.066342461885312431e+01
3.277589112699359220e+01 9.920019973460000529e+00
3.278318975202318342e+01 9.054442888990777760e+00
3.278474248346895337e+01 9.545770649734425461e+00
3.279259646411934881e+01 1.064093500686602844e+01
3.279699003886521780e+01 1.022800126936238563e+01
3.280702487619875996e+01 1.080403886138114444e+01
3.281265505825503936e+01 1.005987252474287885e+01
3.281508828440430392e+01 9.636250559667667304e+00
3.281756001088553631e+01 9.595891345992441757e+00
3.281983762719784892e+01 9.833499445318647503e+00
3.282181762073479092e+01 1.034565353613783678e+01
3.282213406379708687e+01 9.606526233153172001e+00
3.282277035955299738e+01 1.013906137748465319e+01
3.282643896170363718e+01 1.012624968196829300e+01
3.283124730174688466e+01 9.529115886650174616e+00


2.735488387113259989e+01 1.027366595955645145e+01
2.735595858145639525e+01 9.862927364214719717e+00
2.735743224953372632e+01 9.319382459504836902e+00
2.737251844746030116e+01 1.039329895037147367e+01
2.737307841692874888e+01 9.682230294558127781e+00
2.737553747486924749e+01 1.015847747801267076e+01
2.738022109914292912e+01 9.481821478569042227e+00
2.738240260783839020e+01 9.366015594358108487e+00
2.738322336096785747e+01 1.021557794336984593e+01
2.738404874156714897e+01 1.025209296702174200e+01
2.738929645783209921e+01 9.556446079704855379e+00
2.739057294109363028e+01 1.053728790399421200e+01
2.739144391065586603e+01 1.079962544406794578e+01
2.739222492741178527e+01 9.412048557754410183e+00
2.739314146360828772e+01 9.673331432855810874e+00
2.739356912379663100e+01 1.069682844021401991e+01
2.739504607542934878e+01 1.014867578691110062e+01
2.739869345009107349e+01 9.163773398111185742e+00
2.740346040712760001e+01 9.183109132374447370e+00
2.740842336958777281e+01 9.456736013161718191e+00
2.740945703687991752e+01 9.097858998797272889e+00
2.742656457628446276e+01 1.070127147444517668e+01
2.742897099148618523e+01 9.580603467363163261e+00
2.742930664733658830e+01 1.001119886800286274e+01
2.743991423705980282e+01 9.642250471718059046e+00
2.744518480852781650e+01 9.615397592024883977e+00
2.744751979674687803e+01 1.076075298474988529e+01
2.745024187765169543e+01 1.035574966839505606e+01
2.745283729240103199e+01 1.067504439709908226e+01
2.745733085565578691e+01 9.717102275308215908e+00
2.746116241672417857e+01 9.286837127297431493e+00
2.747140583327799135e+01 9.811407923365690564e+00
2.747190533098955711e+01 9.165731609356340570e+00
2.747200062207009452e+01 1.057801437840476844e+01
2.747453689487297268e+01 1.026889646341172302e+01
2.747622709839322752e+01 9.928586960911811587e+00
2.747680512408742715e+01 9.861472797539576618e+00
2.747975752089383406e+01 1.052488786907449203e+01
2.748487173245696624e+01 1.026801391512373307e+01
2.748970492292469103e+01 1.047806727640444002e+01
2.749052286833644132e+01 1.032689558106069505e+01
2.749620871369671349e+01 9.188589507630831932e+00
2.751560517572691822e+01 9.691069049416585202e+00
2.752887358072210944e+01 9.663171210863628957e+00
2.753030795428742650e+01 9.332133149426660168e+00
2.753084508397592955e+01 9.896808076458071923e+00
2.753441470211581432e+01 9.178538619178084446e+00
2.754099865042184803e+01 9.960090560082770494e+00
2.755315825540920471e+01 9.887856417968105660e+00
2.756180823547282088e+01 9.816507860032018584e+00
2.756313876835153920e+01 9.272460947037808765e+00
2.756934214931630933e+01 9.487749801163522179e+00
2.758105927272664815e+01 9.196370672901386101e+00
2.758592108198975268e+01 9.224930390678160563e+00
2.759619298142634136e+01 9.741096925726218103e+00
2.759660895779833112e+01 9.761484696392917826e+00
2.760568877529443199e+01 9.770629651235307023e+00
2.760727582126731505e+01 9.573559548003096609e+00
2.761038202576123979e+01 9.787430493988672708e+00
2.761058791519484856e+01 1.069210211301884605e+01
2.761421127615842508e+01 1.070965530531254117e+01
2.761479277606896332e+01 9.838443650809210794e+00
2.762328283030470288e+01 9.855406768111222959e+00
2.762980043576411049e+01 9.484946378313669157e+00
2.763225114701876706e+01 9.532844760358816671e+00
2.763709875546742367e+01 1.041194958110431301e+01
2.763738408746961284e+01 9.826346828270752454e+00
2.764330795574212019e+01 1.026421226566804279e+01
2.764550126801664476e+01 1.030999505179211617e+01
2.764727418274517134e+01 1.011459983542144592e+01
2.765460661663186670e+01 1.002627920504977155e+01
2.766350916981522445e+01 9.788930609563253782e+00
2.766700905475355654e+01 9.666670156214566489e+00
2.767521664561011008e+01 1.030083347585755504e+01
2.767835535604698194e+01 1.011251287186184200e+01
2.768068674314803346e+01 9.624314433719689532e+00
2.768961942493741191e+01 1.065105708772561854e+01
2.769116275385277248e+01 1.013292363961861220e+01
2.770307004684011076e+01 1.001809194908424594e+01
2.771138317752710734e+01 1.000054311047657585e+01
2.773156062485579199e+01 1.004630313785906459e+01
2.773385643677651302e+01 9.620319433741521209e+00
2.773515516023346450e+01 1.030532171560438925e+01
2.774028740675918314e+01 9.825129855778342858e+00
2.775514248928065797e+01 1.060621953377176396e+01
2.775744924670212654e+01 9.924785473328839203e+00
2.775871739911498182e+01 1.003458680658531321e+01
2.776864918306457142e+01 9.622107770708812069e+00
2.778193093195567798e+01 9.730336415750365120e+00
2.778992129280397094e+01 9.803430353391805241e+00
2.779112357118426857e+01 9.898201657064840120e+00
2.779710930253415668e+01 1.017952058379555069e+01
2.780964632992186480e+01 9.438146496712354505e+00
2.780980479392367499e+01 1.030843949283617178e+01
2.782461985215887523e+01 1.037819846868276485e+01
2.782764055960682015e+01 1.016301363416477699e+01
2.783014739851802588e+01 9.734278693497561363e+00
2.786962873668189289e+01 9.715090880548588714e+00
2.787063841212784610e+01 1.015955216755880919e+01
2.788554435093701755e+01 1.013271669778342066e+01
2.788961381276571316e+01 1.003608410146101093e+01
2.789671032283270335e+01 1.043884785011325178e+01
2.791051956564299985e+01 9.771888274418341069e+00
2.791899057759327718e+01 1.028525920075228228e+01
2.792455373384876438e+01 1.035468542687093496e+01
2.794469969610866400e+01 1.007001270997072950e+01
2.795477482457478047e+01 1.008456741577441917e+01
2.795937482383682848e+01 9.870781342378952772e+00
2.799076222222829102e+01 9.967167620911384418e+00


2.679453150982255139e+01 1.043023376619826159e+01
2.679868912168701556e+01 9.906586094509519214e+00
2.680097867554479407e+01 1.062350868996296427e+01
2.680574864380151112e+01 1.049047539599318490e+01
2.680805976924260747e+01 1.043725762809795654e+01
2.681150104036592552e+01 9.662434932858849024e+00
2.681239467114201958e+01 9.607852962941008101e+00
2.681740316661120005e+01 9.543124589287842241e+00
2.682131957939689926e+01 1.041083841611371241e+01
2.682422061904638610e+01 9.837398998504019332e+00
2.683247319825171218e+01 9.454082232801123808e+00
2.683445780425347493e+01 9.050327149557503503e+00
2.683639771466453539e+01 1.083480255490490585e+01
2.683793082125492546e+01 9.167400682445233429e+00
2.684077662677931997e+01 9.328421178296842697e+00
2.684172437754082807e+01 1.059692299866782683e+01
2.684302731828102750e+01 1.066098861781764207e+01
2.684422176346485500e+01 1.041595309691287952e+01
2.684893643763065896e+01 9.522335586040760802e+00
2.684996235481893123e+01 9.495072474405475305e+00
2.685044960498540689e+01 1.004202787665458807e+01
2.685536594875615179e+01 1.094404848129352104e+01
2.686255130733118435e+01 9.294819533389102162e+00
2.686402142599591869e+01 1.037311448215740128e+01
2.686606734861815227e+01 1.062834932699908386e+01
2.687737448857366473e+01 9.553580721873460746e+00
2.688075489651503247e+01 9.065559483484769032e+00
2.688439337994061518e+01 1.066474117219398465e+01
2.689081592146575161e+01 9.681875527871598663e+00
2.689213532953212393e+01 9.089791733597030188e+00
2.689616865716185501e+01 1.020548004506735040e+01
2.689668749301617012e+01 9.542920854623423210e+00
2.690118722268705653e+01 9.921411039587360037e+00
2.690443387444711831e+01 1.022625429178723167e+01
2.691713313477148262e+01 9.288598751677064058e+00
2.691872171649213641e+01 9.129662916900198155e+00
2.691992873498996985e+01 9.720751891634058950e+00
2.692716148038325841e+01 9.864692785880565751e+00
2.692919117198100665e+01 1.027928012129214608e+01
2.693513824611778418e+01 9.453100258847950244e+00
2.693818248075045219e+01 9.662627940389356240e+00
2.694946656447807243e+01 1.017898821510940444e+01
2.695143117465339344e+01 1.032347867668100960e+01
2.695670444019127387e+01 1.079233555581504511e+01
2.696353369042831716e+01 9.736863960745910873e+00
2.696565930665357413e+01 9.303903979206587849e+00
2.697377642184260793e+01 9.655241062197060131e+00
2.697809427295993956e+01 1.070629053083221471e+01
2.697877107492563908e+01 9.439975562363803974e+00
2.697956957458092830e+01 9.591445947683951090e+00
2.698046643680492451e+01 9.630533851645035170e+00
2.699179035145748529e+01 1.070789903050365410e+01
2.699314476995944290e+01 9.547904080064224530e+00
2.700680569315327162e+01 9.622584572577872919e+00
2.701119374152245456e+01 1.013448085461134518e+01
2.701940001554777737e+01 1.055301542534216530e+01
2.702550491729169480e+01 9.481779007068478649e+00
2.703285887194855164e+01 9.597714027856074637e+00
2.703401646235897360e+01 1.059507889252369850e+01
2.703900864518213965e+01 9.596582244424384456e+00
2.703961245422101456e+01 1.002168825949706488e+01
2.703995872292168912e+01 9.378157360451950808e+00
2.704790517801711403e+01 1.055502421129084034e+01
2.705231714460165549e+01 9.683368806533854567e+00
2.705421053225086325e+01 1.087988675654986892e+01
2.705728620763695602e+01 1.027236008230048903e+01
2.707455230510471011e+01 9.375596350501327336e+00
2.707855996375276675e+01 9.147092847095603219e+00
2.708311074566600141e+01 9.314052934750971957e+00
2.708868918744730081e+01 1.030028792694733042e+01
2.709550447220006930e+01 1.074747929913301725e+01
2.710184702213855701e+01 1.047255832674769849e+01
2.711150310427850485e+01 9.631566694623012737e+00
2.711815575462013328e+01 9.209839849726307648e+00
2.712097609339200943e+01 1.027603817792467567e+01
2.712328922014423682e+01 1.083429198439930730e+01
2.712885524135372606e+01 1.033181253251843579e+01
2.712927336691901559e+01 9.730552765994511688e+00
2.713074535996346270e+01 9.800093099664703544e+00
2.713169010759121136e+01 9.562479703945031773e+00
2.713437120275824910e+01 9.984993889864378858e+00
2.713832346705797605e+01 1.049366598471381451e+01
2.714067260774316281e+01 9.656158415025494435e+00
2.715119033467328435e+01 9.851107302020194467e+00
