3.376278303887231402e+01 3.224946902370955115e+01
3.377073622421362131e+01 3.283767972223529341e+01
3.377656198872197280e+01 3.235868692306927841e+01
3.377799799941595182e+01 3.313080265913731637e+01
3.378244643442539541e+01 3.374385248089801337e+01
3.378764863572516219e+01 3.231380006746535827e+01
3.379014532123268566e+01 3.268114581979278199e+01
3.379374194241930240e+01 3.318633174295131738e+01
3.379724233801155009e+01 3.241137871601297604e+01
3.379999929103914269e+01 3.376811467269201472e+01
3.380055583303136757e+01 3.375942831779828168e+01
3.380435804497418673e+01 3.269227756401632945e+01
3.380700831011809981e+01 3.294585460800145427e+01
3.381304031184039616e+01 3.360271890697204356e+01
3.381414874937615878e+01 3.228422788015534906e+01
3.381615133460761768e+01 3.287841636966238923e+01
3.382006085007083129e+01 3.208337091688454734e+01
3.382532164427273358e+01 3.286421786428795855e+01
3.382862449382383829e+01 3.288688500403020498e+01
3.383350697696160836e+01 3.371749532843896446e+01
3.383612301810084944e+01 3.382333936570514510e+01
3.383732290802827691e+01 3.267569339825200103e+01
3.384095451483760542e+01 3.294535148133053326e+01
3.384730494665282663e+01 3.337020510442483356e+01
3.385495471025859615e+01 3.312152827594494653e+01
3.385852526041821164e+01 3.390711172090368564e+01
3.386249056198067109e+01 3.245967532631233610e+01
3.386265233054364643e+01 3.205184626516629010e+01
3.387107938952713937e+01 3.338965365949133712e+01
3.387441442025009763e+01 3.388780734401414918e+01
3.387940731404573569e+01 3.255009044721452938e+01
3.388103778468007476e+01 3.317787871006859746e+01
3.388974270728599691e+01 3.237340798574778944e+01
3.389253457625969901e+01 3.304745500578353301e+01
3.389632464301306669e+01 3.245413413902528532e+01
3.389793348432272779e+01 3.300709907505083862e+01
3.390251723913036841e+01 3.238583610212353392e+01
3.390412102666574867e+01 3.389925403949938243e+01
3.390529779114594788e+01 3.237709400610560806e+01
3.390580002727422482e+01 3.299241947374420647e+01
3.391044366353690265e+01 3.298210078185766037e+01
3.391157680172403843e+01 3.296906326734481496e+01
3.391166653234741801e+01 3.350754966102969234e+01
3.391808894361295756e+01 3.282611376629047584e+01
3.393884996806382048e+01 3.229023360379783014e+01
3.394644516179995719e+01 3.347095313376198789e+01
3.394780105601531517e+01 3.279001225043992918e+01
3.395392595300550198e+01 3.313371294153099456e+01
3.395407500359022634e+01 3.342097715244211287e+01
3.395987595152783456e+01 3.338229258493399243e+01
3.396145304398017828e+01 3.275392464497461731e+01
3.396575850054324519e+01 3.321981742915676961e+01
3.397246691844394917e+01 3.228360055904312276e+01
3.397435427619442549e+01 3.323747195336949289e+01
3.397576208666627906e+01 3.379130191323586985e+01
3.397903703872549386e+01 3.248977661173501019e+01
3.398229608858475359e+01 3.381659708396278319e+01
3.398360312426137142e+01 3.381294969094146552e+01
3.398399061341412164e+01 3.354444663207406307e+01
3.398478881142135322e+01 3.340370936811631708e+01
3.399236709026500591e+01 3.307425512631911602e+01
3.399457449275976728e+01 3.235310090560668783e+01
3.399558165032081547e+01 3.395288017396327263e+01
3.399829009691168125e+01 3.271472429582462382e+01
3.400643476255938680e+01 3.252889415669958595e+01
3.400847203397748331e+01 3.220268626795573397e+01
3.401051346352981142e+01 3.310608350105293596e+01
3.401962009586743108e+01 3.368092954804045291e+01
3.402422028945895960e+01 3.324104571998179125e+01
3.402575968442101129e+01 3.358287350495439938e+01
3.402657050262315153e+01 3.313173222268339657e+01
3.402735239445741655e+01 3.369623424017999724e+01
3.402942194986790980e+01 3.394828770298830989e+01
3.403381089231407230e+01 3.345050806238199925e+01
3.403483408394929199e+01 3.343600640230024368e+01
3.403958816899703521e+01 3.367903886646458744e+01
3.403973165111926846e+01 3.227181467740327037e+01
3.404016888731089097e+01 3.388955099006738436e+01
3.404050478590536954e+01 3.334447115718602106e+01
3.404408296420356805e+01 3.305955387004796364e+01
3.405317885735387051e+01 3.299584670382319018e+01
3.405552395497728213e+01 3.272685291074811431e+01
3.405710870162243964e+01 3.353111553001466660e+01
3.406742551494270543e+01 3.382254333583117756e+01
3.406973780391467699e+01 3.383163609043370457e+01
3.407046709258491290e+01 3.279094193528548118e+01
3.407125324911282860e+01 3.210111909064599445e+01
3.407628074187448419e+01 3.281115951560930455e+01
3.408134073366800010e+01 3.301209871100154203e+01
3.408260660176051005e+01 3.298084666048799107e+01
3.409042677413510347e+01 3.271631951783709269e+01
3.409266519453907307e+01 3.292822491939310936e+01
3.409608293733214168e+01 3.250719839131281930e+01
3.409666645007957442e+01 3.232027110915421986e+01
3.410008006295495164e+01 3.217301986945721382e+01
3.410228102684307316e+01 3.239968477905941313e+01
3.410664842734187374e+01 3.388160371431955298e+01
3.410687844183152606e+01 3.301754716712082427e+01
3.411178395207738845e+01 3.365570247928441461e+01
3.411831052747147908e+01 3.217238996276153529e+01
3.412749797455830958e+01 3.338989196974456775e+01
3.413530352842214910e+01 3.290829177026868990e+01
3.413686754711199001e+01 3.277278217868165200e+01
3.414888724065306036e+01 3.258299013720397852e+01
3.415556893073218703e+01 3.308772999507765888e+01
3.415645963563889609e+01 3.375608788283491890e+01
3.415708869728075570e+01 3.365169753411382203e+01
3.415794828225296698e+01 3.355769785558130991e+01
3.415818618426159503e+01 3.244817544560190470e+01
3.415821755161186246e+01 3.240420288801708182e+01
3.415904869171312441e+01 3.317675469738411209e+01
3.415934510728308737e+01 3.219610822971715436e+01
3.416918366972922882e+01 3.380958228987710612e+01
3.417151150595724118e+01 3.289628356499684969e+01
3.417483832728052562e+01 3.372135755140800484e+01
3.417611730855176688e+01 3.283697414102069700e+01
3.418310339751696603e+01 3.363994151967865776e+01
3.418386791499009547e+01 3.384874991602274719e+01
3.419066183258096459e+01 3.329503788139822973e+01
3.419358040775963303e+01 3.264744246177117759e+01
3.419647362209703090e+01 3.249788413607245019e+01
3.420296289779640375e+01 3.314448286358970108e+01
3.421054556462240726e+01 3.245147090081271557e+01
3.421609220111778171e+01 3.303782633636241428e+01
3.421725164618389670e+01 3.288457240851867169e+01
3.422267363833725540e+01 3.288274613973364069e+01
3.422281394235503171e+01 3.388276283970560598e+01
3.422908757616075803e+01 3.302916758499031147e+01
3.422969593509428421e+01 3.255731063532225988e+01
3.423720167713799611e+01 3.310916156594755932e+01
3.424231274640716549e+01 3.282320758982986320e+01
3.424468017018698873e+01 3.325539987160400557e+01
3.425021533444108712e+01 3.315791084083983264e+01
3.425125226856149396e+01 3.387501127336895479e+01
3.427188021014221420e+01 3.389643140084031359e+01
3.427492575487605819e+01 3.244289731717061187e+01
3.427523766943910033e+01 3.371041318902122441e+01
3.427986066326392489e+01 3.282031562224520371e+01
3.428015937599269591e+01 3.323870943437478331e+01
3.428139802791756807e+01 3.334691525420951308e+01
3.428578528503660294e+01 3.284265628840742579e+01
3.428644858027497833e+01 3.372348525715850087e+01
3.428739874936240284e+01 3.234962764936768309e+01
3.428792025103558672e+01 3.236367671230712517e+01
3.429074485371876335e+01 3.210910630950564837e+01
3.429716683916146991e+01 3.210094787836671770e+01
3.430143681225315788e+01 3.381995332064702353e+01
3.430213583186305470e+01 3.235214978927224649e+01
3.430303864871262931e+01 3.318881278608098029e+01
3.431092903206170064e+01 3.304530878263832960e+01


3.304607079839985317e+01 3.300617288528096793e+01
3.305135639406864101e+01 3.307435058111625636e+01
3.306061869011951160e+01 3.266417651404545808e+01
3.306539955306924838e+01 3.328947627225932138e+01
3.307333681962717975e+01 3.329415826531941747e+01
3.307362780627904897e+01 3.280459781016530485e+01
3.307937413186881770e+01 3.267610091547618367e+01
3.308138727799425993e+01 3.302183453200421326e+01
3.308157485927949182e+01 3.268758055081517711e+01
3.308382854751337732e+01 3.289138561458016596e+01
3.311050726806244882e+01 3.280284936357168846e+01
3.311699635167910571e+01 3.254355926475679439e+01
3.314086552705334299e+01 3.295247004593780815e+01
3.314664723138955793e+01 3.274761767523774125e+01
3.315250103885200161e+01 3.309846869861618046e+01
3.316414937734545276e+01 3.270602054884916043e+01
3.317587765696218582e+01 3.285096228252601946e+01
3.318848644610439180e+01 3.319417580364997633e+01
3.318924495661681107e+01 3.344117021759727493e+01
3.319548647570783828e+01 3.269840122269291527e+01
3.319799618864710311e+01 3.275112524581137308e+01
3.320078325668470853e+01 3.264091992727107083e+01
3.321115829705285449e+01 3.337331490331740014e+01
3.321988969951603110e+01 3.271876247809009186e+01
3.323035700533353776e+01 3.291578412129301512e+01
3.324596234630904235e+01 3.363981425503612144e+01
3.324708474453468909e+01 3.308951319354331844e+01
3.325296629000735749e+01 3.236764123315008845e+01
3.325887411487158829e+01 3.302375095048454767e+01
3.326127535351734110e+01 3.314419294375035463e+01
3.326800061355485383e+01 3.248499732659101369e+01
3.326901695209512155e+01 3.351895434973397414e+01
3.328596017834597376e+01 3.268330143809771471e+01
3.328662426019565146e+01 3.271952297664289944e+01
3.329397646575188219e+01 3.312603325202541527e+01
3.330446975323707903e+01 3.363553165972391668e+01
3.330877045574460027e+01 3.269506806454933212e+01
3.332610594816547689e+01 3.328598176911220463e+01
3.332834187972162709e+01 3.314402354453490318e+01
3.333128047859210596e+01 3.286209741381463090e+01
3.333814678716006341e+01 3.239920438368061895e+01
3.334244455957095710e+01 3.259793558766290289e+01
3.334547419811018898e+01 3.288923248643947517e+01
3.336444619119016863e+01 3.362567992552937568e+01
3.336613195981508539e+01 3.253925699659550475e+01
3.336813691624669787e+01 3.366393595489779500e+01
3.336915999371625219e+01 3.259518898420604671e+01
3.337526196507041476e+01 3.323299522792099481e+01
3.339032265750188344e+01 3.353470169244371135e+01
3.339763699100075200e+01 3.247122147461067243e+01
3.339795358750275511e+01 3.356567910382300113e+01
3.339954154562862954e+01 3.268617201213831436e+01
3.340182747472037050e+01 3.370725706362672014e+01
3.340658662128085155e+01 3.290962115910465258e+01
3.340864441040371702e+01 3.361801345461225310e+01
3.340943853212311865e+01 3.226313509695518889e+01
3.340949596326464643e+01 3.345258943961206199e+01
3.341221640406246962e+01 3.327833464318995738e+01
3.341347807922908686e+01 3.340456949760312000e+01
3.341498941073709261e+01 3.285492840603281195e+01
3.341725483941907981e+01 3.227911944194698890e+01
3.343032146427494666e+01 3.276779172894976710e+01
3.343588289599915697e+01 3.317700306110361197e+01
3.344190296552466179e+01 3.285693417582103848e+01
3.344833328626732083e+01 3.239362199872513770e+01
3.344883698101528324e+01 3.301303945329698308e+01
3.345376408367748411e+01 3.360966698513745143e+01
3.345442650358280190e+01 3.289293266258027160e+01
3.345526926699273673e+01 3.372670934510382068e+01
3.345667221249573942e+01 3.223835251903155807e+01
3.347026680988627589e+01 3.225982353433294492e+01
3.347357523085267417e+01 3.261817876991862164e+01
3.347399592345379915e+01 3.379995421216169404e+01
3.348238055672489111e+01 3.229330406643894236e+01
3.348540167420436120e+01 3.361494506680151773e+01
3.348579833948100060e+01 3.378077451822648669e+01
3.348634284968061081e+01 3.252166468573740588e+01
3.348795911490557842e+01 3.249217054999417087e+01
3.349804810310882175e+01 3.341596882391154821e+01
3.350606718624421632e+01 3.279607867260701681e+01
3.350865851861249212e+01 3.307277322301414557e+01
3.351156537934500079e+01 3.306546954291160745e+01
3.351263249783013265e+01 3.379353135116348028e+01
3.351907850752114371e+01 3.327439814782101735e+01
3.352310188068111785e+01 3.332093256303114259e+01
3.353185315400828870e+01 3.250881572817598197e+01
3.353250779090633671e+01 3.279819667095683400e+01
3.353385209124015631e+01 3.228850871936106159e+01
3.353534296876420484e+01 3.228742821237974425e+01
3.354036793434712393e+01 3.305180188183452827e+01
3.354867697620907308e+01 3.264326616498060929e+01
3.355118063863375966e+01 3.329686595573584640e+01
3.355205031897914125e+01 3.220089903179670898e+01
3.355302730480359230e+01 3.298718222758220975e+01
3.355743950919297447e+01 3.284071685056988343e+01
3.355745142219373633e+01 3.355438773237860062e+01
3.356639355737917185e+01 3.382840045141563934e+01
3.357195105816903435e+01 3.271556288745662755e+01
3.357636596494858594e+01 3.303023751602636082e+01
3.358252694981085540e+01 3.213042983195042979e+01
3.358314977281609259e+01 3.234575182605085786e+01
3.358353051000744927e+01 3.243097380864370649e+01
3.358364543470810304e+01 3.258415850716929185e+01
3.358634313789562498e+01 3.268064610236208978e+01
3.358902412670583715e+01 3.276265290887230464e+01
3.358915122584554069e+01 3.276838689588659292e+01
3.359473047581330007e+01 3.353304737434537230e+01
3.359862071552545615e+01 3.348253832403440100e+01
3.360486537386789507e+01 3.283952176641327014e+01
3.361033648836037457e+01 3.262221989064563843e+01
3.362354750869982212e+01 3.284314811829055003e+01
3.362537637586984829e+01 3.333572280922589925e+01
3.362830397859216447e+01 3.219650793942270184e+01
3.362916579065473144e+01 3.221273002055953327e+01
3.363300850474895753e+01 3.267018653759943447e+01
3.363743394080616866e+01 3.334297080369251631e+01
3.363771570724471616e+01 3.256938825314509245e+01
3.364031341954698462e+01 3.309916224677217400e+01
3.364140849926049270e+01 3.320834465501867783e+01
3.364298469172680939e+01 3.290674568079651152e+01
3.364406490962662133e+01 3.287058253899891014e+01
3.365289867314372430e+01 3.309709961284791291e+01
3.365464472918798577e+01 3.345762283581886010e+01
3.365882095295104648e+01 3.377665510531634396e+01
3.366115913929866821e+01 3.265128630999082304e+01
3.366305417615307505e+01 3.255284440419323744e+01
3.366994924038719716e+01 3.270273646111399302e+01
3.367446360638770386e+01 3.332337651314736604e+01
3.367592091697577672e+01 3.271048651182997702e+01
3.367814341058387839e+01 3.257846345861744197e+01
3.367822612931244208e+01 3.230262738413787105e+01
3.367827670462327205e+01 3.328123792543160420e+01
3.368114357807145609e+01 3.264064206611244856e+01
3.368297165672399984e+01 3.324074335081817111e+01
3.368314412230844823e+01 3.311736572000389600e+01
3.368440318105574249e+01 3.368928001656144744e+01
3.368570667077219127e+01 3.232805257751904549e+01
3.370770164884535092e+01 3.352998763731600462e+01
3.370980185014454378e+01 3.313871937895003583e+01
3.371125887116134123e+01 3.229483868401519686e+01
3.371592016709757900e+01 3.329283110311470040e+01
3.371745511915798943e+01 3.389335016169115278e+01
3.372125429644703587e+01 3.223504883887598993e+01
3.372373467356873533e+01 3.308138274464514694e+01
3.372639577789965415e+01 3.311050893479376356e+01
3.372905222271442227e+01 3.319200316038481446e+01
3.373156374957225268e+01 3.272504312051893294e+01
3.374384126781004056e+01 3.288880766315837434e+01
3.374564016563846991e+01 3.251011155140776054e+01
3.376189107152935520e+01 3.212801441169637684e+01


3.039850452469366715e+01 3.385405595075873464e+01
3.040671287476060058e+01 3.250508589798837988e+01
3.042062873001394507e+01 3.356160013792545982e+01
3.042093690258981553e+01 3.334636852419323816e+01
3.042845723516926881e+01 3.245733304149391785e+01
3.043332959275514327e+01 3.315413603140474663e+01
3.044640725065147890e+01 3.257433501178956448e+01
3.045038192108911090e+01 3.387419108646034260e+01
3.046137842313270738e+01 3.383780426221623117e+01
3.046341779202538902e+01 3.265121903343413123e+01
3.047093321789485287e+01 3.244901078548011952e+01
3.047133600112224983e+01 3.310477148496833166e+01
3.047204421005523045e+01 3.368336837914518611e+01
3.047770130598592075e+01 3.245929595529860734e+01
3.047894507335078629e+01 3.247791366797925150e+01
3.048503841202452946e+01 3.222955852625794648e+01
3.048733231219415174e+01 3.277924659191663181e+01
3.049858944344455836e+01 3.239008917819658961e+01
3.049914846582721140e+01 3.245538235217774314e+01
3.050230800718594537e+01 3.243263205515875569e+01
3.050481584615970476e+01 3.254582121212733625e+01
3.052199268481930972e+01 3.340564283255827860e+01
3.052288082253438972e+01 3.349214613426727283e+01
3.052385811632754198e+01 3.282474113785715275e+01
3.053164396509541945e+01 3.248614586246915792e+01
3.054281171131032124e+01 3.336872730841204771e+01
3.056340932331445615e+01 3.246698428336623010e+01
3.056743124478806095e+01 3.327328958605851739e+01
3.057205331751918465e+01 3.359078218844604180e+01
3.057831716260460908e+01 3.250652736966525680e+01
3.057841869828590831e+01 3.303471469423998741e+01
3.058350340744553364e+01 3.263763071110813030e+01
3.059848606635115331e+01 3.256887468881963343e+01
3.060557995850654223e+01 3.329663034914405273e+01
3.062356553247225932e+01 3.261417568540885981e+01
3.062672643096989944e+01 3.245358440246340592e+01
3.063244189155663122e+01 3.255108471353756983e+01
3.063753130042328721e+01 3.297516867359315995e+01
3.063788338503592712e+01 3.300827291881562786e+01
3.064258956687843849e+01 3.244893136838805248e+01
3.065064099783128881e+01 3.265062836960763093e+01
3.065156999899195611e+01 3.302248080344186576e+01
3.065536983675644933e+01 3.290907184139501851e+01
3.065606359623589228e+01 3.363548332486321613e+01
3.065628602403524638e+01 3.232697742110987349e+01
3.065845272552224188e+01 3.275084436788709752e+01
3.066542468224898599e+01 3.324839764635969885e+01
3.066751660889143949e+01 3.314614230974126485e+01
3.066788136877116600e+01 3.238479184567290758e+01
3.069395242643987132e+01 3.364194402361955127e+01
3.069824844566502264e+01 3.344207946311397706e+01
3.070523525278268906e+01 3.322743841852888380e+01
3.070655119494657015e+01 3.234440649797750211e+01
3.071016295974653687e+01 3.360070063915712524e+01
3.071336172887239613e+01 3.300048548681706251e+01
3.072049739803245316e+01 3.345134439526681547e+01
3.072090128443895551e+01 3.273273726595600408e+01
3.072140673468276262e+01 3.345980509387326407e+01
3.072940203754384925e+01 3.339272963125777949e+01
3.073889034682857968e+01 3.264058444432329509e+01
3.074928603433058427e+01 3.319650874859060252e+01
3.077678452241421780e+01 3.272932899343012991e+01
3.077782698473001588e+01 3.270573338900370430e+01
3.078568957555271979e+01 3.321874613256724729e+01
3.078588503639939944e+01 3.307148567214554902e+01
3.079813778813253577e+01 3.263386866690930077e+01
3.080254992448597307e+01 3.255684837540796650e+01
3.080368022623813928e+01 3.264637600186348010e+01
3.084287267402436683e+01 3.304923389082226493e+01
3.084606434444681611e+01 3.261776975636522735e+01
3.084693828776977753e+01 3.289918481374930792e+01
3.085406530273672487e+01 3.252738743574899161e+01
3.085909867340259538e+01 3.306776114471546180e+01
3.086147022350630920e+01 3.307339415596510435e+01
3.087718603740525936e+01 3.286126731046471150e+01
3.089601181535146779e+01 3.325546914990208336e+01
3.092162259606001840e+01 3.312490669815583288e+01
3.093756788128639101e+01 3.300429921712692050e+01
3.096533921772943998e+01 3.312575297117447803e+01


2.979679232888015150e+01 3.248674136060601825e+01
2.979760072619666289e+01 3.304882281482868223e+01
2.980808521077130280e+01 3.386938772865629943e+01
2.981564123423826018e+01 3.380480748567621418e+01
2.982134980147884562e+01 3.392920771788180190e+01
2.982210312129165430e+01 3.281123380473648155e+01
2.982729353970487196e+01 3.224362983413108452e+01
2.982763744496043046e+01 3.393173154468314578e+01
2.984085347045075309e+01 3.241079941969140066e+01
2.984471031493957582e+01 3.364181990624918939e+01
2.984507278045593637e+01 3.367314083350200349e+01
2.984603916775918719e+01 3.258214602485161038e+01
2.984851028433802966e+01 3.290863879638201439e+01
2.985035955712695355e+01 3.349694130833832872e+01
2.985604322927640908e+01 3.363015877680895471e+01
2.985665123584778868e+01 3.270675969134096306e+01
2.986209267889820040e+01 3.257670971719996800e+01
2.986408582424714453e+01 3.337757221119828444e+01
2.986762985101301737e+01 3.211693022313215806e+01
2.988091272151648425e+01 3.256573205593512910e+01
2.988159527114003211e+01 3.383140975049757060e+01
2.988532883848863619e+01 3.299450040182111366e+01
2.988801991212893938e+01 3.371539066273670926e+01
2.988888345346954623e+01 3.385840969290779867e+01
2.989046001483305304e+01 3.321681635530475774e+01
2.989064616723284473e+01 3.393868895099989658e+01
2.989336571090738559e+01 3.351618188986690683e+01
2.989353906854043075e+01 3.227572442261828201e+01
2.989470549158713197e+01 3.362319396323227494e+01
2.990179106752121641e+01 3.228178605641296173e+01
2.991155961623688242e+01 3.200443164823589370e+01
2.992090721210337989e+01 3.315798944857876762e+01
2.992939268850864920e+01 3.299434178900579440e+01
2.993350108130733744e+01 3.275002471453053232e+01
2.994018706708239819e+01 3.362756900397816651e+01
2.994306370490038915e+01 3.323925122605415083e+01
2.994328101059693736e+01 3.365817611525952913e+01
2.995411712270979976e+01 3.334522390242685219e+01
2.995809211357400770e+01 3.319782831344686969e+01
2.996036077299990552e+01 3.337482523245620314e+01
2.996105473123916951e+01 3.256509781707450912e+01
2.996447773184466001e+01 3.275997313991327786e+01
2.996669982606191596e+01 3.358812861911422232e+01
2.996836548847811343e+01 3.325578212958090063e+01
2.997308285790122895e+01 3.363028299287341127e+01
2.998422347035658930e+01 3.271817212256179630e+01
2.998484008278160928e+01 3.390999427435082225e+01
2.998582127880305137e+01 3.309600719319578133e+01
2.998654814680319447e+01 3.318033320725800905e+01
2.998822902660981882e+01 3.248838822958931161e+01
2.998870645185585104e+01 3.360187756087217537e+01
2.999303307446256639e+01 3.240803876719808585e+01
2.999332035079022418e+01 3.337860740038024687e+01
2.999411747308276688e+01 3.290871227792168696e+01
2.999451411792565736e+01 3.229761160249397278e+01
2.999823705479510849e+01 3.212412504117154555e+01
3.000349611106211256e+01 3.324719061000860876e+01
3.000860720221156086e+01 3.299126278984819294e+01
3.001422674251280398e+01 3.302144495458233564e+01
3.001501195425602475e+01 3.275317508508150866e+01
3.002318589910874636e+01 3.310465798972142437e+01
3.002788442374895794e+01 3.312781204215888664e+01
3.003048200480039398e+01 3.344615920589042446e+01
3.003138489339256267e+01 3.246604915331748487e+01
3.003368923933085455e+01 3.237787255312886003e+01
3.003688409114270286e+01 3.204603695829968046e+01
3.004519248305136614e+01 3.222664169339198281e+01
3.004862969737732925e+01 3.347967043785762087e+01
3.006245354436000028e+01 3.236055656753546117e+01
3.007380523026032293e+01 3.352058766987561711e+01
3.007722595559419432e+01 3.202190386977573411e+01
3.007846873696208689e+01 3.264276136229526770e+01
3.007869282061804839e+01 3.313982563155694550e+01
3.008528907611028202e+01 3.313487222185962366e+01
3.008897571558779305e+01 3.266012204090915816e+01
3.009773950838174628e+01 3.304763282961205562e+01
3.010117117634127837e+01 3.232248492243120808e+01
3.010426966570623364e+01 3.332507744280156459e+01
3.010736467247097892e+01 3.350631447013730480e+01
3.010949332412704393e+01 3.203126971202728868e+01
3.011442828065479205e+01 3.226384147527306112e+01
3.011862599942240948e+01 3.381069888441393090e+01
3.012799800991493271e+01 3.337549794275764015e+01
3.012837557661872623e+01 3.256571850605686791e+01
3.013434215978864117e+01 3.399059533412222578e+01
3.013542226463947316e+01 3.301313275240189427e+01
3.013615800923383503e+01 3.255451765320639623e+01
3.014398325279363533e+01 3.376200541278480216e+01
3.014588566368670541e+01 3.229866855078300603e+01
3.014906614599974333e+01 3.372866103668680182e+01
3.014991987741127488e+01 3.260578810609114697e+01
3.015427311206136096e+01 3.387765908726915143e+01
3.015754743645064551e+01 3.380821980717591657e+01
3.016003835142186418e+01 3.236582987159977876e+01
3.016139477987951523e+01 3.257541233372480605e+01
3.016709437225138757e+01 3.283910839695609241e+01
3.016992724219684519e+01 3.320493518272071753e+01
3.017128206041131833e+01 3.303626081791924207e+01
3.017286414259520555e+01 3.252632725388313162e+01
3.017355801518300851e+01 3.282074066996837303e+01
3.017431074724552431e+01 3.309141638618960712e+01
3.018398618013478796e+01 3.228940322438646859e+01
3.018701573114567793e+01 3.363262649609185928e+01
3.019852208900158885e+01 3.297228386365482322e+01
3.019939206462487746e+01 3.219911143454459790e+01
3.020261194024867990e+01 3.293531524090768414e+01
3.020366266178105263e+01 3.205574132095465245e+01
3.020943571701029029e+01 3.275059487133356129e+01
3.020960576985990542e+01 3.353386123978300049e+01
3.023166957713130998e+01 3.299695113098248811e+01
3.023521577569022867e+01 3.332519060515781462e+01
3.023530224987756654e+01 3.290540967367114433e+01
3.024000694023569835e+01 3.290743999803805764e+01
3.024988848478905723e+01 3.290311474607560882e+01
3.025323730733286354e+01 3.354539030343112671e+01
3.025992611052980763e+01 3.270950410748113768e+01
3.026477894449624628e+01 3.221080011546571598e+01
3.027009382439843677e+01 3.289505130235174590e+01
3.027241137538941373e+01 3.216155075466287627e+01
3.027626686725033522e+01 3.252364613473678645e+01
3.027706522371854803e+01 3.243806249246800633e+01
3.028328782895764704e+01 3.323308859610594368e+01
3.028660169652982148e+01 3.346736399282156782e+01
3.029205579874480847e+01 3.339728229351113953e+01
3.029347666858456023e+01 3.362057320323390286e+01
3.029446776236521899e+01 3.381211117027302748e+01
3.029630084869246787e+01 3.205645044358013251e+01
3.030343523412232187e+01 3.388845889533305211e+01
3.031064825109714533e+01 3.233724670344656005e+01
3.031972550346946349e+01 3.246156937306864876e+01
3.032330217177597120e+01 3.245403961779152979e+01
3.032927138590302363e+01 3.267637931273324625e+01
3.033269570235267309e+01 3.243766173595959401e+01
3.033432022015807306e+01 3.364904730645477571e+01
3.033636067716861007e+01 3.296020518876331806e+01
3.033863896334866439e+01 3.249700428928498042e+01
3.034037363305414203e+01 3.264913639882608010e+01
3.034407268935064650e+01 3.366204177441920820e+01
3.034669579711007970e+01 3.361139298825091970e+01
3.035935279355962635e+01 3.209677352847855758e+01
3.037401965653954505e+01 3.343164544270515393e+01
3.037602131860186461e+01 3.327464122113103429e+01
3.037986162143580060e+01 3.210424559904905095e+01
3.038208639712766512e+01 3.311159298410129281e+01
3.038715409928138200e+01 3.311476733923969107e+01
3.039203427479483821e+01 3.359427486365264315e+01
3.039447390229501167e+01 3.298117544691672975e+01
3.039542814348628852e+01 3.296543215077792155e+01
3.039689414664578848e+01 3.216462536506398351e+01
3.039725117684535505e+01 3.287324501214703787e+01


2.901245440505478257e+01 3.301307411227573851e+01
2.901705311107080831e+01 3.315920747133434787e+01
2.903705397297915880e+01 3.279638842733474036e+01
2.904570782219099456e+01 3.318369675776586547e+01
2.905285307842107301e+01 3.307138019537908491e+01
2.908393012357878149e+01 3.271815610575145428e+01
2.910378852327301047e+01 3.330901731576472713e+01
2.911675200070531844e+01 3.267437837371272735e+01
2.911837757180597563e+01 3.299143003381041694e+01
2.911853336060674735e+01 3.295179662462879833e+01
2.911890237944466620e+01 3.347269947471130536e+01
2.913257432710003769e+01 3.318570312543287315e+01
2.914013482583591141e+01 3.315105190288554837e+01
2.914751623404744407e+01 3.344225229278241329e+01
2.915646056921147533e+01 3.307332383088686356e+01
2.916026111832542256e+01 3.250259991260530512e+01
2.917103267483303952e+01 3.291136545101188915e+01
2.918844314764974612e+01 3.323598697850184180e+01
2.919314166748626604e+01 3.297709708226221181e+01
2.919645830924196872e+01 3.272696008974540405e+01
2.921229660315970733e+01 3.328047933261705538e+01
2.923437380720136147e+01 3.298517865637982993e+01
2.923975660133682197e+01 3.271433242015120868e+01
2.924038944312939847e+01 3.269126873128979582e+01
2.924074771108966786e+01 3.309467948458075881e+01
2.924403597847076242e+01 3.329204321827204893e+01
2.924514236929448785e+01 3.259895624800355307e+01
2.925044286004979455e+01 3.265336894630259224e+01
2.925156395706715173e+01 3.299804957023297192e+01
2.925223006190654829e+01 3.258789458437055941e+01
2.925259617006051371e+01 3.358744883144229476e+01
2.926869648060485929e+01 3.240366216355297979e+01
2.927934061656033649e+01 3.328461071629042323e+01
2.928618585342300662e+01 3.258051182718141803e+01
2.928718294457818061e+01 3.261610165533894445e+01
2.929277555033743496e+01 3.230681582003359864e+01
2.929439819190585936e+01 3.334238521080437323e+01
2.929842401197821999e+01 3.359846132733974855e+01
2.929952653503531224e+01 3.272369839780747469e+01
2.930347858380108050e+01 3.258491075227661327e+01
2.930352218159522693e+01 3.243684634684559853e+01
2.931195200915670540e+01 3.291826392728307127e+01
2.931273283540857477e+01 3.291475354489579530e+01
2.931402592157339981e+01 3.346327887089845632e+01
2.931777701516708845e+01 3.341717861086117836e+01
2.931817873728709145e+01 3.371077712010192329e+01
2.932064642053800085e+01 3.310567490120576650e+01
2.932223070222850936e+01 3.306587341277050740e+01
2.932536545477993428e+01 3.258756583756525771e+01
2.932541211597890296e+01 3.234103668545240140e+01
2.933607953848439465e+01 3.351816986464475434e+01
2.933853680031795008e+01 3.305503531173308573e+01
2.934462991003574928e+01 3.258773354287836810e+01
2.934574637956963983e+01 3.282448859210160919e+01
2.934929840985062910e+01 3.305962137052227234e+01
2.935204697331139556e+01 3.324796526508418282e+01
2.935376236934880723e+01 3.367146384628890132e+01
2.936238240550683543e+01 3.272869581406138906e+01
2.936458540260077399e+01 3.333058039366788705e+01
2.937805945557721188e+01 3.349662198642157307e+01
2.937863469969122576e+01 3.272774726827187664e+01
2.937891910458184697e+01 3.288575746884319528e+01
2.939393784744502724e+01 3.308914702775446415e+01
2.940139276802159429e+01 3.274413053608492419e+01
2.941025950369948916e+01 3.288317048711873980e+01
2.941121101581318342e+01 3.240247757855166100e+01
2.942893810590719283e+01 3.375902333217261031e+01
2.943320869122727146e+01 3.251683807793156689e+01
2.945376786989346485e+01 3.305560313373262460e+01
2.946268806986309841e+01 3.350667833213776703e+01
2.946649453361106552e+01 3.354384388076076107e+01
2.947232565983393116e+01 3.256945010290613141e+01
2.947355378316448338e+01 3.315043539866577760e+01
2.948812333980065503e+01 3.240296775576813815e+01
2.949701160473728478e+01 3.377954288363584823e+01
2.950219315896587347e+01 3.303468462244394033e+01
2.950270719445778766e+01 3.353194751238883953e+01
2.950641823524990315e+01 3.259637470506005741e+01
2.951033842280524411e+01 3.287906244905921938e+01
2.952668035074872321e+01 3.320155829519382706e+01
2.953343603862935041e+01 3.363098035215202941e+01
2.953603339036381215e+01 3.261411536228146701e+01
2.953858525904405141e+01 3.241693804245415578e+01
2.954818428188628587e+01 3.310831714523183678e+01
2.955036571674858337e+01 3.316730896210836477e+01
2.955170100132450628e+01 3.327389588878312310e+01
2.955628758654660615e+01 3.315794395541054485e+01
2.955868603949129891e+01 3.279277855660334495e+01
2.956120285893891619e+01 3.342303590237312250e+01
2.956504023930712322e+01 3.379098936201926762e+01
2.957041832439771767e+01 3.370923008745890570e+01
2.957109075160410683e+01 3.297877321948153906e+01
2.957113141526540190e+01 3.319489606283483596e+01
2.957361761522751209e+01 3.240347919284305078e+01
2.957996551254031559e+01 3.293891538392563945e+01
2.958370845790039638e+01 3.271781672511817618e+01
2.958717877395000784e+01 3.344609715708153885e+01
2.958773902927438115e+01 3.255096944574136586e+01
2.959024093459172633e+01 3.303171920094571590e+01
2.959158455837126667e+01 3.233016620311424560e+01
2.959342819945070957e+01 3.325941536314024916e+01
2.959614353330340109e+01 3.221527077361580638e+01
2.959926500132689853e+01 3.374101042083831459e+01
2.960512620487197211e+01 3.277997227972495864e+01
2.960626643486350318e+01 3.385289418103754144e+01
2.961938107328654723e+01 3.307420982979744650e+01
2.962074631425691251e+01 3.323022734574197301e+01
2.962205826596180103e+01 3.276468796010821904e+01
2.964039509151297480e+01 3.385591494183160677e+01
2.964713657712892569e+01 3.339488284226488446e+01
2.965134842688067351e+01 3.368994673945270790e+01
2.965420055000653576e+01 3.261448112346378281e+01
2.966035694940574885e+01 3.282287986119881396e+01
2.966061485465018421e+01 3.244101739950838947e+01
2.966925781243263316e+01 3.274913850958886030e+01
2.967074404600403170e+01 3.326451727330738350e+01
2.967092707303451249e+01 3.244135186587413244e+01
2.967615741163765719e+01 3.247461372044357120e+01
2.967670107866261020e+01 3.357892081131373629e+01
2.967865452174672214e+01 3.260245766004398860e+01
2.968021904736611205e+01 3.356997399661183579e+01
2.968101472702147703e+01 3.309995880293775627e+01
2.968306705760434028e+01 3.282570494899231051e+01
2.968539198486653419e+01 3.242863630251977014e+01
2.968681310988555921e+01 3.311570069876682254e+01
2.969285685456599211e+01 3.239466497671759271e+01
2.969529088518471838e+01 3.227251084833747541e+01
2.969987786009645703e+01 3.243804740855924962e+01
2.970228139783921151e+01 3.205602094487597498e+01
2.971447853935343986e+01 3.209973612498598783e+01
2.971921000732589846e+01 3.340968107666500231e+01
2.972200847571017590e+01 3.305323205674193332e+01
2.973104721251161209e+01 3.355809764767335679e+01
2.973399052661581266e+01 3.321759086430814989e+01
2.973590516512119564e+01 3.343490863088443632e+01
2.973747282591802943e+01 3.308901418826227570e+01
2.973924551343923284e+01 3.320648158747474810e+01
2.973943917692448480e+01 3.361068451393013135e+01
2.975103572205809499e+01 3.303333362851694233e+01
2.975522451346823516e+01 3.331003594114964272e+01
2.976317758438320382e+01 3.370313167295213219e+01
2.976780307550596660e+01 3.242115772568521948e+01
2.977204924987130141e+01 3.322004209280267162e+01
2.977272815687815211e+01 3.369041753083121904e+01
2.977940213663640634e+01 3.332003480184815913e+01
2.978439624233767802e+01 3.258757369855415931e+01
2.978955631884344157e+01 3.227679245658482188e+01
2.979127255913560646e+01 3.248799101449442617e+01
2.979444364422651503e+01 3.397334562026438221e+01
2.979531318551817520e+01 3.222059675502691078e+01


2.637685571946381557e+01 3.278158840384649864e+01
2.637994087759884820e+01 3.237273016671618819e+01
2.638062554850793617e+01 3.225883563307991153e+01
2.638188892667553276e+01 3.313028371220659096e+01
2.638624015104521803e+01 3.292509764371993697e+01
2.639928234092737469e+01 3.366512104191752996e+01
2.640028262468406695e+01 3.316390135308325426e+01
2.640487820418393028e+01 3.345724419163074970e+01
2.640653409228577431e+01 3.375155008045921079e+01
2.641171918132941698e+01 3.275816069746733916e+01
2.641351061869031014e+01 3.210573041533190519e+01
2.641476939540415714e+01 3.334946410757834911e+01
2.641687148134208840e+01 3.261894461122908950e+01
2.642948488423598263e+01 3.293247288315149746e+01
2.642956374701942579e+01 3.309007864559707457e+01
2.643076421677011467e+01 3.332032961591819031e+01
2.643203363690534857e+01 3.331243028952890484e+01
2.644209094803521509e+01 3.276058632652348024e+01
2.645137984376970763e+01 3.344983260678220915e+01
2.645683222717362071e+01 3.242558157707767208e+01
2.646900496859830909e+01 3.248982522915256510e+01
2.649100905373327919e+01 3.244524601871945890e+01
2.650153674732091602e+01 3.221096153144679874e+01
2.651072973896988927e+01 3.384355097135670576e+01
2.651377984554304490e+01 3.266542441333892555e+01
2.652071309777082320e+01 3.222397060485302234e+01
2.652876679227264844e+01 3.314385524620029599e+01
2.653536316446528787e+01 3.233856208990730607e+01
2.653557241078566875e+01 3.341072971132254565e+01
2.653882312307496250e+01 3.242178496441353275e+01
2.655016142181116123e+01 3.273206169615507832e+01
2.655080725155207233e+01 3.337753907739833181e+01
2.655122103477194173e+01 3.324623601699685338e+01
2.655462474628711433e+01 3.248811219071637879e+01
2.655815485752509275e+01 3.305587621137851073e+01
2.656467734795800695e+01 3.293975269073501266e+01
2.656515975242534822e+01 3.234499281533653203e+01
2.657096432355865190e+01 3.242180084860215317e+01
2.657266155764437698e+01 3.232582891763042454e+01
2.657734799496302358e+01 3.267052920488183076e+01
2.658326791375668208e+01 3.333490922019631597e+01
2.658535959428832740e+01 3.219949782638189362e+01
2.658595972945326480e+01 3.256701598922614238e+01
2.660049600289339367e+01 3.273258536894010717e+01
2.660551020830470392e+01 3.357861822146019648e+01
2.660692661313735030e+01 3.376863913130113559e+01
2.660781316160488430e+01 3.311870061198914073e+01
2.661342764007437012e+01 3.316133810108058100e+01
2.661936227306880909e+01 3.330296051990606543e+01
2.663761004645118291e+01 3.228157682400311757e+01
2.665570308833602553e+01 3.337885951729841594e+01
2.665646401140299204e+01 3.227034401255308893e+01
2.666668367217103253e+01 3.369464924009747619e+01
2.666894092163956742e+01 3.331811361164456287e+01
2.667020914176029223e+01 3.348875802655192757e+01
2.667517046078529575e+01 3.363528892542777271e+01
2.667610428563442682e+01 3.307266582148206879e+01
2.668410638907585763e+01 3.266353466746759437e+01
2.668927411577280751e+01 3.298156254688335309e+01
2.669918088692171665e+01 3.341406360850837842e+01
2.670337475876960553e+01 3.309460997981638997e+01
2.671119959057941173e+01 3.315412033218549936e+01
2.671361444988530209e+01 3.248448928296006244e+01
2.671839475706296696e+01 3.241889771306048829e+01
2.672065379751455794e+01 3.346909674680042457e+01
2.672130839629733501e+01 3.312223725353697290e+01
2.672165889065253452e+01 3.253847896792338901e+01
2.673513853678534957e+01 3.266963319653803666e+01
2.674920154587934462e+01 3.357627829260573549e+01
2.675084998631326982e+01 3.331880101256241744e+01
2.676458573788312378e+01 3.336360050119619558e+01
2.676596366714233710e+01 3.326912534530649879e+01
2.676690463890974669e+01 3.308089913858709252e+01
2.677289666508660915e+01 3.278779955193889606e+01
2.677776562406284810e+01 3.237740490019832862e+01
2.678148033151495255e+01 3.361427810095078428e+01
2.678810921839615133e+01 3.349719178481567639e+01
2.678811788455971765e+01 3.339901224926271084e+01
2.678874783532043935e+01 3.276868497789632784e+01
2.681057671967401745e+01 3.307921466320493664e+01
2.681184422673465662e+01 3.286405617128122003e+01
2.681835171951942343e+01 3.248771488563575360e+01
2.682105915265818297e+01 3.247039058614621609e+01
2.682458524483036300e+01 3.349226330502386162e+01
2.683178303975894963e+01 3.322378411481143701e+01
2.683620195669758601e+01 3.266191094424961250e+01
2.683999056901361513e+01 3.350272661251552364e+01
2.686245076153384659e+01 3.321487106993956928e+01
2.686673920539166360e+01 3.342472161068888425e+01
2.687097299106409665e+01 3.340168343710990229e+01
2.687477547352105134e+01 3.282493457959688499e+01
2.688081471843776526e+01 3.285022408284746120e+01
2.688184813167142195e+01 3.343030879970097402e+01
2.688631669018765891e+01 3.253900767075247558e+01
2.688939051293260363e+01 3.275195392406789807e+01
2.690746698678643156e+01 3.305117505852769710e+01
2.691024472714106608e+01 3.327744653340063508e+01
2.691060673072303189e+01 3.292538608637100594e+01
2.692464522652586467e+01 3.289903549083881273e+01
2.692567182388911107e+01 3.281237589230416063e+01
2.693173319154228906e+01 3.300409369626381562e+01
2.694237590288459927e+01 3.270393472840731164e+01
2.694351611699741511e+01 3.284444982723562845e+01
2.696531339114119064e+01 3.285969238939107839e+01
2.697340081464403383e+01 3.308569881224567411e+01
2.698191254631546698e+01 3.286549747875964300e+01
2.699038562801043639e+01 3.296595804230734217e+01


2.584995762801560559e+01 3.285975019703327149e+01
2.585205680426710728e+01 3.369687675503932667e+01
2.585405035575114141e+01 3.361364777627448319e+01
2.585492717969049536e+01 3.215234800794637238e+01
2.585832192770069327e+01 3.264826494646462152e+01
2.585954061405296756e+01 3.390687006908750334e+01
2.586065129510310356e+01 3.294863404485824532e+01
2.586103650597616266e+01 3.293792124845312230e+01
2.586243843398821340e+01 3.275844106909654130e+01
2.586328367108175996e+01 3.216588299534114981e+01
2.586345171142193777e+01 3.364950305148514076e+01
2.586538029047310161e+01 3.275856411056467010e+01
2.586591603377470960e+01 3.359007488718772549e+01
2.586871057498007787e+01 3.378777738134373010e+01
2.586919033466105944e+01 3.305363555952727950e+01
2.588323844688824593e+01 3.334678012351611898e+01
2.588356205914460517e+01 3.222810181786808670e+01
2.588446081821010480e+01 3.311336830701358025e+01
2.588701110482170975e+01 3.364858388527066069e+01
2.589250947925165036e+01 3.332558832155134354e+01
2.590730816657203661e+01 3.380441031768900473e+01
2.591713795531944697e+01 3.384272446970044967e+01
2.592653844795194473e+01 3.369883151019939760e+01
2.593620283830988171e+01 3.259754853100399430e+01
2.594131441361139423e+01 3.294024511742521355e+01
2.594837390088918028e+01 3.239743050213794362e+01
2.595189954850340897e+01 3.299467283747868152e+01
2.595214203322734292e+01 3.309281989605524643e+01
2.595519692800926137e+01 3.284595066817908560e+01
2.596709637813102134e+01 3.286225255078387164e+01
2.597136321039133477e+01 3.298511048676453328e+01
2.597605172539077500e+01 3.348570951781878335e+01
2.597634610898342444e+01 3.212021934935811629e+01
2.597775356906868893e+01 3.251372996044565866e+01
2.598086612776338100e+01 3.379317136778673358e+01
2.598179421223901997e+01 3.361338252665153448e+01
2.598581945965192830e+01 3.276850934805668913e+01
2.599282788703539637e+01 3.282758725571492420e+01
2.600437956784076121e+01 3.307935880100736625e+01
2.600662529478567464e+01 3.379329525814402757e+01
2.601088883499387805e+01 3.283056015042747333e+01
2.601259687791022301e+01 3.234403794962612722e+01
2.601414816980548039e+01 3.305352391606739815e+01
2.601748417031507898e+01 3.238140896766689991e+01
2.601905911287127537e+01 3.344498901589270901e+01
2.602057466692953014e+01 3.350638230659453853e+01
2.602441392253202679e+01 3.281876224205465320e+01
2.602896364383467187e+01 3.203575965855590368e+01
2.603446972790596092e+01 3.223783642948404093e+01
2.603689573614311925e+01 3.313483655943376505e+01
2.603981737713193567e+01 3.243243179296693768e+01
2.604448755939171889e+01 3.205415308306290001e+01
2.604461646611924408e+01 3.310823462030379005e+01
2.604617309349266563e+01 3.322250185613926021e+01
2.604787592132119300e+01 3.276004981287518802e+01
2.604978910087195842e+01 3.295760469256853042e+01
2.606195201186700316e+01 3.306840398336454001e+01
2.606669682433907198e+01 3.299538176803601885e+01
2.606715251509003295e+01 3.352684642892178601e+01
2.606961237352813399e+01 3.229041346858441131e+01
2.607696433489748955e+01 3.295472305545945346e+01
2.607812709920338179e+01 3.313049960472564948e+01
2.607861798651476093e+01 3.363292145676857814e+01
2.608001162487780533e+01 3.329970095235286465e+01
2.608009466100238072e+01 3.259473403338002839e+01
2.608035442239944501e+01 3.357124089829758873e+01
2.608132593379416519e+01 3.369292941873784741e+01
2.608143291034608424e+01 3.337000098436325146e+01
2.608636197351578900e+01 3.314312738778749434e+01
2.608810800819563980e+01 3.205259778563197415e+01
2.608882143500241213e+01 3.259182363987891762e+01
2.609398324031971228e+01 3.289668024504260302e+01
2.610521090109494935e+01 3.309447037833630390e+01
2.610688529730844110e+01 3.259796743503362393e+01
2.610772849676020613e+01 3.311856345700362425e+01
2.611060478997396572e+01 3.252919661459101519e+01
2.612324743871527488e+01 3.366451599380606297e+01
2.612387896229706996e+01 3.245676083737149753e+01
2.612768350280853724e+01 3.319847955217569790e+01
2.612772234070540023e+01 3.229210681690274498e+01
2.612869920466444995e+01 3.354621064874474001e+01
2.612910095305197800e+01 3.230742240358811301e+01
2.613034608824547433e+01 3.329763342936982440e+01
2.613305734544290004e+01 3.306891233407194619e+01
2.613481286118836877e+01 3.226775014801808084e+01
2.614303083072768885e+01 3.297913091483322745e+01
2.614612429990043907e+01 3.285012212488081929e+01
2.614880543710435390e+01 3.381434830489122589e+01
2.614891519557031785e+01 3.271891166256784800e+01
2.614987160821359424e+01 3.382520577867407496e+01
2.615041701226525817e+01 3.248790964622101285e+01
2.615327592829855163e+01 3.315822536237882900e+01
2.615685213343025950e+01 3.328880966042756739e+01
2.615854115325247164e+01 3.253529733877747532e+01
2.616134407789936844e+01 3.306601591585669553e+01
2.616222633304361622e+01 3.380821512238792081e+01
2.616298636985371573e+01 3.266551417219395148e+01
2.616728433204603732e+01 3.225890418995835063e+01
2.616959886075469655e+01 3.242258318530931405e+01
2.616988445679524489e+01 3.267073330378114804e+01
2.617468498061726834e+01 3.276924358979712082e+01
2.617709610063949555e+01 3.366813921746157234e+01
2.619058810853093533e+01 3.348771450521196869e+01
2.619383945610300302e+01 3.379436675497750997e+01
2.619697641535318766e+01 3.362320660707688091e+01
2.619845230816381942e+01 3.260944413571039746e+01
2.619847920285723575e+01 3.238601516368616018e+01
2.620348638883377390e+01 3.335698819568908391e+01
2.620651065176047467e+01 3.390656778807401395e+01
2.620652668851158751e+01 3.211594602383392782e+01
2.620911683621315547e+01 3.290143699464561422e+01
2.622185563773255979e+01 3.360766536341012767e+01
2.623126563898103925e+01 3.294434533284663047e+01
2.623469528273752260e+01 3.348709206674155325e+01
2.623532671573354591e+01 3.338532703590605166e+01
2.623642805852814774e+01 3.339947933868372587e+01
2.623695849353805087e+01 3.284792786882506732e+01
2.623700629041452714e+01 3.314177067880635263e+01
2.624108795120134374e+01 3.392674373882563543e+01
2.624807310061685683e+01 3.282535880146658513e+01
2.624917861661696961e+01 3.352438009069648928e+01
2.625518192637066051e+01 3.381958934074209822e+01
2.625639869701888784e+01 3.251493520101628576e+01
2.626344340542049949e+01 3.354132592029269233e+01
2.626601207734523769e+01 3.300815243975407043e+01
2.626694014919955578e+01 3.282294028445198819e+01
2.627007515726869258e+01 3.329627674484016353e+01
2.627692758569726195e+01 3.316945511918920886e+01
2.628008728588027410e+01 3.304677284544118265e+01
2.628423304776267599e+01 3.291911068953071151e+01
2.628809185535848769e+01 3.246477118149733343e+01
2.628849697596006862e+01 3.245180870278025509e+01
2.628959316564207427e+01 3.232223541305894798e+01
2.629546500930818453e+01 3.381743361343709608e+01
2.629711717463885634e+01 3.279092375123590131e+01
2.629729965551948112e+01 3.212105291813910668e+01
2.629976583129931811e+01 3.354331250773800832e+01
2.630020815239223708e+01 3.325645634890666003e+01
2.630171767315229658e+01 3.314790841335154425e+01
2.631443424880493964e+01 3.317761456753412119e+01
2.631566010810186285e+01 3.276785292257824267e+01
2.632053446390071727e+01 3.340538653265618763e+01
2.632163939288986043e+01 3.247913945715040285e+01
2.632364048155648462e+01 3.331675763241069887e+01
2.632680970074666860e+01 3.329021703032076118e+01
2.634772192407493208e+01 3.221075708582257846e+01
2.635464739374921095e+01 3.384097902485665088e+01
2.636391189919706335e+01 3.281350667060879545e+01
2.636603227792738480e+01 3.320577344965261091e+01
2.637624880709611475e+01 3.328442234787599574e+01


3.740151672772606162e+01 3.103902008442504012e+01
3.740301175637800668e+01 3.113573916668755359e+01
3.740313119732324765e+01 3.147147588436217092e+01
3.740351749825561711e+01 3.164470815953571048e+01
3.740969444896212792e+01 3.056092906474799165e+01
3.741442950250042543e+01 3.145310494515937805e+01
3.741564880781190539e+01 3.170755473315158568e+01
3.742532310417643515e+01 3.131525167850610103e+01
3.742599520702435711e+01 3.077290992197387354e+01
3.742677113667146216e+01 3.106165361711034834e+01
3.742753905965700767e+01 3.055404125682418837e+01
3.742910344210672946e+01 3.090087159410714435e+01
3.743608773593436467e+01 3.137549012598800147e+01
3.743916191267138771e+01 3.087114698822787062e+01
3.744001576746718740e+01 3.060562547881984941e+01
3.744242618353207064e+01 3.105132942474707392e+01
3.744273764603341448e+01 3.030001738957881940e+01
3.744351365313728763e+01 3.150964077776682615e+01
3.744390003079266194e+01 3.076077564396136310e+01
3.744447854756712246e+01 3.119698207313120975e+01
3.744939802138979701e+01 3.100168554689661349e+01
3.744980085272627690e+01 3.090201209728462572e+01
3.745450907551106923e+01 3.111526263245114166e+01
3.745774344821311530e+01 3.188225991120657454e+01
3.745841334340980211e+01 3.084059371034439678e+01
3.746284945680049816e+01 3.060228827274412922e+01
3.747404927578867273e+01 3.170630037323149253e+01
3.747486916646816013e+01 3.173674853919736094e+01
3.747687946955426952e+01 3.114819426999504515e+01
3.748011158855404545e+01 3.038253290132447404e+01
3.749353749954549642e+01 3.114014849356525261e+01
3.749760967918246024e+01 3.015386465034527319e+01
3.754135878504641965e+01 3.180772469538918301e+01
3.754234123897887088e+01 3.110677459488599439e+01
3.754375726675399960e+01 3.113321494977011028e+01
3.754440459639737782e+01 3.082061859253646929e+01
3.754452005630140121e+01 3.039163501188214767e+01
3.754749161910198296e+01 3.149875754027796404e+01
3.755198099776735887e+01 3.060349829916862774e+01
3.756670212528171504e+01 3.151499398372406802e+01
3.758330996602801122e+01 3.123506944054814483e+01
3.759929304951882045e+01 3.086990608932388014e+01
3.760747574527080417e+01 3.045024426648691218e+01
3.760796616645139068e+01 3.150180095628686061e+01
3.761458880373341174e+01 3.087026708413561948e+01
3.761560475181949670e+01 3.096421703522792512e+01
3.762224740075366469e+01 3.150951338923077216e+01
3.762404699861122737e+01 3.061022415193331625e+01
3.763327560318720799e+01 3.060527787698007884e+01
3.763894153189900038e+01 3.119871083099316778e+01
