1.797834022197418236e+01 2.104237180424890497e+01
1.799865498447710266e+01 2.292560305844102686e+01
1.799884524491591975e+01 2.141990632438530895e+01
1.800468171767143488e+01 2.228038795191566379e+01
1.801226833873244715e+01 2.175819443735557357e+01
1.802367125295752714e+01 2.230447236388466337e+01
1.802373353329414130e+01 2.135151871917062039e+01
1.802472891470707239e+01 2.210927418016380841e+01
1.802693092500277317e+01 2.243350278498047246e+01
1.802715851470891195e+01 2.286261135146143175e+01
1.803928387699719238e+01 2.241307189258625243e+01
1.804409658020995977e+01 2.294845688968200648e+01
1.804922402590265307e+01 2.131197236463510336e+01
1.805266411790929482e+01 2.117720471145357664e+01
1.805277400679063859e+01 2.289331014940227504e+01
1.805290818268183273e+01 2.169036040345441307e+01
1.806524626256871002e+01 2.280657565800314401e+01
1.806753813152399601e+01 2.207514298013716569e+01
1.806798003090127835e+01 2.295931510311612200e+01
1.807022236211363975e+01 2.132541152530008333e+01
1.807096433345859054e+01 2.198106993266016929e+01
1.807177142810516912e+01 2.141383609973824065e+01
1.807286998750309337e+01 2.177581415841721935e+01
1.807726081781468608e+01 2.141981219837514416e+01
1.807907262345903021e+01 2.268574742270000399e+01
1.807958932101229976e+01 2.185571975748296936e+01
1.807969107585896751e+01 2.178563497799980908e+01
1.808963654884044203e+01 2.214391416452280481e+01
1.809163313203663748e+01 2.206876752180889767e+01
1.809570435127721311e+01 2.162617508283239331e+01
1.810657085946086653e+01 2.135170010216023329e+01
1.811101244910824803e+01 2.236987324357599505e+01
1.811431555385636116e+01 2.202829622992994274e+01
1.812238692663392570e+01 2.264980952661356639e+01
1.812370576883049722e+01 2.166160125587045115e+01
1.812767402814773376e+01 2.182784850475177407e+01
1.813054448658686013e+01 2.221064976251055612e+01
1.813371061539617912e+01 2.216648411117363437e+01
1.813715555655391398e+01 2.155448730558317294e+01
1.813871292942319613e+01 2.199120350589991091e+01
1.814436475550778738e+01 2.253948688006640211e+01
1.814644647292857371e+01 2.108610552559899531e+01
1.815405293558372435e+01 2.298206698317880381e+01
1.816057426988832901e+01 2.144731234123344876e+01
1.816209970894610848e+01 2.257044586779561612e+01
1.816490755320216977e+01 2.222671564372066655e+01
1.816708607557468724e+01 2.158939020680868381e+01
1.817353433373785521e+01 2.292222396491188974e+01
1.818208428733443327e+01 2.244243345850766858e+01
1.818210751407580972e+01 2.190018481446703902e+01
1.818348919062349012e+01 2.286618108382791092e+01
1.818354919935168112e+01 2.124430264214563380e+01
1.818487325342704253e+01 2.206463760047217093e+01
1.818821978109355086e+01 2.285181238149141336e+01
1.819796450842005697e+01 2.149549224860203722e+01
1.819804404212936078e+01 2.228233310847007687e+01
1.820292623822994571e+01 2.105053284853838846e+01
1.820715877355011258e+01 2.149661434560135831e+01
1.821163196733267498e+01 2.177403845697146778e+01
1.821680111213643372e+01 2.132168758433804001e+01
1.821701094216872008e+01 2.134458174634258043e+01
1.821932394144380751e+01 2.228458922976435019e+01
1.822314053152399893e+01 2.235779873824009911e+01
1.822413039916506960e+01 2.166626757410410775e+01
1.823774772141885947e+01 2.270383813119497063e+01
1.824010647822701259e+01 2.141836531380370445e+01
1.824616336751665102e+01 2.148670238022461021e+01
1.824868153452473862e+01 2.226272507192561179e+01
1.825485215266078143e+01 2.179521406530827932e+01
1.825558431504006052e+01 2.220986039062508155e+01
1.826257730639934351e+01 2.190045075906130023e+01
1.826383254199137696e+01 2.248819237659142090e+01
1.826730109581716022e+01 2.210512573671527647e+01
1.826923694020131350e+01 2.184242447206726823e+01
1.828065097967445851e+01 2.206589186044091377e+01
1.828169557556769220e+01 2.182865323043044370e+01
1.828518865486012501e+01 2.217986894239831841e+01
1.828638073450605361e+01 2.141334606994486833e+01
1.828710097111637012e+01 2.246784058874616008e+01
1.828729009852927589e+01 2.261740508576568587e+01
1.829046453844352982e+01 2.161757591263864953e+01
1.829402260595956164e+01 2.251036108727724638e+01
1.829829715010765412e+01 2.221813927794968180e+01
1.830218814116544124e+01 2.255162485084031587e+01
1.830695813470534361e+01 2.111550608143620167e+01
1.831039025149229715e+01 2.201935531508872401e+01
1.831514244874583497e+01 2.269564275403365627e+01
1.831763505005074322e+01 2.111374660870497166e+01
1.832518092950073196e+01 2.184753825417030271e+01
1.832578467523921972e+01 2.125599811046966181e+01
1.832736465549421112e+01 2.238369729939794439e+01
1.832849618416381077e+01 2.169629893445234003e+01
1.833017242150791049e+01 2.118676798144359807e+01
1.833178645007151530e+01 2.114382366828608184e+01
1.833995426459299694e+01 2.253933040452045589e+01
1.834509270420209148e+01 2.168692215482689178e+01
1.835020333853941921e+01 2.163963158744626014e+01
1.836903094317770879e+01 2.152227624143214157e+01
1.837537091746784768e+01 2.173168105923624438e+01
1.837632028902097048e+01 2.131970351245155371e+01




2.303359162473444499e+01 2.179879998668578267e+01
2.304642630106064516e+01 2.212501254773413351e+01
2.312832261119493538e+01 2.184198568331321155e+01
2.313645576836547235e+01 2.192437926356952360e+01
2.316013744224728299e+01 2.181580173831626368e+01
2.317117093214226387e+01 2.219929513098037077e+01
2.317157290630111532e+01 2.176152197568997337e+01
2.317263653168953752e+01 2.225279539444164456e+01
2.318452809900800204e+01 2.202189815035209719e+01
2.319121774509347844e+01 2.188715537726447380e+01
2.319729249153370176e+01 2.147171081892202693e+01
2.319904755927055007e+01 2.179188639786662662e+01
2.320417913500811125e+01 2.157976511134775066e+01
2.321893480854519964e+01 2.259438162081735868e+01
2.322394873545671601e+01 2.138842537383473186e+01
2.323806845887533612e+01 2.246609567770618554e+01
2.324888949571769814e+01 2.185678768574081232e+01
2.324903803926491008e+01 2.185854780003058906e+01
2.325075760992647389e+01 2.259806500600697277e+01
2.325781255866427344e+01 2.242470669688743001e+01
2.326393812105422043e+01 2.192607447376510876e+01
2.326550226611701433e+01 2.228800808506104048e+01
2.326601915517818853e+01 2.165196347349438000e+01
2.326772773493161139e+01 2.199338204443623823e+01
2.327524838591304146e+01 2.169578294876263058e+01
2.328026316848830390e+01 2.200329788591513491e+01
2.328278901323372807e+01 2.197894114322573600e+01
2.329072932672287877e+01 2.210233039389618170e+01
2.329598349610970942e+01 2.159524205599853985e+01
2.330146449979729439e+01 2.145370161590832225e+01
2.330225774266657268e+01 2.260822678670459496e+01
2.330515716095099421e+01 2.242005455037534389e+01
2.330534255868266413e+01 2.251138805984797742e+01
2.330680351351184143e+01 2.157650080898439882e+01
2.331316481189104195e+01 2.251875606902941485e+01
2.333905241105870587e+01 2.190056902306643494e+01
2.334080204689842830e+01 2.242251868941902515e+01
2.334403242206987628e+01 2.259802573288598992e+01
2.334917712930655043e+01 2.228919598130156743e+01
2.335004827685660800e+01 2.170895160845580563e+01
2.335526130271415113e+01 2.181290029546585529e+01
2.336335532220816802e+01 2.139224338400712000e+01
2.336853161713061411e+01 2.132508154772344255e+01
2.337047993925096989e+01 2.248190956833341758e+01
2.337113127523918266e+01 2.203460819025316653e+01
2.338593590811471046e+01 2.170289913458570652e+01
2.339049224802314697e+01 2.239800653590055290e+01
2.339941557954352191e+01 2.130169229586122626e+01
2.339979142123991807e+01 2.159650190119880975e+01
2.340438252086922688e+01 2.228185192355364919e+01
2.340665449089160788e+01 2.261717866921962994e+01
2.341823894205139212e+01 2.257981457579274931e+01
2.342755563410726083e+01 2.175405802908153063e+01
2.343176716191921827e+01 2.220652205226252107e+01
2.343974308358400549e+01 2.255177400914405084e+01
2.344378535321446577e+01 2.180605953639992478e+01
2.346113024699299032e+01 2.227787131941849097e+01
2.346261424159516906e+01 2.223321476387419438e+01
2.346314349384600106e+01 2.144443900669308789e+01
2.346904202061383415e+01 2.156945524367847966e+01
2.346919171856246322e+01 2.205405488310421092e+01
2.347053284130949180e+01 2.172630958304526061e+01
2.347610997341895001e+01 2.241723914013216756e+01
2.347828723767250736e+01 2.228859043463325662e+01
2.348371615488106201e+01 2.224381800805602794e+01
2.349007923141129339e+01 2.250598422496020845e+01
2.349892356771822222e+01 2.279020097728958305e+01
2.351023130545431883e+01 2.245889975844057673e+01
2.351486708981084206e+01 2.262677278605889697e+01
2.354266034913046113e+01 2.257967348801030383e+01
2.354326903534908055e+01 2.175571999597267947e+01
2.354892147923351686e+01 2.233890831114842257e+01
2.355131474735815900e+01 2.174482124379382597e+01
2.355414264953802572e+01 2.165229400971155371e+01
2.355568014203214844e+01 2.274145826727338715e+01
2.355786847848979804e+01 2.196797350599039333e+01
2.356873482243799600e+01 2.111011383472719416e+01
2.357573049094343176e+01 2.219472274890135211e+01
2.358328606600979782e+01 2.251175688604726588e+01
2.358847744326066831e+01 2.212401323421480015e+01
2.359166866629167458e+01 2.250832066767587136e+01
2.359244059771263835e+01 2.231378293657853362e+01
2.359422991128313285e+01 2.199437959671730169e+01
2.359699404957891744e+01 2.182667374778915459e+01
2.359765925788236629e+01 2.271199797146515920e+01
2.360236258414068544e+01 2.203605960963860255e+01
2.360652596534822223e+01 2.223510498959467085e+01
2.360657089086536331e+01 2.131772429492889387e+01
2.360706408105071930e+01 2.140140657515377853e+01
2.361566529485713062e+01 2.206467989354127823e+01
2.361694970175917518e+01 2.112463963178135629e+01
2.361931903290702550e+01 2.238752701842976123e+01
2.363074138957349746e+01 2.124035679375542429e+01
2.363455877039140773e+01 2.259975502571867523e+01
2.364214965359236587e+01 2.114586531420707161e+01
2.364221315351728592e+01 2.129645008140196083e+01
2.364267877376784810e+01 2.208957642130725318e+01
2.364458398327679944e+01 2.276417610419047222e+01
2.364825674257436106e+01 2.139396316215076155e+01
2.365126961599625233e+01 2.133660806188487058e+01
2.365284578237523050e+01 2.252101043134069513e+01
2.365420191258296612e+01 2.112449045831639083e+01
2.365449825063426559e+01 2.177877482379676621e+01
2.365549842399023461e+01 2.121238561701679970e+01
2.366048017647728585e+01 2.227103843118634074e+01
2.366305251189275793e+01 2.193441830335778775e+01
2.367711443212416000e+01 2.220675351449683532e+01
2.368228399252530636e+01 2.201439454099354975e+01
2.368562667730261140e+01 2.244147295632187777e+01
2.368569064346863584e+01 2.161149841965428209e+01
2.369000861575432992e+01 2.274140856268019562e+01
2.369145812223602476e+01 2.181061381869248095e+01
2.369161072567784387e+01 2.191120734772142242e+01
2.369200010172255944e+01 2.260429740777381724e+01
2.369304918541847016e+01 2.247634562653393786e+01
2.369919658925670092e+01 2.155976498257799889e+01
2.370126934854549816e+01 2.250268446834675728e+01
2.370570504515425014e+01 2.237260024136230996e+01
2.370789020031625682e+01 2.161902593728963140e+01
2.370803667898344713e+01 2.190337541518267273e+01
2.372462113393938310e+01 2.213457352685469104e+01
2.372891494537674717e+01 2.210719849046248342e+01
2.373515882950465183e+01 2.282293447490256710e+01
2.374362959425938513e+01 2.240985601990054832e+01
2.375075307871535557e+01 2.193870033012939658e+01
2.376628416178562375e+01 2.188027936892354575e+01
2.377160955082042193e+01 2.205740310326712006e+01
2.377739531478031765e+01 2.175821352854457302e+01
2.377817287538907820e+01 2.250975282861197257e+01
2.377868168245808533e+01 2.105018692355211130e+01
2.377885423662774755e+01 2.241856451237215708e+01
2.379039103322055482e+01 2.257864456612334436e+01
2.379294399857835174e+01 2.207379971376276018e+01
2.379311386428648945e+01 2.262005723912477606e+01
2.379451541857800478e+01 2.268393955214597923e+01
2.379666433150324067e+01 2.210712036982647888e+01
2.379855447197408580e+01 2.220501879236361376e+01
2.380407825379736764e+01 2.274000505021815144e+01
2.380771155444095655e+01 2.253001978474413036e+01
2.380866612864302212e+01 2.202667374700021341e+01
2.380922492711178862e+01 2.143828562595863474e+01
2.381256414778982489e+01 2.172077234820952896e+01
2.381391711399398048e+01 2.223915784374232274e+01
2.381447068852578042e+01 2.128252771984906033e+01
2.382024476423947235e+01 2.250126886218014732e+01
2.382091693402650989e+01 2.149504699376344163e+01
2.383543719810881001e+01 2.273085134379828176e+01
2.383545936237905849e+01 2.288821491009091247e+01
2.383898240848598604e+01 2.166400253955782773e+01
2.383899207514798846e+01 2.201982417417674043e+01


2.384001962151884868e+01 2.294020219687666895e+01
2.384480834594155496e+01 2.193423200789163729e+01
2.385101914975745530e+01 2.188616983798246807e+01
2.385224428470952418e+01 2.201726531774698969e+01
2.385546599954444602e+01 2.158577804495281782e+01
2.385757644405321543e+01 2.185774673361393283e+01
2.385789883119541344e+01 2.206110218652723987e+01
2.386599414320566481e+01 2.192631737023594241e+01
2.386679136931601164e+01 2.221236232285536261e+01
2.386782039522431731e+01 2.116941600167142923e+01
2.386905540867000397e+01 2.191586439635775463e+01
2.387421550813551363e+01 2.103169498250992220e+01
2.387525919358091997e+01 2.238384055005195705e+01
2.387775880340203116e+01 2.102835865944905080e+01
2.387905696768526553e+01 2.252895605111571697e+01
2.388295693605826742e+01 2.125764340044638701e+01
2.388359868707144784e+01 2.262645748645308785e+01
2.390663254884039901e+01 2.130546893315915824e+01
2.390819739198781235e+01 2.270839129861174754e+01
2.391039474978478552e+01 2.163083785127512115e+01
2.391144331650493982e+01 2.223164323222099981e+01
2.391636577234087113e+01 2.193082037115311778e+01
2.391657548163935587e+01 2.247439788453786136e+01
2.392079841253581307e+01 2.169672675101087478e+01
2.392543209224987066e+01 2.248923513432525922e+01
2.392603958302864697e+01 2.202579755209058376e+01
2.392638324429294983e+01 2.165447313347605629e+01
2.393096020319037365e+01 2.233101515394228187e+01
2.393419100280161516e+01 2.203366754761628243e+01
2.393645278731349180e+01 2.157504530431967638e+01
2.393929228393206898e+01 2.107227759783781096e+01
2.394158492501004787e+01 2.193158668503559028e+01
2.394945358536735469e+01 2.211979455317568366e+01
2.395384570283162873e+01 2.179153688186941551e+01
2.395955158807664276e+01 2.152936063570556513e+01
2.396839937611325766e+01 2.165270146365845250e+01
2.396958180561475871e+01 2.109469244853498893e+01
2.397446318835661572e+01 2.231060744986717737e+01
2.397482429099773782e+01 2.267069714220366805e+01
2.397959513899543893e+01 2.217818092584454703e+01
2.398502969306439780e+01 2.198062217109059802e+01
2.398912374463241548e+01 2.170160590305177806e+01
2.399204925820000156e+01 2.144868226541177592e+01
2.399556126145066770e+01 2.246015415610519739e+01
2.400528022669299943e+01 2.242861419549476665e+01
2.400922303229864951e+01 2.100651164886700073e+01
2.400977272356059444e+01 2.262664674123632125e+01
2.402385919488334665e+01 2.238510292904669186e+01
2.402436430212526375e+01 2.229909631694936323e+01
2.403258204451812574e+01 2.172417488857136902e+01
2.403301855941948162e+01 2.185710467502455501e+01
2.404380913646153672e+01 2.160329519428935185e+01
2.404583574511643818e+01 2.144624752670059564e+01
2.404611480401385037e+01 2.145494709849089787e+01
2.404693471953714834e+01 2.172788718669821861e+01
2.404831709200169243e+01 2.229053170954183116e+01
2.404945614132738640e+01 2.205835899509070330e+01
2.405045479828462618e+01 2.209398763491157425e+01
2.405308211550194741e+01 2.291062335465436561e+01
2.406770561690531807e+01 2.263082700432273242e+01
2.406966339707131297e+01 2.130127954560876447e+01
2.407266407645477813e+01 2.122779584964844091e+01
2.407306735546710996e+01 2.116646879214006205e+01
2.407456681428197598e+01 2.117255368659801462e+01
2.407482285037626468e+01 2.222179914985852278e+01
2.407787537723955396e+01 2.284030992938937388e+01
2.408107708283297299e+01 2.118943592359440942e+01
2.408387839870598413e+01 2.238662018701641188e+01
2.409602523635508931e+01 2.137766674539659917e+01
2.409748481222536043e+01 2.116743279818403778e+01
2.409796439579175953e+01 2.117004641180622215e+01
2.410191257973272627e+01 2.236597152288889134e+01
2.410431502954005012e+01 2.111265148750109333e+01
2.410763270846206296e+01 2.188097002080296249e+01
2.411200291248661998e+01 2.144949448118301305e+01
2.412989507518560828e+01 2.253708307276676592e+01
2.413501997654954678e+01 2.144743340292060552e+01
2.413622766734825120e+01 2.179732124790583114e+01
2.413748701571183730e+01 2.256353349586664336e+01
2.415373367034690943e+01 2.187330732680500134e+01
2.415476685492803099e+01 2.228673346986096249e+01
2.415651973658519580e+01 2.240190363069126889e+01
2.415742034685183626e+01 2.232372052974495702e+01
2.416157185643857730e+01 2.264611832352510490e+01
2.416188359780646522e+01 2.274323216884140564e+01
2.416188975749498269e+01 2.127807495575700969e+01
2.416457252146204837e+01 2.148346450017625031e+01
2.416656362253656809e+01 2.234830994255845482e+01
2.416971682897068519e+01 2.107858496641096124e+01
2.417006237896978504e+01 2.262165657102558924e+01
2.417016892267228911e+01 2.217864402669530222e+01
2.417488201285710048e+01 2.165499560913642796e+01
2.417968378005705787e+01 2.241582290044523873e+01
2.418047624445655686e+01 2.245941355698044362e+01
2.419093790100225050e+01 2.134813115479009937e+01
2.419182133651333899e+01 2.282760277865306264e+01
2.419201989933214847e+01 2.280932383266842933e+01
2.419359630460970223e+01 2.218628533716847429e+01
2.419538684457405608e+01 2.240567851109852882e+01
2.419656780463901669e+01 2.262823584280872069e+01
2.420042786432193793e+01 2.145465542200745901e+01
2.420589749025290871e+01 2.270578453161760635e+01
2.420628045751713842e+01 2.157795182546871970e+01
2.420926136701130105e+01 2.225338733702452032e+01
2.421671001527400691e+01 2.143381033765820831e+01
2.422003774330427817e+01 2.287237444003134357e+01
2.422480453440052273e+01 2.279604057630420400e+01
2.422775515764294951e+01 2.149866573726978913e+01
2.422788563594174249e+01 2.191030241881458096e+01
2.422798469356860096e+01 2.286135780145243857e+01
2.423173537445651604e+01 2.148836374711795472e+01
2.424459673874541110e+01 2.110787812810898600e+01
2.425401229651204815e+01 2.234766498944538782e+01
2.426707904360674561e+01 2.258577602022615594e+01
2.426828042613692915e+01 2.226279894850539876e+01
2.427230602889430244e+01 2.144041238167039154e+01
2.427277255248902676e+01 2.236144890656944639e+01
2.429285147059071903e+01 2.185349361661143064e+01
2.429468035074186361e+01 2.199292824434166249e+01
2.429640967607467772e+01 2.145351150015145691e+01
2.430520133722483678e+01 2.175420937060991378e+01
2.431053489541881518e+01 2.235101130858364726e+01
2.431064516193903913e+01 2.162075686134933861e+01
2.431114397618059542e+01 2.136000240854123078e+01
2.431138930887079042e+01 2.170271625479134059e+01
2.431319163413076723e+01 2.232778774928655707e+01
2.432044022975827602e+01 2.145552443033497525e+01
2.432877578988624734e+01 2.172181591184079608e+01
2.432947503628033559e+01 2.252100179387823786e+01
2.433589667473216167e+01 2.106929795647639736e+01
2.434079433711056240e+01 2.116503537366324039e+01
2.434634260448761722e+01 2.166881648090130952e+01
2.434676572944191264e+01 2.246197372214912846e+01
2.436961341159299010e+01 2.261108175702666401e+01
2.437149145895364910e+01 2.222649191013458747e+01
2.437256270056996854e+01 2.216047181210742778e+01
2.437557746717900997e+01 2.174374046052553311e+01
2.437578254889691820e+01 2.157922118395046596e+01
2.437675209197253778e+01 2.280087901769989145e+01
2.437769952037049848e+01 2.182009481987884669e+01
2.438039757787844763e+01 2.235381513565383926e+01
2.438409190598108367e+01 2.134746812375637859e+01
2.438670072426031510e+01 2.161963980285226228e+01
2.438882909987815495e+01 2.237323124116015194e+01
2.439002285458290586e+01 2.179178805954153120e+01
2.439333230643954664e+01 2.159392599447281569e+01
2.439501019444103491e+01 2.250995357049728796e+01
2.440006888284424846e+01 2.202301583179676925e+01
2.440282577848742918e+01 2.123538685623060118e+01
2.440474998204146218e+01 2.252372196169801555e+01


2.441689590572285340e+01 2.261483159365222306e+01
2.442049041224162664e+01 2.176116917789997629e+01
2.443216513147999436e+01 2.111008300490647471e+01
2.444073062475404612e+01 2.206156247419227157e+01
2.444851143396085291e+01 2.202246301502093573e+01
2.445328820945945481e+01 2.140284276717436995e+01
2.445767966086683742e+01 2.197315301807689281e+01
2.446347555186144618e+01 2.233283430632030786e+01
2.446450720347609220e+01 2.257186347771251533e+01
2.446974747895347946e+01 2.274261445798941850e+01
2.447059646120482412e+01 2.193732327043444386e+01
2.447143236762693874e+01 2.189588707828145431e+01
2.447326416277423888e+01 2.254838998965532681e+01
2.447850876112825347e+01 2.157043994583086999e+01
2.448775591871901369e+01 2.214218478943974588e+01
2.448896633154209468e+01 2.284927608881842431e+01
2.451148258576825256e+01 2.143874514179870872e+01
2.451401301127261689e+01 2.209019088031411115e+01
2.452391046057535107e+01 2.243038766162054287e+01
2.452629537622714295e+01 2.135553327342817909e+01
2.452789363204988859e+01 2.278338502291391876e+01
2.452963377013709234e+01 2.240824972130413073e+01
2.453702497222164780e+01 2.232514709647023921e+01
2.454949530356989484e+01 2.270134682245015867e+01
2.455515755655167709e+01 2.129071249408949384e+01
2.455903554224018492e+01 2.257015519689636918e+01
2.456177034243151169e+01 2.223584587480892338e+01
2.456817060547151854e+01 2.267899080847642779e+01
2.457266750045687687e+01 2.181463682425122386e+01
2.457316326740962964e+01 2.225919305989637564e+01
2.457636616075767932e+01 2.264183381742420309e+01
2.457684705983385243e+01 2.187639581672943478e+01
2.458717810809870841e+01 2.267896303405454006e+01
2.460080960172111020e+01 2.234497017958979015e+01
2.461922695384305015e+01 2.260982836419749020e+01
2.463058206245461079e+01 2.242315726611658278e+01
2.464121759861182070e+01 2.150742415004764752e+01
2.464447012341048548e+01 2.163864646345616194e+01
2.464684214082317126e+01 2.181182233851022545e+01
2.465687093817815168e+01 2.266065373630250335e+01
2.466379668524357882e+01 2.151662435248996985e+01
2.466498801708837973e+01 2.200023970276582475e+01
2.466738387143246314e+01 2.180031307392559370e+01
2.467350149650945568e+01 2.135321010008214770e+01
2.467490466747173983e+01 2.265712753985783934e+01
2.467712793382383296e+01 2.260479461442933768e+01
2.467885978717014339e+01 2.271751720950236830e+01
2.468419437813659556e+01 2.234303560574167236e+01
2.468550241692066294e+01 2.208783046023371455e+01
2.469349489494283389e+01 2.237739309522143216e+01
2.469528556151562881e+01 2.257099309784272734e+01
2.469734634079469515e+01 2.188668173192515809e+01
2.469749088250129532e+01 2.251827717950795105e+01
2.469954015923992685e+01 2.218361297005809618e+01
2.470445409243169621e+01 2.186660737532266552e+01
2.475229121023159706e+01 2.218694484120683086e+01
2.475686159073776693e+01 2.243993664770884422e+01
2.475847081277770201e+01 2.237890772558399632e+01
2.476116554637943068e+01 2.171962106235828927e+01
2.478770533989114355e+01 2.257612928405251651e+01
2.478985813316200293e+01 2.242130046174348479e+01
2.480072706216451550e+01 2.163511415771941060e+01
2.485352895630961356e+01 2.156499985610774317e+01
2.487159799557635864e+01 2.242261535828260932e+01
2.490336828925122248e+01 2.218916204989861640e+01
2.492122291318688454e+01 2.182968750671578917e+01
2.493447664631373684e+01 2.203896472910865612e+01
2.493875421678962567e+01 2.206109117766362360e+01
2.493929847083259688e+01 2.225964456729678176e+01
2.495289316190731910e+01 2.222080890691760047e+01
2.495365483084097491e+01 2.191814665223027347e+01
2.497975165622812455e+01 2.184765896687154196e+01


2.603317629229150398e+01 2.086912885646188442e+01
2.605378886060986332e+01 2.124905023254110148e+01
2.605953839744632106e+01 2.107365899449136393e+01
2.606102075139816066e+01 2.071037931969369339e+01
2.607785274476124115e+01 2.077240872744554778e+01
2.610071380696726351e+01 2.075400107484333745e+01
2.610271381764964715e+01 2.073113951772810992e+01
2.610563474112191429e+01 2.075741286747676995e+01
2.610785998722277057e+01 2.131417305592817613e+01
2.613518082221082750e+01 2.100085636636870134e+01
2.613895343304626095e+01 2.117506153948443526e+01
2.614774738173962731e+01 2.148614371853663485e+01
2.616049320983833582e+01 2.119598055553939275e+01
2.616098994682196022e+01 2.071484797339183714e+01
2.616200810056610493e+01 2.088206312656691210e+01
2.616364206387394375e+01 2.143704505008452443e+01
2.617314369524653372e+01 2.125533204925910624e+01
2.617367093922820587e+01 2.146125313944816426e+01
2.618463980139905445e+01 2.140975154059089292e+01
2.620843873655973866e+01 2.115594718628496196e+01
2.620966862067982817e+01 2.102580618829309600e+01
2.621381941486361100e+01 2.152754360948679135e+01
2.622496980513241382e+01 2.072923287048530838e+01
2.624173111255027990e+01 2.053258339394787058e+01
2.625088375324729739e+01 2.077441023945533871e+01
2.625382487760207795e+01 2.076906871234559659e+01
2.625749160272603433e+01 2.166865658722423049e+01
2.627237236894153227e+01 2.063221423062793392e+01
2.629740318410325273e+01 2.135416020661846304e+01
2.629898101352491224e+01 2.132589040687026483e+01
2.629919819283405502e+01 2.083319754651256872e+01
2.629974480738982479e+01 2.107183549382834187e+01
2.630038645865740321e+01 2.111056440766807540e+01
2.631318823307015720e+01 2.102094810070773079e+01
2.633215604594561654e+01 2.149395266840380003e+01
2.633430423892431094e+01 2.086699987896583153e+01
2.633683923057633081e+01 2.173532267514595517e+01
2.634187815852002146e+01 2.042425737741845992e+01
2.634261358799160035e+01 2.112459569677122673e+01
2.634325085746325001e+01 2.077166642618754366e+01
2.634782763064862010e+01 2.092408547642761008e+01
2.635231803832815700e+01 2.044578179979703947e+01
2.635413764279839910e+01 2.063739452850359513e+01
2.635732443662037383e+01 2.037078561489902384e+01
2.635767608874079926e+01 2.135642813820757269e+01
2.636522098975803630e+01 2.117545160943125282e+01
2.636633287885857158e+01 2.076711430845537976e+01
2.637616328073100291e+01 2.057267143322838621e+01
2.638044945979263645e+01 2.102185611016666300e+01
2.638767786921591707e+01 2.110628768855947612e+01
2.640478269173922499e+01 2.122369745887426618e+01
2.641119467370467788e+01 2.046538986337313304e+01
2.642110707069544517e+01 2.136747924260967579e+01
2.642132225958565428e+01 2.091180295132131306e+01
2.643407339129601752e+01 2.167925197838740559e+01
2.643830616300144953e+01 2.120878744065475274e+01
2.644125935067785349e+01 2.115801818017297009e+01
2.644242249799702904e+01 2.062460332607108526e+01
2.644750501435452605e+01 2.161219680747746352e+01
2.644870561376751539e+01 2.113482248065274760e+01
2.645092382475503001e+01 2.176703787433560677e+01
2.645929276169883693e+01 2.071716346756066329e+01
2.646579656127857305e+01 2.053400454795218621e+01
2.646744178685587556e+01 2.017842842042812279e+01
2.646873755906086245e+01 2.044190259776383556e+01
2.647086531355054717e+01 2.078478680367739173e+01
2.647704429190777731e+01 2.065189137305915423e+01
2.648167366314582694e+01 2.112224811839871563e+01
2.648208141034032792e+01 2.128849426885508578e+01
2.648619344477489790e+01 2.135569085326089223e+01
2.648985192030938407e+01 2.065574839099918236e+01
2.649654555684414703e+01 2.158074541364922183e+01
2.651128868669115946e+01 2.156444627774079237e+01
2.651151300093825469e+01 2.134959631048707251e+01
2.651857630412394329e+01 2.089672363582889858e+01
2.652288384188460313e+01 2.158533312657660375e+01
2.652354834777823456e+01 2.109373383721590045e+01
2.653323456425572147e+01 2.150043198738518768e+01
2.653405471562024331e+01 2.075245586886650528e+01
2.653510384378126830e+01 2.073005788518119274e+01
2.653740757610688306e+01 2.109597027758476884e+01
2.655525878459621936e+01 2.141892617223514961e+01
2.655985566433112055e+01 2.173292765097209767e+01
2.656960985682541931e+01 2.122971405621923324e+01
2.657143531862159236e+01 2.121765802479929874e+01
2.657144891740410131e+01 2.137046222839063958e+01
2.657155614250676479e+01 2.117074456744303035e+01
2.658645718133012537e+01 2.027082648452996594e+01
2.658935721233497063e+01 2.178817527810830512e+01
2.659532652589874502e+01 2.029133204848250926e+01
2.659642086534382344e+01 2.157852204346130165e+01
2.660491171977132296e+01 2.164611445345776986e+01
2.661221673497596285e+01 2.024776546056804349e+01
2.661362383906633511e+01 2.118509991355125521e+01
2.662513121449830322e+01 2.119605109337108217e+01
2.662680539521473833e+01 2.057006670887735922e+01
2.662888770883236944e+01 2.138335427814548240e+01
2.663486009418265965e+01 2.037055315675922174e+01
2.663663660233896380e+01 2.149448425990910749e+01
2.663726119800146108e+01 2.074634116944130469e+01
2.664014073313344966e+01 2.170015838681147002e+01
2.664072636496187485e+01 2.104842059202498206e+01
2.664585829027573993e+01 2.036597249966349565e+01
2.665149171020619079e+01 2.068193593361980476e+01
2.665192202111841979e+01 2.094428067908318525e+01
2.665422413332797191e+01 2.144611540299110786e+01
2.666341302010628667e+01 2.028491769601668437e+01
2.666449674339685671e+01 2.188999161937771021e+01
2.667352901259432585e+01 2.087502840579922392e+01
2.667617222813660405e+01 2.096315013075386346e+01
2.667902972951451446e+01 2.092464058872385380e+01
2.668416818647397903e+01 2.106523604153705165e+01
2.668739059854122431e+01 2.009849046211859047e+01
2.668994940471224453e+01 2.129195132262613654e+01
2.670019363448149363e+01 2.092150221315595715e+01
2.670359663412933671e+01 2.186195796299131899e+01
2.670509740848042313e+01 2.038959170884170646e+01
2.671089435563407832e+01 2.045778158560976578e+01
2.671129700216582137e+01 2.054211172543264752e+01
2.671994931200693557e+01 2.078708334178560335e+01
2.672251225032648492e+01 2.100633059062766250e+01
2.672319180778138659e+01 2.019841348547831572e+01
2.672508943119797920e+01 2.092485704320579742e+01
2.673095851263880007e+01 2.025546494711555567e+01
2.673337334224004636e+01 2.154470467131812228e+01
2.673446660959904619e+01 2.160490758776710862e+01
2.673610680000739848e+01 2.080844733194572171e+01
2.673631120608224521e+01 2.051623939662138696e+01
2.673636490953379763e+01 2.189587005848428802e+01
2.673879097925700776e+01 2.087671656661650488e+01
2.674210399467793664e+01 2.022247901854816021e+01
2.674997998471356198e+01 2.149688888460325842e+01
2.675072596592661611e+01 2.119618523363224938e+01
2.675131544388066729e+01 2.152531831902670945e+01
2.675288095196812677e+01 2.114009180783200392e+01
2.675353262917119679e+01 2.019789321276700989e+01
2.675769850705189867e+01 2.083509605538862530e+01
2.676172228461600966e+01 2.135815066221341496e+01
2.676221501240658540e+01 2.073346460344726694e+01
2.676511525018896620e+01 2.187130659879933248e+01
2.676868902998408117e+01 2.047837013045324284e+01
2.677400442635585520e+01 2.082881546838861553e+01
2.678464823468519640e+01 2.079383520909515326e+01
2.678891228719938766e+01 2.071233967660925046e+01
2.678913345170569116e+01 2.018341967393924463e+01
2.679144958696927858e+01 2.155515829346548529e+01
2.679361631664426469e+01 2.129233468254632555e+01
2.679589192808707665e+01 2.058565542605473908e+01
2.680061718977187368e+01 2.167069001136136919e+01
2.680304673816240779e+01 2.154956825926422326e+01




2.733844265292982811e+01 2.102643785889349104e+01
2.734212827432406812e+01 2.078087981670033102e+01
2.734314909226984369e+01 2.102958234638452240e+01
2.735713119533630433e+01 2.114106475721477096e+01
2.735939218625998848e+01 2.048753634295780301e+01
2.736753000580583972e+01 2.053641908356691204e+01
2.736814273108964102e+01 2.131371629898503173e+01
2.737627115523175547e+01 2.054718748794195449e+01
2.737644829645481792e+01 2.030625999972560436e+01
2.737819847407576646e+01 2.092996521493159534e+01
2.738267878737787697e+01 2.119012440384900486e+01
2.739012715103440243e+01 2.176890902030260122e+01
2.739279819208421785e+01 2.144484912034197066e+01
2.739540070378996006e+01 2.166971638927144994e+01
2.739710566578413165e+01 2.161972794486768734e+01
2.739971840302909101e+01 2.174236991128127272e+01
2.739985956467431905e+01 2.161428958288056279e+01
2.740316532276284178e+01 2.127754192032352876e+01
2.740824540798530151e+01 2.110432427482317408e+01
2.741332083395353081e+01 2.108744957423948563e+01
2.742624509092909335e+01 2.076401734810975697e+01
2.744097269122012150e+01 2.043736675993283569e+01
2.744112951414726709e+01 2.180000485713051361e+01
2.744283048589753449e+01 2.060027440806918619e+01
2.744309301542730140e+01 2.017514535122015218e+01
2.744432339092836770e+01 2.098675772131097617e+01
2.744658922641711740e+01 2.018057220580900690e+01
2.745169203663588320e+01 2.108524018070624351e+01
2.745425496680717359e+01 2.023432020186502101e+01
2.746007577212570183e+01 2.109184008496822216e+01
2.746051839413389928e+01 2.047431499413107048e+01
2.746326668170399188e+01 2.096157104666302118e+01
2.746585209899330948e+01 2.124933262857551952e+01
2.748603238673866400e+01 2.106941608049076464e+01
2.748880231109598782e+01 2.177489039573754681e+01
2.748891749988082367e+01 2.161118232011893525e+01
2.749447320000749428e+01 2.036931833447159335e+01
2.750332304901160185e+01 2.015962923540865148e+01
2.750534269254393394e+01 2.033470695313199528e+01
2.750837602297517748e+01 2.143972967656328166e+01
2.750971915233719756e+01 2.043745736330465590e+01
2.751020364739111557e+01 2.134304947965186727e+01
2.751549130753971184e+01 2.113811832682736735e+01
2.751799415887188260e+01 2.098460660655725363e+01
2.753033904462992965e+01 2.022362369152696360e+01
2.753173583390415047e+01 2.075245437340440802e+01
2.754539899728984054e+01 2.063483621812578761e+01
2.754795865017782575e+01 2.096341183219441717e+01
2.754920653391588559e+01 2.105402814548990520e+01
2.754949791704199669e+01 2.044465622590565346e+01
2.755096900027064422e+01 2.104547669101884466e+01
2.756382641210440099e+01 2.045699017185967961e+01
2.756934835810768547e+01 2.109485805862077612e+01
2.757133513844047101e+01 2.132239842914504990e+01
2.757562817155446311e+01 2.047642022814724072e+01
2.758762281719995357e+01 2.104693728254019547e+01
2.759194403748471203e+01 2.113098335222295177e+01
2.759425613745566253e+01 2.115193192814584577e+01
2.759468968021755231e+01 2.052485979438747776e+01
2.759494124213254196e+01 2.129179691609439118e+01
2.760029007234295051e+01 2.142335533235107903e+01
2.760174054938535804e+01 2.101011821071455543e+01
2.760791370112575649e+01 2.091269087065075638e+01
2.760815686610708752e+01 2.098840311925883739e+01
2.761582663331692089e+01 2.070366207412516246e+01
2.761953272545638427e+01 2.150677480454224266e+01
2.762043206208358725e+01 2.087034516659272398e+01
2.763786087128623947e+01 2.058829123581330123e+01
2.763920232345887840e+01 2.153171144584829122e+01
2.764256494736458336e+01 2.061418148922311033e+01
2.764790540032194599e+01 2.129079048691636089e+01
2.765137194454337433e+01 2.031613492260649423e+01
2.766585389888432189e+01 2.150868658055908611e+01
2.767764137456057227e+01 2.079199980943970871e+01
2.768392141869852097e+01 2.073608997241913343e+01
2.768686822305872752e+01 2.065596303227235353e+01
2.768763171400201273e+01 2.129473112278239810e+01
2.769209488476100134e+01 2.040291164899157295e+01
2.769356363105265473e+01 2.089097607576717053e+01
2.769886200572722501e+01 2.085163472298110321e+01
2.770358922258663625e+01 2.039967853451453905e+01
2.770462706160665434e+01 2.033364351760149447e+01
2.771918717475038818e+01 2.086099556494191631e+01
2.772132600828197369e+01 2.067327048800732925e+01
2.772385889132865699e+01 2.090824579876458955e+01
2.772951346480568802e+01 2.108689718865704066e+01
2.774576602976101825e+01 2.124808762057716294e+01
2.775504076996869074e+01 2.055354544903513414e+01
2.776258767780727510e+01 2.152818277978206041e+01
2.776389018522610996e+01 2.131953891744799989e+01
2.778349741484090174e+01 2.161268273821493935e+01
2.778931474546415004e+01 2.047731141063380988e+01
2.779200597410130413e+01 2.153861911199243195e+01
2.779305369789990721e+01 2.040008497230833839e+01
2.779469578128795604e+01 2.126354854934276162e+01
2.779500401266549048e+01 2.131635369268100888e+01
2.780048217192240756e+01 2.117117992648346458e+01
2.781322322022627702e+01 2.077161553011637807e+01
2.782667029398694325e+01 2.113946761133274777e+01
2.783715495521939687e+01 2.132459238459683704e+01
2.785848298720403449e+01 2.083278231419798132e+01
2.786149643646502483e+01 2.081446670480793770e+01
2.786316480986731037e+01 2.130609666803265867e+01
2.786449935841266523e+01 2.124072277394524733e+01
2.786667567727949191e+01 2.123440474710772818e+01
2.788431509890891391e+01 2.120554539676922801e+01
2.789232803335626798e+01 2.105488053476726407e+01
2.790471744618079697e+01 2.074512933755227806e+01
2.790958799631818721e+01 2.075882582084462413e+01
2.793103493878503940e+01 2.131295237027633149e+01
2.793193950718416119e+01 2.116140447922586532e+01


3.201180408874995464e+01 2.095087892076506364e+01
3.201511662497386368e+01 2.092805353483371533e+01
3.203332065166354425e+01 2.100085278582041326e+01
3.204173690662837970e+01 2.096859093326573387e+01
3.204758090509913870e+01 2.072828636810389824e+01
3.204805005892665548e+01 2.093093819277360268e+01
3.208495321770380571e+01 2.122668950609101302e+01
3.210350346540894861e+01 2.118089636994612945e+01
3.211134967703544874e+01 2.101815038948529946e+01
3.211728414026577383e+01 2.138352385553535484e+01
3.212731053358843525e+01 2.131748189522898329e+01
3.212841732677464535e+01 2.068498816460467182e+01
3.213868839429877511e+01 2.106910951125531284e+01
3.215094361979026871e+01 2.140263094269043265e+01
3.215221047138449251e+01 2.107877628054560404e+01
3.216475355035762362e+01 2.087014079045957260e+01
3.216483419154501888e+01 2.066430523247157325e+01
3.216612068569016003e+01 2.074628288782468388e+01
3.217964384692297841e+01 2.066756635145011956e+01
3.220051744813710570e+01 2.119436323288093860e+01
3.223433415031895777e+01 2.133906059741114447e+01
3.224359188474996785e+01 2.042540536236187876e+01
3.224963103425718458e+01 2.146756519870619329e+01
3.228867602447981255e+01 2.094569486788053325e+01
3.229200033359512645e+01 2.043900096940299349e+01
3.230408540309302623e+01 2.059513358579373588e+01
3.232411698126626476e+01 2.152274932161907017e+01
3.232805668828584089e+01 2.058167440363638434e+01
3.233827450365786405e+01 2.098381191213360708e+01
3.235364408863106434e+01 2.069024815493365210e+01
3.235784276519581937e+01 2.081489856563184304e+01
3.237048701859651345e+01 2.052383760476639907e+01
3.237352588419058463e+01 2.120203072450481230e+01
3.237872880767042716e+01 2.031562199678553426e+01
3.237947904514766151e+01 2.069657045780314775e+01
3.238404638459472551e+01 2.160527698877672265e+01
3.238440179275016106e+01 2.168837119014398240e+01
3.238508420175501357e+01 2.121220445473467464e+01
3.238839223063258999e+01 2.047771616619811397e+01
3.238893615707383589e+01 2.091673348875297123e+01
3.240155206900020346e+01 2.134290306898920520e+01
3.240220990025184733e+01 2.174990597748347554e+01
3.240378610374266799e+01 2.152145348254907020e+01
3.240786508698453616e+01 2.101005467360399948e+01
3.240966029881743538e+01 2.172518388765812247e+01
3.241627449480512979e+01 2.072969681041060142e+01
3.242177239410716538e+01 2.157339280846240115e+01
3.242608486310104610e+01 2.043339859448870754e+01
3.243318069996438169e+01 2.125443738599272692e+01
3.245169597715168663e+01 2.027657185754759084e+01
3.245309764037695288e+01 2.111957129827252899e+01
3.247714346808874097e+01 2.056395995729414494e+01
3.247924230302221105e+01 2.060289339183977475e+01
3.248441033375389964e+01 2.135356094687442408e+01
3.249133188712409748e+01 2.142117373919340650e+01
3.250103386654154036e+01 2.027391209925115589e+01
3.250555173986246871e+01 2.055765623612328952e+01
3.250594632615842983e+01 2.165198652472003360e+01
3.251504366251478473e+01 2.066067991601258313e+01
3.251769119749597081e+01 2.071292534530684293e+01
3.251804125212813545e+01 2.149827463897650759e+01
3.251944004449901371e+01 2.134450511489207614e+01
3.253581026882967109e+01 2.085212796171507676e+01
3.253843596743855215e+01 2.156204769677225030e+01
3.254223434310534913e+01 2.068391456779243498e+01
3.254879251619043856e+01 2.035469094992992467e+01
3.255576517416381677e+01 2.142593720012500214e+01
3.255626648417366908e+01 2.105262003340460453e+01
3.256189484821484115e+01 2.103333607986379761e+01
3.257688882909731376e+01 2.046490658386594674e+01
3.258509183208602167e+01 2.109243565834974987e+01
3.259111821934244801e+01 2.038937207445541944e+01
3.259151913857670735e+01 2.172676528308367594e+01
3.259418192633798128e+01 2.190018115507228913e+01
3.261231538977911981e+01 2.074738473900364610e+01
3.261402867477484335e+01 2.030702461986590990e+01
3.261673020703167225e+01 2.168652432415854747e+01
3.262451964981633523e+01 2.151320771132691334e+01
3.262931495378810354e+01 2.148277862724722098e+01
3.263277451198657531e+01 2.009308707893438140e+01
3.264080422869189846e+01 2.117116415853477562e+01
3.265720444810963130e+01 2.148733226075480474e+01
3.266171363783871584e+01 2.088269024446682209e+01
3.266237543193318515e+01 2.142738473217325179e+01
3.266319773259603920e+01 2.188594618366664690e+01
3.266509029212232207e+01 2.155656451351154601e+01
3.267052314817032510e+01 2.123344180473269915e+01
3.267818801571873166e+01 2.044052698439942262e+01
3.268272503952996288e+01 2.080239566774588411e+01
3.268731892113576265e+01 2.141830339644482706e+01
3.268888156030254777e+01 2.056214087068202190e+01
3.268928886723819005e+01 2.021640436062378399e+01
3.269098398745742884e+01 2.036059168930269436e+01
3.269327463676966516e+01 2.112985145560955047e+01
3.269834539765446380e+01 2.107131492517299165e+01
3.270171759559073621e+01 2.053366105316060342e+01
3.270259626707136391e+01 2.143896886730131257e+01
3.270372501526161813e+01 2.110992213768790648e+01
3.270757870412969481e+01 2.146334316636731288e+01
3.271139721047853044e+01 2.067517537609675671e+01
3.271210558620732201e+01 2.173356535893879027e+01
3.271245394752533997e+01 2.108934727660874842e+01
3.271273247719268085e+01 2.029045447204383734e+01
3.271346574845026112e+01 2.164019896456951386e+01
3.272072721783866456e+01 2.159052743569445454e+01
3.272492744374265783e+01 2.144033242089243529e+01
3.272590557177476711e+01 2.164138548807537177e+01
3.272630333236308076e+01 2.174892646029866583e+01
3.272845331570569272e+01 2.003888291242895647e+01
3.272919132804081244e+01 2.129218508587797842e+01
3.273163284727318967e+01 2.147864714472805048e+01
3.273710418301529046e+01 2.048165744535356936e+01
3.273789860980731703e+01 2.053781539145371227e+01
3.274146537514702260e+01 2.020620130213873367e+01
3.275686658650145233e+01 2.032494147436086251e+01
3.275856524419037896e+01 2.183988241819224285e+01
3.276040612806208685e+01 2.050321335914319931e+01
3.276943490882376153e+01 2.076231000642746594e+01
3.277244310113029968e+01 2.079109999313040191e+01
3.278201981724440373e+01 2.014444330260705129e+01
3.279093975248339632e+01 2.062967184126790343e+01
3.280223043839691854e+01 2.063352999532015630e+01
3.280271727263436077e+01 2.131881954937979273e+01
3.280575572604442414e+01 2.012825785279880009e+01
3.280902545130804526e+01 2.107649265026664764e+01
3.281004367725527260e+01 2.040555004676294359e+01
3.281495292949525577e+01 2.157627718026580510e+01
3.281800477995507492e+01 2.090256777583099890e+01
3.281831159897583916e+01 2.188972324221670007e+01
3.283066944925513297e+01 2.107424909884698749e+01
3.283120479987980644e+01 2.107343100181349982e+01
3.283672821741998860e+01 2.033987505658510386e+01
3.283806584629103753e+01 2.187019365796927062e+01
3.284543446159138824e+01 2.166450385688400360e+01
3.284897894890146119e+01 2.151391698236104588e+01
3.285040195508051397e+01 2.145441929625720690e+01
3.285281377315548212e+01 2.075114778681102834e+01
3.285454909368893084e+01 2.183101858263306383e+01
3.285546145069032775e+01 2.166404993720965422e+01
3.285644916032006790e+01 2.171113235718226875e+01
3.285738354218901947e+01 2.110529846111083430e+01
3.285766874061354059e+01 2.082443469423431992e+01
3.286036198822249332e+01 2.109073576319808652e+01
3.286289731386228397e+01 2.080641652873834957e+01
3.287429275510939419e+01 2.139977803631711240e+01
3.288831962623756766e+01 2.126197234960055127e+01
3.289024571778467276e+01 2.162014143347100870e+01
3.289309630701248466e+01 2.140354159932982370e+01
3.289423576742026967e+01 2.175628921183851006e+01
3.289659990932069888e+01 2.117424156699695104e+01


3.289938461346584120e+01 2.094797725511476827e+01
3.291424601133407890e+01 2.090675019954689873e+01
3.292072695612478128e+01 2.064731806996914187e+01
3.292386979208506403e+01 2.064666472276243780e+01
3.293215234362634192e+01 2.160063130003690901e+01
3.293404810287299966e+01 2.039601938608683440e+01
3.293515349185782526e+01 2.127236712223584547e+01
3.293861930793097059e+01 2.168358706104454114e+01
3.294001980033169730e+01 2.027084956921600067e+01
3.294208248587311516e+01 2.157129713020071549e+01
3.294374272985030672e+01 2.010295132414554686e+01
3.294397802009826393e+01 2.086581076363251697e+01
3.295012836484392693e+01 2.112645003246383979e+01
3.295017036722616410e+01 2.123141491654385504e+01
3.295487096921925030e+01 2.143871969166500691e+01
3.295847006794451062e+01 2.116953137797127127e+01
3.295994310555734330e+01 2.086409135990380648e+01
3.296027063722902284e+01 2.183774664668683485e+01
3.296327398544654130e+01 2.066771493651023306e+01
3.296611569889733317e+01 2.049485041677948161e+01
3.296839939700681299e+01 2.117206149803768156e+01
3.296857877076067211e+01 2.133975425542243087e+01
3.297045315984210845e+01 2.036574479662129278e+01
3.297107482013604596e+01 2.181935439218490203e+01
3.298003177556160637e+01 2.041326284362247634e+01
3.298056879326200175e+01 2.030182803131791403e+01
3.298757148588295252e+01 2.097815770032037719e+01
3.298800450500622361e+01 2.071537188303218002e+01
3.298826982296835553e+01 2.141009960773109810e+01
3.299128871213723357e+01 2.111376968083538230e+01
3.299351609981339095e+01 2.118963082990941516e+01
3.299637370880687826e+01 2.063621916919101196e+01
3.299689002741838095e+01 2.121608282981055282e+01
3.299805801592827947e+01 2.130627499313180095e+01
3.299806434192093008e+01 2.166769132519665320e+01
3.299979832631719034e+01 2.094039708643785502e+01
3.300090435086433871e+01 2.021076640466002416e+01
3.300139992519110876e+01 2.141231880937942478e+01
3.300184748132285506e+01 2.152433962414660584e+01
3.300200404246946562e+01 2.004165651040287344e+01
3.301808901760891501e+01 2.020987603957437173e+01
3.302228422816888553e+01 2.088687875088690760e+01
3.302298985995199132e+01 2.023309998106300256e+01
3.302438340870291711e+01 2.148730177310003242e+01
3.302718935621579277e+01 2.009886872195223617e+01
3.302741365631931814e+01 2.044010016409387731e+01
3.302783837919251653e+01 2.118321868143051745e+01
3.302952734753912267e+01 2.130938712481619390e+01
3.303419423139744993e+01 2.151004035205879461e+01
3.303524857188590147e+01 2.169082698909928553e+01
3.303840195996296814e+01 2.178767057455715062e+01
3.304081538949029095e+01 2.099072635158197286e+01
3.304223125293147945e+01 2.170212181398074947e+01
3.304392393749067480e+01 2.102101919159885668e+01
3.305320189625103922e+01 2.011000580939925442e+01
3.305355754128992629e+01 2.010714797510701857e+01
3.306080761426470360e+01 2.002060535071629133e+01
3.306145343351463595e+01 2.068854364397088119e+01
3.306198343973585452e+01 2.127651726811517463e+01
3.306343444155376687e+01 2.125661964567147777e+01
3.306784345614047993e+01 2.071253994152798583e+01
3.306809737446192798e+01 2.075305228169468208e+01
3.306837730461617753e+01 2.163053218418515300e+01
3.307118464688452519e+01 2.134504209521545803e+01
3.308021784720514802e+01 2.058193742265856940e+01
3.308071823612721118e+01 2.099074137153511899e+01
3.308778641876858018e+01 2.138994162249575837e+01
3.310213095812585493e+01 2.134419390780448822e+01
3.310276058157506895e+01 2.060517874229488555e+01
3.310567519356395394e+01 2.159599944922736370e+01
3.310890953113258917e+01 2.056353548651448193e+01
3.310920827783083809e+01 2.161495650362231302e+01
3.311194748043084246e+01 2.101989017977641083e+01
3.311393873206549898e+01 2.011002685268055856e+01
3.311952839914992808e+01 2.067922689601259378e+01
3.312111674682914497e+01 2.197759655586872185e+01
3.312151863193908241e+01 2.175285477578275461e+01
3.312278503773710980e+01 2.020643998235369310e+01
3.312501085220557684e+01 2.054152832131534723e+01
3.312840852124573132e+01 2.056727398014420416e+01
3.313050393593252352e+01 2.038756030651112638e+01
3.314058900483341574e+01 2.170829305517579400e+01
3.314259602375150848e+01 2.133928285453862017e+01
3.314325427773391652e+01 2.183278973254381938e+01
3.314464509775618950e+01 2.027121918254607991e+01
3.314590683441994656e+01 2.155569321235655167e+01
3.315154820407361314e+01 2.178715220012875520e+01
3.315182052983996641e+01 2.045482952069358618e+01
3.315380584633620487e+01 2.020931332934655345e+01
3.315865805569708158e+01 2.163886978324750032e+01
3.316040272829800983e+01 2.012370352242122351e+01
3.316066185580292114e+01 2.165666860162829366e+01
3.316647571760419311e+01 2.170327316299947995e+01
3.317539008290454206e+01 2.161496816083994332e+01
3.317546083559278713e+01 2.167393849005517481e+01
3.317806206635647470e+01 2.139967794017012537e+01
3.318063989881132869e+01 2.173437590602775416e+01
3.318403563705913228e+01 2.139925012822789441e+01
3.319017099417964545e+01 2.075231624705188693e+01
