3.266627918999199665e+01 1.734580035148607990e+01
3.266711257139618851e+01 1.753522212687284210e+01
3.267492093086389815e+01 1.781099969792316884e+01
3.268169235342632817e+01 1.731842112568498493e+01
3.268877490873621383e+01 1.735282041011794263e+01
3.269409157000124821e+01 1.640862967698510388e+01
3.269930496039857815e+01 1.787522619091246412e+01
3.270211189221875259e+01 1.740276186507957590e+01
3.270253725689042312e+01 1.782802717563631134e+01
3.270666235035753289e+01 1.757249665821546358e+01
3.271155270888886690e+01 1.675179592711406329e+01
3.271191569348488315e+01 1.654123576415804919e+01
3.271577828314769931e+01 1.627174454352536870e+01
3.271785013898453798e+01 1.655613724266909514e+01
3.272299995919924953e+01 1.710137502608520776e+01
3.274264296288551890e+01 1.778209466223172441e+01
3.274303696808139108e+01 1.785990962552832428e+01
3.274666219473142093e+01 1.732450001868392420e+01
3.275212730469031897e+01 1.775397935548172512e+01
3.275477291057683260e+01 1.718435028259557384e+01
3.276334038858747988e+01 1.668353841612943000e+01
3.276523521981662412e+01 1.724478599235892773e+01
3.276966693004496989e+01 1.654037484295210447e+01
3.277091499092760785e+01 1.656658413903917904e+01
3.277578645945825997e+01 1.791361162740984980e+01
3.277670474070814777e+01 1.727533131986752934e+01
3.278470182692922208e+01 1.659343704305365108e+01
3.279303412742902424e+01 1.771605692295127810e+01
3.279571335250943775e+01 1.709659379498227949e+01
3.279661580574682489e+01 1.638208514619485712e+01
3.280190365243677064e+01 1.718128995231572631e+01
3.280298342426751645e+01 1.646499875124703038e+01
3.280649857057834140e+01 1.715423183062028301e+01
3.280989101635243088e+01 1.611737369394303343e+01
3.282067256687675894e+01 1.686086404058066890e+01
3.282541216365822123e+01 1.636285230449006178e+01
3.283411437237958808e+01 1.742031828218551937e+01
3.283607994280705356e+01 1.765183059083197037e+01
3.283892575196472308e+01 1.782022704152474191e+01
3.284104322458837544e+01 1.721531074955012386e+01
3.284258847810295379e+01 1.743647269534114841e+01
3.284288910179299137e+01 1.686045376705528298e+01
3.284759432567558690e+01 1.726918282481979716e+01
3.285122387326087079e+01 1.674295022675820732e+01
3.285313536296212078e+01 1.633402879151513432e+01
3.286015466365011406e+01 1.653558018520744710e+01
3.287084348364635389e+01 1.663304841757455321e+01
3.287661384637598871e+01 1.678236807955347842e+01
3.287828650079856629e+01 1.733420016372452821e+01
3.288183411435677073e+01 1.652843607313752372e+01
3.288656658326112847e+01 1.675640405292377721e+01
3.288763383650693584e+01 1.708643891158403960e+01
3.289606845589295858e+01 1.707665015052812763e+01
3.289704407738831549e+01 1.680439076692735867e+01
3.289728552207970580e+01 1.614944967587522129e+01
3.289758135074578149e+01 1.722208260004880387e+01
3.290046207807691303e+01 1.703085289813315129e+01
3.290140484093718243e+01 1.760380398631956567e+01




3.344952913588284815e+01 1.787646285367798171e+01
3.345518216575904091e+01 1.702551122465479949e+01
3.346443804591179116e+01 1.707824842885273853e+01
3.346822205795811556e+01 1.735608417245455470e+01
3.347115960426210535e+01 1.780120961583680739e+01
3.347289919085691423e+01 1.667552120995349085e+01
3.347588196117721537e+01 1.691891319996799936e+01
3.347785485201836053e+01 1.621296528789629932e+01
3.348373190383394871e+01 1.643260338224093076e+01
3.348413360480521561e+01 1.678996377614097213e+01
3.348428116034823177e+01 1.661073024661770958e+01
3.348862351294263107e+01 1.714257798827676638e+01
3.349209691968811597e+01 1.632447950812919757e+01
3.349225262066527620e+01 1.726253432468372395e+01
3.349369215119965304e+01 1.627402992381884417e+01
3.349498702051829468e+01 1.721161120960883650e+01
3.349912858556120199e+01 1.662915930039171997e+01
3.350053231490935701e+01 1.653375198144347635e+01
3.350834615904472003e+01 1.718284605603615134e+01
3.351191459492263647e+01 1.730392005290080348e+01
3.351481523296557441e+01 1.754695872441998361e+01
3.352010590783314825e+01 1.679856658948404657e+01
3.352422400159760940e+01 1.680808926368998968e+01
3.352640532777835602e+01 1.644487063993913267e+01
3.352964935988095618e+01 1.629165788936326820e+01
3.353680694991706446e+01 1.698005600864216902e+01
3.353729890822232562e+01 1.630315598730256710e+01
3.354477975110219035e+01 1.683822390757629961e+01
3.354957516214552982e+01 1.634872368034474732e+01
3.355873430322426998e+01 1.762529340654107912e+01
3.358198520679002286e+01 1.620530970566323248e+01
3.358425241457526766e+01 1.720516767013183212e+01
3.358747352736743608e+01 1.702658467124441088e+01
3.359619853245539645e+01 1.680693122657810434e+01
3.360197573214594513e+01 1.745473605718988352e+01
3.360253016105444601e+01 1.626734145694285161e+01
3.361133081617109752e+01 1.705493002476677589e+01
3.361230615061150218e+01 1.746211534094005913e+01
3.363138703553126874e+01 1.712008953582184034e+01
3.363288423904158719e+01 1.658439832130354219e+01
3.363911405768592999e+01 1.671790917336613802e+01
3.363981690988183004e+01 1.748120051544362497e+01
3.364008098176654471e+01 1.681318028823201516e+01
3.364550601911682293e+01 1.712609254684790372e+01
3.364636253836831514e+01 1.748216306209962312e+01
3.365008949323182463e+01 1.742103676233473664e+01
3.365788747155018257e+01 1.717231560558394676e+01
3.366313613451216469e+01 1.660127154496853663e+01
3.366489948895863904e+01 1.731649404369394674e+01
3.366862044173564783e+01 1.674993008527328442e+01
3.366886976295106848e+01 1.759137049267348374e+01
3.368525785114405124e+01 1.672958656597102234e+01
3.368653868237581150e+01 1.687023678870655985e+01
3.369683765166914924e+01 1.655796253798354201e+01
3.369938045623271705e+01 1.751208999157071489e+01
3.370578077914780835e+01 1.723174531689585010e+01
3.372032788167771855e+01 1.683668070147538032e+01
3.372155363089574820e+01 1.672918755061110119e+01
3.372205338423336229e+01 1.645399058003131643e+01
3.372648189642504235e+01 1.641187748405565472e+01
3.373050790698334822e+01 1.722567840170475506e+01
3.373532325697431133e+01 1.711758049187650599e+01
3.374091188342052305e+01 1.748623257548561583e+01
3.374149362693819398e+01 1.644084907218578095e+01
3.375529031771458222e+01 1.654215787697797779e+01
3.376049174311106782e+01 1.698446266568285168e+01
3.377773841711115921e+01 1.673838574309937144e+01
3.377777987746871702e+01 1.699050951532070997e+01
3.378554224025211283e+01 1.662265173425837617e+01
3.379395587903478315e+01 1.694404223219168770e+01
3.379578575206247848e+01 1.654485545419449721e+01
3.379785826521773373e+01 1.742763375742046605e+01
3.381015330829322352e+01 1.757342012181642943e+01
3.381896891283531659e+01 1.643231656260508444e+01
3.382584932365210761e+01 1.673993178668290227e+01
3.383743089639526147e+01 1.651829258142577928e+01
3.384152933963644472e+01 1.675023734497332839e+01
3.386871215860332995e+01 1.711005725350263162e+01
3.387356378504556886e+01 1.694009242333552478e+01
3.388463799588343761e+01 1.727799750700099679e+01
3.388904623952591777e+01 1.681217170347779089e+01
3.389093940982436237e+01 1.677657377960051477e+01
3.389303955396980683e+01 1.717549233207805059e+01
3.390225200113702186e+01 1.684413617693031995e+01
3.392114915985236934e+01 1.671988306475671138e+01
3.392242249115879815e+01 1.704083307989255047e+01
3.392422259869161394e+01 1.734322304483472266e+01
3.395508915101313363e+01 1.675755652192376033e+01
3.398514435007967904e+01 1.715938244052446393e+01








1.047741679047799579e+00 2.086424515003932711e+01
1.074768370038063026e+00 2.070518159327248142e+01
1.074863586815035799e+00 2.125994466456710796e+01
1.081059262639359142e+00 2.065772670799504596e+01
1.082638028778934114e+00 2.098799796550231278e+01
1.091303360972286640e+00 2.118120754642095704e+01
1.092201000728980631e+00 2.131124537652744166e+01
1.092441547865671936e+00 2.119842387676311901e+01
1.105679804124010346e+00 2.069427086743461430e+01
1.106826610098428088e+00 2.114160694490612968e+01
1.114615324416423192e+00 2.103898393644334774e+01
1.115480460190819256e+00 2.119037188152491780e+01
1.128838892970866148e+00 2.103161575893663837e+01
1.137861579378804278e+00 2.061086325030538546e+01
1.142499470408044893e+00 2.090051236569388138e+01
1.145041942255078382e+00 2.066310929181870648e+01
1.147095338404915177e+00 2.141154257463087163e+01
1.167564941678989054e+00 2.093668073918316708e+01
1.179325393249369247e+00 2.066538849172769332e+01
1.181645489290345186e+00 2.133043220914680660e+01
1.185081520720688175e+00 2.120101039156585188e+01
1.185433817725673133e+00 2.069970879318717039e+01
1.194170941413061904e+00 2.052770972767152102e+01
1.201385332181285293e+00 2.088096348721830253e+01
1.205941909217342012e+00 2.048196865801923039e+01
1.210218888517827329e+00 2.131428952166117341e+01
1.216799795920634919e+00 2.148130555756662829e+01
1.218079105466172596e+00 2.129601247420497856e+01
1.222575257847301256e+00 2.060607996799689801e+01
1.222579194296409710e+00 2.037573310181415209e+01
1.243243299747158748e+00 2.119910355025548654e+01
1.246697039512704164e+00 2.065851217096924941e+01
1.248444440748418316e+00 2.068168926587475198e+01
1.256135066483253571e+00 2.143657718700547221e+01
1.256529002815832463e+00 2.104073090275045033e+01
1.258748637263532366e+00 2.089506913049288173e+01
1.260514700493261975e+00 2.158462640702851232e+01
1.262736001087288340e+00 2.154693857237873189e+01
1.265285384760238774e+00 2.132387175590548978e+01
1.274397138723193379e+00 2.066561294104844038e+01
1.274592775534816091e+00 2.058649898533470335e+01
1.277263221884143540e+00 2.100838817362362576e+01
1.279330574634689910e+00 2.126615731388383779e+01
1.283058330768637401e+00 2.045686101472988483e+01
1.284806560541410292e+00 2.106679043789698014e+01
1.290634750347821713e+00 2.084133397152145051e+01
1.292170666655915401e+00 2.115103975216675281e+01
1.295198736649262994e+00 2.093607433074941682e+01
1.297822435474069724e+00 2.087507183580922998e+01
1.306447435088883946e+00 2.097003145874430174e+01
1.309427639664155540e+00 2.090770547526028622e+01
1.321489960838655886e+00 2.047502885665789307e+01
1.322081544561328759e+00 2.040894139778123417e+01
1.328154603051711957e+00 2.031553063843537643e+01
1.346903406163447281e+00 2.027827500718295894e+01
1.355380226208495298e+00 2.136734525995317568e+01
1.359551313373611015e+00 2.041836532590212627e+01
1.367492542640420750e+00 2.086779491664976760e+01
1.368254497392916491e+00 2.112883258099391171e+01
1.371624071166317682e+00 2.034432649997119213e+01
1.375570220274921818e+00 2.160688803763535759e+01
1.379105820477889210e+00 2.100468504433459671e+01
1.379929901327014541e+00 2.083319797822930042e+01
1.388967560570163018e+00 2.037947068549155816e+01
1.389202018710011144e+00 2.072377016452200849e+01
1.395045240266173936e+00 2.037140086495369218e+01
1.402810886911885824e+00 2.071936698294115686e+01
1.414905862648213386e+00 2.100573462452356566e+01
1.421070673346781277e+00 2.150667596814353644e+01
1.422039063145393412e+00 2.110606531281908715e+01
1.423195880218182774e+00 2.150155263454714216e+01
1.430624867119200339e+00 2.122515607681282646e+01
1.440220914479960479e+00 2.129422720695038151e+01
1.449394364831206872e+00 2.038100972925118270e+01
1.455052459914049745e+00 2.066254091363102674e+01
1.458200846568849629e+00 2.132446762440026333e+01
1.463633574982533769e+00 2.058954546328889279e+01
1.465818767173995285e+00 2.103884284521011594e+01
1.476595038012587624e+00 2.094525022867511765e+01
1.479954007620896350e+00 2.061799971140906607e+01
1.480410748637085216e+00 2.133220433127352678e+01
1.487384334687707366e+00 2.078888512262332000e+01
1.488015114708182818e+00 2.028345686620791355e+01
1.496364898485471162e+00 2.139486827543667502e+01
1.497509886754859521e+00 2.042149985624983799e+01
1.497954647672609108e+00 2.137393104471222571e+01
1.500420520076635400e+00 2.144263600421371407e+01
1.500842847452876549e+00 2.101296230990595149e+01
1.511980649967169299e+00 2.060427585356050528e+01
1.513875825115971185e+00 2.053448625659543936e+01
1.523691626842500701e+00 2.126325247871934820e+01
1.526324784016928282e+00 2.132647899350406817e+01
1.535536914360125404e+00 2.132025292969692032e+01
1.551037124378483734e+00 2.052225492409895224e+01
1.552691127974260565e+00 2.022146223976380952e+01
1.568747405304083298e+00 2.075414654858010266e+01
1.570460842670175161e+00 2.049015617336578643e+01
1.586693861384572468e+00 2.055987948636660079e+01
1.597254548038529176e+00 2.090010147560466436e+01
1.597788648397120870e+00 2.022091231182347215e+01
1.601714652338491529e+00 2.022894996505266363e+01
1.608334277484716468e+00 2.094356030936712898e+01
1.610807305672949941e+00 2.060821923411012335e+01
1.610953500124452153e+00 2.039083384463671678e+01
1.611036676167697745e+00 2.181178181131591387e+01
1.615211691660657589e+00 2.065925504524766865e+01
1.616357068831198784e+00 2.074616094837479352e+01
1.618328622486056911e+00 2.016096271263356599e+01
1.623544287971038447e+00 2.130688124252788995e+01
1.626789179581361600e+00 2.037338317461354009e+01
1.630431559451796630e+00 2.180579879853693015e+01
1.631797594289585707e+00 2.134917696253635455e+01
1.634934696484616312e+00 2.120561046885179834e+01
1.639442784280919385e+00 2.048206654399321636e+01
1.639580073558221995e+00 2.132271181937990789e+01
1.642101322982769229e+00 2.070616370065167899e+01
1.652860086086732627e+00 2.172139672815179168e+01
1.667612775714746087e+00 2.062472277208230764e+01
1.672116730227845904e+00 2.099021316490286537e+01
1.675598425824937898e+00 2.111130905916473921e+01
1.679982434573783934e+00 2.015025411070843475e+01
1.681311041823421615e+00 2.058851453405740273e+01
1.681741627915141590e+00 2.138282313135647428e+01
1.682995823099781907e+00 2.037069127813835578e+01
1.685524545477553371e+00 2.182282844867351557e+01
1.687820090050594857e+00 2.123097705723753847e+01
1.691747082205944608e+00 2.154403309131275890e+01
1.692281281897809020e+00 2.149064236990402321e+01
1.708379067686853547e+00 2.191054656425892588e+01
1.708875436849606633e+00 2.163547418472021278e+01
1.725070844767030431e+00 2.015137592068704109e+01
1.733384465213370973e+00 2.031037551864638147e+01
1.735872526670384719e+00 2.136192270060763221e+01
1.736823433074205170e+00 2.061033110972527638e+01
1.745679347128404446e+00 2.184139879499754855e+01
1.750971060906801879e+00 2.074694006278158298e+01
1.753515222392207029e+00 2.094688008955078828e+01
1.757581206207933899e+00 2.144781951180618762e+01
1.757771237903211992e+00 2.174053063518745432e+01
1.758732700105773095e+00 2.186828670819797793e+01
1.759867721187784229e+00 2.176623497187054213e+01
1.764803476288849593e+00 2.034380476547230643e+01
1.765064877332659377e+00 2.176387777208644536e+01
1.766788105188463520e+00 2.119136318354009418e+01
1.769476705488717938e+00 2.099602973312815379e+01
1.777247018704439796e+00 2.039544270536575610e+01
1.787204547779686736e+00 2.042997912886926670e+01
1.789034940276705843e+00 2.189293713265105268e+01
1.790330676890282913e+00 2.092516127449536967e+01
1.791122558476308635e+00 2.184645826260705093e+01


1.794809790471634248e+00 2.017977774346638853e+01
1.798368255592061260e+00 2.112457887002479850e+01
1.806308193274086316e+00 2.032865363085817378e+01
1.817235971221039970e+00 2.060940926604426693e+01
1.820331454064205046e+00 2.071814559027243519e+01
1.824804043398393860e+00 2.049308100025218593e+01
1.826709980547461809e+00 2.078189269719904075e+01
1.834309872463845137e+00 2.055218495800831136e+01
1.836287763975397613e+00 2.029467211479854427e+01
1.838157308204401819e+00 2.056384156617447090e+01
1.838243282766675479e+00 2.037065001457621349e+01
1.838592808600876927e+00 2.117963858249683895e+01
1.846347525560765312e+00 2.151652931377654809e+01
1.849424847176915021e+00 2.096703607897733690e+01
1.850205419173639454e+00 2.058108502754522462e+01
1.851102051356823264e+00 2.085351735786117189e+01
1.852945327071912729e+00 2.037106709323337839e+01
1.856496694709286022e+00 2.147375289564869760e+01
1.860413813327042254e+00 2.171302498962684879e+01
1.862122721731452879e+00 2.077955995434763992e+01
1.865006822018562715e+00 2.008396796306179866e+01
1.866764001279053620e+00 2.049139324778945337e+01
1.868971922974477007e+00 2.185822445512238588e+01
1.877094720746824041e+00 2.009731012857769628e+01
1.878508946300351923e+00 2.127304098722533965e+01
1.884034742547135099e+00 2.174749715991598009e+01
1.901657926679678257e+00 2.075228104545039898e+01
1.903167581146210097e+00 2.001649685840714099e+01
1.910284532762151155e+00 2.062400079056233082e+01
1.915351118843293454e+00 2.104871663277963023e+01
1.921528795216248087e+00 2.189332132145969467e+01
1.922101480763726444e+00 2.142189701276560498e+01
1.927974764037659439e+00 2.063633919392613336e+01
1.929511764399254536e+00 2.185292889001338779e+01
1.936241453322180783e+00 2.061993901949636054e+01
1.937801807193892722e+00 2.171811782240861888e+01
1.941406421887712508e+00 2.126206092545983495e+01
1.941741310052554903e+00 2.027095464411264558e+01
1.954285648194425296e+00 2.130064449521421466e+01
1.960060691556981149e+00 2.072707919165046775e+01
1.961619415090208429e+00 2.076691983987550927e+01
1.965000453152480064e+00 2.132367502206646748e+01
1.984167796784539028e+00 2.082171840666972784e+01
1.992655212334095927e+00 2.187640367702522681e+01
2.002150178420913917e+00 2.172909022758040365e+01
2.012204162890711245e+00 2.011769945778462443e+01
2.017429741477375860e+00 2.091473436074764791e+01
2.017591339900905112e+00 2.093490149157212699e+01
2.019326146765497487e+00 2.068421276901743155e+01
2.020028884683463311e+00 2.012185029309127060e+01
2.029093370999814905e+00 2.161113261383901119e+01
2.029476279204707190e+00 2.129385690862967451e+01
2.030462900352171030e+00 2.063348810150985102e+01
2.030871258528201828e+00 2.091736873239168659e+01
2.036422269864094137e+00 2.193481626953994024e+01
2.037730894236676527e+00 2.103158474464600403e+01
2.041207276961319206e+00 2.096413883916961041e+01
2.042729171922679665e+00 2.163701436206600093e+01
2.043714428083483359e+00 2.084479903326298356e+01
2.048262075821376538e+00 2.109898034458175786e+01
2.052305788167738676e+00 2.043850868413475297e+01
2.053185185675215685e+00 2.161780493424163652e+01
2.055759435363422316e+00 2.041370567586551843e+01
2.058327605606956823e+00 2.135343391317632467e+01
2.063227777720876954e+00 2.034350100086879110e+01
2.070649251848425632e+00 2.037594781538406252e+01
2.073320676003351792e+00 2.134317097757585202e+01
2.075399576755357689e+00 2.079282720919792737e+01
2.077814227071663744e+00 2.103327125671304643e+01
2.079360919329192203e+00 2.137542875056229619e+01
2.081495136533300983e+00 2.055348328906135791e+01
2.084650113239746805e+00 2.111348850070693217e+01
2.088698986438615179e+00 2.033107709652835382e+01
2.090937557066217423e+00 2.190377507922678291e+01
2.103264443600933120e+00 2.141114744328220354e+01
2.103994479508479287e+00 2.070270265658660591e+01
2.115175270533674823e+00 2.064517162092679925e+01
2.116920349265790868e+00 2.036881946727759285e+01
2.118102601045767308e+00 2.149709222855553747e+01
2.118667944164663197e+00 2.040259660991728197e+01
2.121811043064793623e+00 2.184644802287632359e+01
2.123039947807539018e+00 2.094638661793783996e+01
2.124482185776222831e+00 2.123314197418703486e+01
2.125750614922909953e+00 2.192128915074571438e+01
2.132639249375334778e+00 2.112286547542181836e+01
2.138015371303205736e+00 2.159641861168420007e+01
2.141758215400662024e+00 2.124777170300458451e+01
2.144213474293189758e+00 2.178227605608958228e+01
2.145201901251136078e+00 2.102372724810076932e+01
2.148623867831910950e+00 2.122823808425786396e+01
2.149864340121097506e+00 2.035239631624996193e+01
2.152646491080854485e+00 2.003640280111895677e+01
2.155363582654841181e+00 2.082524103124578474e+01
2.161913554551041727e+00 2.031705022689803286e+01
2.168158523800483017e+00 2.113531383878932601e+01
2.168671411402945726e+00 2.114615454547535123e+01
2.172024566155839054e+00 2.115045263147287713e+01
2.174666144864565887e+00 2.164865194735282472e+01
2.178040968237403785e+00 2.077837411386105515e+01
2.179792743894866103e+00 2.060814809533716740e+01
2.184594315854514690e+00 2.006561848156299988e+01
2.188036207027709068e+00 2.113503816303782301e+01
2.188893939059631144e+00 2.122968197413188918e+01
2.189052011154553945e+00 2.013724096765216132e+01
2.190121505559738946e+00 2.178899150028088627e+01
2.198340149042874891e+00 2.065786739986894816e+01
2.201845912812201878e+00 2.159130385624064630e+01
2.219058214553031760e+00 2.056622161333516985e+01
2.220570521515589757e+00 2.143663932580574993e+01
2.234107534276824403e+00 2.057542629734027528e+01
2.240315470079707882e+00 2.046788097559777597e+01
2.246010950800534367e+00 2.186345700230074840e+01
2.248236206681192062e+00 2.078950725912123332e+01
2.250595456730877686e+00 2.135596129997214021e+01
2.251046277633370618e+00 2.091144762208641339e+01
2.252204984863154458e+00 2.157082439467055579e+01
2.257516361758955536e+00 2.075646722726828486e+01
2.260292057599873505e+00 2.175688592573843749e+01
2.260753926851664097e+00 2.091231863719919915e+01
2.262501865180064797e+00 2.179458428144127069e+01
2.262515705742446315e+00 2.148312203587283165e+01
2.265757195957648573e+00 2.171173961877545011e+01
2.267583683866118971e+00 2.092162373309041001e+01
2.268327275142001831e+00 2.028045057908992277e+01
2.268448498006923941e+00 2.059681067021225687e+01
2.269919340948445274e+00 2.143182831018496515e+01
2.271860846110590249e+00 2.013039452830788179e+01
2.271883692243170660e+00 2.031936382450088630e+01
2.274712386332946590e+00 2.004585286035371183e+01
2.276996430971389707e+00 2.150511797630732858e+01
2.279015757675015852e+00 2.071095995225405417e+01
2.283850547234258066e+00 2.058044210848491318e+01
2.286555112617705277e+00 2.079709895622949745e+01
2.289322599365009481e+00 2.109889313965354063e+01
2.293025321718529685e+00 2.031427756253115646e+01
2.301119912431874415e+00 2.039018333619753065e+01
2.302794804197007661e+00 2.134580066108343743e+01
2.307671805407527366e+00 2.116927418708366915e+01
2.321148348157425545e+00 2.134760113103672197e+01
2.323625401684795921e+00 2.044637951342798132e+01
2.340015267097805385e+00 2.132030866454600471e+01
2.344280418986573356e+00 2.145774294191982534e+01
2.346631806898426653e+00 2.069800606522606756e+01
2.347923937996355903e+00 2.116213416771376998e+01
2.348996660536169401e+00 2.108639173033825287e+01
2.353876686339118063e+00 2.108706568746719867e+01
2.354036292778879158e+00 2.042987661872491501e+01
2.358139132456264608e+00 2.068918278983304759e+01
2.358228793872713336e+00 2.129320109645144754e+01
2.359376840306988576e+00 2.130100556737969342e+01


2.361517023777528479e+00 2.066900801098816132e+01
2.372090808851379240e+00 2.183620320145609028e+01
2.374798382207521374e+00 2.032383798081346526e+01
2.374915362374090844e+00 2.136565601905170908e+01
2.381634706092174092e+00 2.009301606973740206e+01
2.389759473582096394e+00 2.041405082272642346e+01
2.392984090524403751e+00 2.065407769867562848e+01
2.395081246927019070e+00 2.069970135029884162e+01
2.401817693219700178e+00 2.125611653493130149e+01
2.413601733840795571e+00 2.030671789313007736e+01
2.417709371746060487e+00 2.079921565779556047e+01
2.424469246393921473e+00 2.144997049095231034e+01
2.425480476883130176e+00 2.177256016761642599e+01
2.428380573789269636e+00 2.057787425165437512e+01
2.430903688500521298e+00 2.177435255684479642e+01
2.435987553418299978e+00 2.128338830925736502e+01
2.438887772574683588e+00 2.176896088796344486e+01
2.445095258204734723e+00 2.146538531904730007e+01
2.448643307121382229e+00 2.048489439144647406e+01
2.452251034578360578e+00 2.113048416127839957e+01
2.452269067782433698e+00 2.137342840213547746e+01
2.452640163340045643e+00 2.030171063239746232e+01
2.459366369541304831e+00 2.173858956117685182e+01
2.461861245493202066e+00 2.157808003062941893e+01
2.464479331909684934e+00 2.063985941140431635e+01
2.465618883762863867e+00 2.086929838278736682e+01
2.467779168205590512e+00 2.127896447105152333e+01
2.469085742612923795e+00 2.155820053146143067e+01
2.474232612010446974e+00 2.164706352590963689e+01
2.491828262938916794e+00 2.056387156988009224e+01
2.493267009078221630e+00 2.111891132120029368e+01
2.499785083637919847e+00 2.059169591456026183e+01
2.500651937308028039e+00 2.019897296231660277e+01
2.502719984585664470e+00 2.142891328335630163e+01
2.503196661719600424e+00 2.020994055332679551e+01
2.504058765371323325e+00 2.149547846550594699e+01
2.504224792976117442e+00 2.064752026455416356e+01
2.505852040288263360e+00 2.123042823052777450e+01
2.508715296200310974e+00 2.027667211233778133e+01
2.511616439406134660e+00 2.147010231526054014e+01
2.516479505136376194e+00 2.171786121827868499e+01
2.525483762826469913e+00 2.025717077815856015e+01
2.527290873251693881e+00 2.182609291797577100e+01
2.543802566935215115e+00 2.029121294543197251e+01
2.552224020246026015e+00 2.157239952240634651e+01
2.552916595141871525e+00 2.177865243454151312e+01
2.555752429859847741e+00 2.048678772827991779e+01
2.556225471964239215e+00 2.036265363715994425e+01
2.565010110327357040e+00 2.125896585643686976e+01
2.574297861120069975e+00 2.080728791518999188e+01
2.582630415143269964e+00 2.050835214884901347e+01
2.593004449533763633e+00 2.144200620984167216e+01
2.600034510686546341e+00 2.073835617949727705e+01
2.607160691163991295e+00 2.176202493257104109e+01
2.624824071579773488e+00 2.176650433383142413e+01
2.629632337508454043e+00 2.145001107862005085e+01
2.645291375500869790e+00 2.049403605423684027e+01
2.650583761497948387e+00 2.088375774457782441e+01
2.658204510131972231e+00 2.087978302548198783e+01
2.667007099564451700e+00 2.108042851708766108e+01
2.680590183408781968e+00 2.098473636230924200e+01
2.690395764737107953e+00 2.089025604397510705e+01
2.691271978684667054e+00 2.035074260440278238e+01
2.694009679607037633e+00 2.094463523756748202e+01
2.697860871421356777e+00 2.151501772807557344e+01
2.731846726315383389e+00 2.146345716475898868e+01
2.734836918586386112e+00 2.059165908388124322e+01
2.735286870587920749e+00 2.147216502052337361e+01
2.735932957506260976e+00 2.092030278972212542e+01
2.740677585005962147e+00 2.127305235973211950e+01
2.751747785942133540e+00 2.120923814002912167e+01
2.755359787190101883e+00 2.145113009992178377e+01
2.755999724824330421e+00 2.144011943433725875e+01
2.761840669913979252e+00 2.043030319340077483e+01
2.764645270568932833e+00 2.053517533105274140e+01
2.772266356001455101e+00 2.143738273043882003e+01
2.789864104417881130e+00 2.116389393913713945e+01
2.793101471351306042e+00 2.139231610962082897e+01
2.809726897856280381e+00 2.154856868739998177e+01
2.815914621989475730e+00 2.143939901250853453e+01
2.831206747161701287e+00 2.089914560364987395e+01
2.831479176394087194e+00 2.058572979995950547e+01
2.840170546435063947e+00 2.115910324025620071e+01
2.859762360289719307e+00 2.139213079614335555e+01
2.860832020472176218e+00 2.061056744431843413e+01
2.861936238209914052e+00 2.135089068590991701e+01
2.863757649669452121e+00 2.066232390096263316e+01
2.868768860133162679e+00 2.058667821433311929e+01
2.887564774542676460e+00 2.082323581653281863e+01
2.901191569420563887e+00 2.107441975730590045e+01
2.907008559869198372e+00 2.109320076089369778e+01
2.919749054377993147e+00 2.092971867838706501e+01
2.936197410235905636e+00 2.134700022109888096e+01
2.945483042682521813e+00 2.115179422454420788e+01
2.954311715420982143e+00 2.123998027621332696e+01
2.960821328105933237e+00 2.121546503439403963e+01
2.974607681746072263e+00 2.091946824123874293e+01


9.038005223255391130e+00 2.085707683845706129e+01
9.042165521780031412e+00 2.119677903337816360e+01
9.055881278293266945e+00 2.101951484193532238e+01
9.071792123845131783e+00 2.084277512466199767e+01
9.075803125344190647e+00 2.074959520702263305e+01
9.100348139370678879e+00 2.122536967323364365e+01
9.119116424194348980e+00 2.074948416503132975e+01
9.123408460450663782e+00 2.091243439636581769e+01
9.125511719905775365e+00 2.053880546429184051e+01
9.149892731995107553e+00 2.146910897806756324e+01
9.155425005619429513e+00 2.140922494198185433e+01
9.156811046950458888e+00 2.107549576374814748e+01
9.158783235160381508e+00 2.102458187279140844e+01
9.166486393013645539e+00 2.136550200698655289e+01
9.167378886924003822e+00 2.137064873422935563e+01
9.183579306360456940e+00 2.084678088712805177e+01
9.186922806362062488e+00 2.067664113825464511e+01
9.188601772100891907e+00 2.085231723565469508e+01
9.193708827709908604e+00 2.108241832521937908e+01
9.197453944655212155e+00 2.067325443835996168e+01
9.204317747764852342e+00 2.131762671339469861e+01
9.204976127742574121e+00 2.071751253533150461e+01
9.206769988288135309e+00 2.148617625713585255e+01
9.212025527377102563e+00 2.044013577249711844e+01
9.225827187034742138e+00 2.112897705161088879e+01
9.238986968661484056e+00 2.142590079137864834e+01
9.244494268290653238e+00 2.117614362474814627e+01
9.246971916455761331e+00 2.037829949790566886e+01
9.248580014254866200e+00 2.115131332704408962e+01
9.264815917452470018e+00 2.101872133147315225e+01
9.273502760173251147e+00 2.103358435968415208e+01
9.281008509853840849e+00 2.137468234025401514e+01
9.283400852237312151e+00 2.062310399251316539e+01
9.297440874725273474e+00 2.068988606609160641e+01
9.298235335850611349e+00 2.107092106872712378e+01
9.301637014487482702e+00 2.156918098294268660e+01
9.301717067702574226e+00 2.143928335802036145e+01
9.306385511913143560e+00 2.072852891114647278e+01
9.308688595095315321e+00 2.083967443115639639e+01
9.309528194110010091e+00 2.088515258729754720e+01
9.327116991599126550e+00 2.164135346351504907e+01
9.341951084051563825e+00 2.133174662572174185e+01
9.347555044038259098e+00 2.114949028660315022e+01
9.355473847968907464e+00 2.113743467178733226e+01
9.357663170407242603e+00 2.151302549535429165e+01
9.358530273299834334e+00 2.145003599050479082e+01
9.370209839187991108e+00 2.121162153517648363e+01
9.371264830915126964e+00 2.136683962279302662e+01
9.371510508543289930e+00 2.087580335346021698e+01
9.372438756921123826e+00 2.102588391651278243e+01
9.377753701686662779e+00 2.146939341107781729e+01
9.381160077894143967e+00 2.101995910670213874e+01
9.388462180059253370e+00 2.072062113921486315e+01
9.399132953117153022e+00 2.049322093425977798e+01
9.405190274928569849e+00 2.038158480280180385e+01
9.413361850648945151e+00 2.046403834407864508e+01
9.418237714056239440e+00 2.081210514663722577e+01
9.419877597868342889e+00 2.081315263769337776e+01
9.425479127199121621e+00 2.087468911529451887e+01
9.433069910333628627e+00 2.150764524830757551e+01
9.438206414784309217e+00 2.090526954315003749e+01
9.444516209017770336e+00 2.090625332173611284e+01
9.446141142577777927e+00 2.067874674560492210e+01
9.446352289233217903e+00 2.087338301908782867e+01
9.449781516834047324e+00 2.028190491974268639e+01
9.457973603285655173e+00 2.118584706541063056e+01
9.459998854111461242e+00 2.177458437896432386e+01
9.462160236610101194e+00 2.018324229553137528e+01
9.466230265547187273e+00 2.138079621577634626e+01
9.466293594114482346e+00 2.146130819790327848e+01
9.470795962693983938e+00 2.101666757925611151e+01
9.477036196652953493e+00 2.070087248020360704e+01
9.477799152182527109e+00 2.087664457503757731e+01
9.477848948189265599e+00 2.136534924907973476e+01
9.478403691272744069e+00 2.080134536540507284e+01
9.501445350930769251e+00 2.182478259842511292e+01
9.510533212211432996e+00 2.067125643520316203e+01
9.516361543172815018e+00 2.026266548904518316e+01
9.520711868424811541e+00 2.136856325152101022e+01
9.527308289276758657e+00 2.138988322902995876e+01
9.534366325183935231e+00 2.059493458101153962e+01
9.536160250706263497e+00 2.104999063069306686e+01
9.536831538252160456e+00 2.101057667501729398e+01
9.541591158567005238e+00 2.173507903618455472e+01
9.547488903987472852e+00 2.023684956443810634e+01
9.547590644004094074e+00 2.087231734552384665e+01
9.548493064254547136e+00 2.173154396414468081e+01
9.552861375719638559e+00 2.017208219446098738e+01
9.555728653083887636e+00 2.033125604961820798e+01
9.558088635267965927e+00 2.089386926016715762e+01
9.559904794180322796e+00 2.083040899487069453e+01
9.561525216625371471e+00 2.182354442542199990e+01
9.563951334976565022e+00 2.046748979267399093e+01
9.569418453828255622e+00 2.160182949450940626e+01
9.571048677185206799e+00 2.076597541477519115e+01
9.591194495457330049e+00 2.077532616882701788e+01
9.598410542927123146e+00 2.160709621025134197e+01
9.604429941703791940e+00 2.074603095394303764e+01
9.609053880373474854e+00 2.176883191180770538e+01
9.613609193371003059e+00 2.099944507495479940e+01
9.617356936201556294e+00 2.078315278116784981e+01
9.620079071429191941e+00 2.175504020514203773e+01
9.621367094820623578e+00 2.153835062957415047e+01
9.625464228061030525e+00 2.094495265911715620e+01
9.627802702451893069e+00 2.033904035883148609e+01
9.629353841122934909e+00 2.099872504561425757e+01
9.648875503859475344e+00 2.049825277313421168e+01
9.649720325920746689e+00 2.062542962252008039e+01
9.651773670099400348e+00 2.119842391495397038e+01
9.653096936805964035e+00 2.152166636988236803e+01
9.655344985025402949e+00 2.138567369541053154e+01
9.656438584652999424e+00 2.084504813052474148e+01
9.658385151956366599e+00 2.044267714231370903e+01
9.666681409958091109e+00 2.070377857220145401e+01
9.675664658563333020e+00 2.162497164257210258e+01
9.682227463940581202e+00 2.045698107041633307e+01
9.694356851742231385e+00 2.063529948005630743e+01
9.694557372730823630e+00 2.168186317967192167e+01
9.707188716303674525e+00 2.193907600803823499e+01
9.712991469336364148e+00 2.139107127185578250e+01
9.718492408395611903e+00 2.071857250373700765e+01
9.719498103771675446e+00 2.133052949436527612e+01
9.719947683225203861e+00 2.050162631511043898e+01
9.720189628295734963e+00 2.172500108194970991e+01
9.720933749407681290e+00 2.127674010344138367e+01
9.723006813553034533e+00 2.067697026891448786e+01
9.728308622267846317e+00 2.121045042571784833e+01
9.729544926445823805e+00 2.165236052795018296e+01
9.741248938270883784e+00 2.048568163559933453e+01
9.753565201578410893e+00 2.184689785426436970e+01
9.754045029843448233e+00 2.062176653637231638e+01
9.771480153470699648e+00 2.168329746099106714e+01
9.773757456893612527e+00 2.036468333121602825e+01
9.779255767966644086e+00 2.005537053850807538e+01
9.781517188946425634e+00 2.007896998979357051e+01
9.791871899339994911e+00 2.010406230417380868e+01
9.802112130101122034e+00 2.120895222085560050e+01
9.805089601839046765e+00 2.133667398166681650e+01
9.806454831171798503e+00 2.064429351471093455e+01
9.808752875302088725e+00 2.004417010057319004e+01
9.815192332583018597e+00 2.115186000863107907e+01
9.816591206153171711e+00 2.107782244831823704e+01
9.823474190725017152e+00 2.076017114080778114e+01
9.834761625390092021e+00 2.123869825681785173e+01
9.835817352291201132e+00 2.021233353176511827e+01
9.836172983172149387e+00 2.035912686076618883e+01
9.839324089262245110e+00 2.108453149433500329e+01
9.847558920355950818e+00 2.196433901375232622e+01
9.852209003789740294e+00 2.129539864309161601e+01
9.856051726114582578e+00 2.093359746630749640e+01


9.859761476317634887e+00 2.106254501104988108e+01
9.861281889153824309e+00 2.083290665273558773e+01
9.862389015994180497e+00 2.184584418265264461e+01
9.864971197575943762e+00 2.090557955051373540e+01
9.866252361801837623e+00 2.103003364321761381e+01
9.868945798286926419e+00 2.022817619554495749e+01
9.870008198777924235e+00 2.164422680336944893e+01
9.871008795798642765e+00 2.116572362053643275e+01
9.873608626990749926e+00 2.029222633932933562e+01
9.875123682951780779e+00 2.146831176270827868e+01
9.879124525870075502e+00 2.139288821804919394e+01
9.881932989900493070e+00 2.133596909799818775e+01
9.887200393206583726e+00 2.128218338719306857e+01
9.887486626337256723e+00 2.075495152499992457e+01
9.898038594312840388e+00 2.057584379890149506e+01
9.904689475235652907e+00 2.049244062421783852e+01
9.904962970090071650e+00 2.182247371491800081e+01
9.910170219459752516e+00 2.134756525022859464e+01
9.914016731620582945e+00 2.196467136285633970e+01
9.914217871834130946e+00 2.167063270759986437e+01
9.915191248568325122e+00 2.089525953834239402e+01
9.919101316499938648e+00 2.182818910500338205e+01
9.925381837975576715e+00 2.047564185879107512e+01
9.934125139173490382e+00 2.083596153130494244e+01
9.941406949589586262e+00 2.083246243025343603e+01
9.945708937238348923e+00 2.071510340625374269e+01
9.948471740653557660e+00 2.161368819918416051e+01
9.952747526191819460e+00 2.163051288016345453e+01
9.960375163389336706e+00 2.044293031838302710e+01
9.960876633325998597e+00 2.046275721766876288e+01
9.962724013366305087e+00 2.110463914740278923e+01
9.963855670418912069e+00 2.080461375514230937e+01
9.967707625797361359e+00 2.189641592570883688e+01
9.970566523824421878e+00 2.139114862295424402e+01
9.976345067860714622e+00 2.169379248436724694e+01
9.980772661852201466e+00 2.176909385490454696e+01
9.987273063967020192e+00 2.070223016224492341e+01
9.996182069755020549e+00 2.104793519033130167e+01
1.000195404202437288e+01 2.055904747356255413e+01
1.001190087631309744e+01 2.139415219321805139e+01
1.001723007731908055e+01 2.182677729784686704e+01
1.002497570587970976e+01 2.013851139446814287e+01
1.002697681524046125e+01 2.029881167611386772e+01
1.002821720944517381e+01 2.158055945791399211e+01
1.003229165346576224e+01 2.074363846695464275e+01
1.003525342240918050e+01 2.025337540870688713e+01
1.003555664797280755e+01 2.199588625592777547e+01
1.004396356486839004e+01 2.154983098772992989e+01
1.004400322983691751e+01 2.125322778953484359e+01
1.004636299758589146e+01 2.166473868356282395e+01
1.005643632945986710e+01 2.056058596354631263e+01
1.005771462264379679e+01 2.158631622567009600e+01
1.006647710791081884e+01 2.087170492421887147e+01
1.006658970689476007e+01 2.100405538415719064e+01
1.006909633764508349e+01 2.002544165119999420e+01
1.007527424784938930e+01 2.183773691482141999e+01
1.007572022491942221e+01 2.199394912657307799e+01
1.007711647008629186e+01 2.144998460578854349e+01
1.007721589272591878e+01 2.136528955687130704e+01
1.008032335391648537e+01 2.070324224322785867e+01
1.008884292748188116e+01 2.151366360393823740e+01
1.009072005250374637e+01 2.048376817423685736e+01
1.009257173111904571e+01 2.061235912208610443e+01
1.009730197719601108e+01 2.157445069372023383e+01
1.010068861823094544e+01 2.160084881684709757e+01
1.010370790983619571e+01 2.092351859814051096e+01
1.010400167149621176e+01 2.159842306979376048e+01
1.010565098993107824e+01 2.109133089069035805e+01
1.011348429183835229e+01 2.118956423321294125e+01
1.012036964678105733e+01 2.160109404286806978e+01
1.012340603329472799e+01 2.044300476084618978e+01
1.012340775963961548e+01 2.168732219751026946e+01
1.012507002118727328e+01 2.058630263070932287e+01
1.012770345417074402e+01 2.158309196405437191e+01
1.012826284292742152e+01 2.075235438441672997e+01
1.013144601004589518e+01 2.095543733676652920e+01
1.013242876185203656e+01 2.027100523992805137e+01
1.013272902099515527e+01 2.124520844268015196e+01
1.013316520804442433e+01 2.146967706995157954e+01
1.013893587198290547e+01 2.057259297951308241e+01
1.014778261334192067e+01 2.086189345558068808e+01
1.015200802896830012e+01 2.053611469457408134e+01
1.015398749329897399e+01 2.067760151016064185e+01
1.015938495129261021e+01 2.069457054254722550e+01
1.016360453987818779e+01 2.121982690342223776e+01
1.016362804614354154e+01 2.096138801314808120e+01
1.016913039572931154e+01 2.030671575019168174e+01
1.017674226147702576e+01 2.187319592213115982e+01
1.017880370096538911e+01 2.115965005534444998e+01
1.018911005649503920e+01 2.174359803863506002e+01
1.018914259477821105e+01 2.162843522323666434e+01
1.019450161876819827e+01 2.027894451302936218e+01
1.019513036176678256e+01 2.169375590542699328e+01
1.019607463132656733e+01 2.051014040606397160e+01
1.019991784433296189e+01 2.069844386617480936e+01
1.020127114258230527e+01 2.083182223615943229e+01
1.020164666696521216e+01 2.061310876784654056e+01
1.020721860328165853e+01 2.152330943825692344e+01
1.020754079195251407e+01 2.145274275523858876e+01
1.020767180237986871e+01 2.018421834704303564e+01
1.021266554549489491e+01 2.173366671221335267e+01
1.021562703016653373e+01 2.021553691451752144e+01
1.021612041809765792e+01 2.161377150664319657e+01
1.021778257786011501e+01 2.157925792312352797e+01
1.021891757095500708e+01 2.037620195978190196e+01
1.021892478977865437e+01 2.124832642755206891e+01
1.022376740745968426e+01 2.157321729313518333e+01
1.022828757640937347e+01 2.132374526594805886e+01
1.023130022768839176e+01 2.063729768295448963e+01
1.023203534928493141e+01 2.072423574733937812e+01
1.023227700455741562e+01 2.109480327156495250e+01
1.023682597178765619e+01 2.142917798554719511e+01
1.023846365394148172e+01 2.030338982259513969e+01
1.024741599464653952e+01 2.181864817465663720e+01
1.024758750073253921e+01 2.096851599476677919e+01
1.024867235591123382e+01 2.115535230184587689e+01
1.024968785496600532e+01 2.083084445836858123e+01
1.024976797650802141e+01 2.176587029170646304e+01
1.025007919154364622e+01 2.022289608534417127e+01
1.026599838160474931e+01 2.034778241773858198e+01
1.026945967263310600e+01 2.152902432192191995e+01
1.027153199018132845e+01 2.188011582682312905e+01
1.027347221237742403e+01 2.083667092921649200e+01
1.027388087536199457e+01 2.192867799604058376e+01
1.027525224753193278e+01 2.131360941934897113e+01
1.027595409925215186e+01 2.193845366706149491e+01
1.027636091038322697e+01 2.173504727563921080e+01
1.027925236715888602e+01 2.081861828179369667e+01
1.028076993602076961e+01 2.111201987314735717e+01
1.028161356479637334e+01 2.090875564798244923e+01
1.028870604270808364e+01 2.102574854580681318e+01
1.028996039614141189e+01 2.170766990819731035e+01
1.028997099516760372e+01 2.058628438060264898e+01
1.029889450229879522e+01 2.037536008448725866e+01
1.030065212554487886e+01 2.156852927284555577e+01
1.030817735764392040e+01 2.017567033668006005e+01
1.031657999752864008e+01 2.118588591564741463e+01
1.031957156079231730e+01 2.161359731549677576e+01
1.032789286667209439e+01 2.177121580386953781e+01
1.033817942909630005e+01 2.145227596428065198e+01
1.036257637838842527e+01 2.065361947106105234e+01
1.036634961417830780e+01 2.087748325317393139e+01
1.037809334822380691e+01 2.116846222187808380e+01
1.038758149192754843e+01 2.119474641223749600e+01
1.039133980779336675e+01 2.098569612357963265e+01
1.039372354137692689e+01 2.144583650608391778e+01
1.039483986800544990e+01 2.175394469056000446e+01
1.039889860794684573e+01 2.051256225289347768e+01
1.040013065188955110e+01 2.152136028670327050e+01
1.040107827998008361e+01 2.030416196786282512e+01




1.404708714701028427e+01 1.979563071738979829e+01
1.405849735175640980e+01 2.005521758193210147e+01
1.406068908908127391e+01 1.994380122208644224e+01
1.408315739652235088e+01 2.023466972313343959e+01
1.408396581271955483e+01 1.960762236713817330e+01
1.410476702497963863e+01 1.971048786859268986e+01
1.413336057972114190e+01 2.000956830361864647e+01
1.413732501095758387e+01 1.966459938946058728e+01
1.413945216575653596e+01 1.976684698334338819e+01
1.414919915033994791e+01 1.967590304927349010e+01
1.417925236259109134e+01 1.989350088971846020e+01
1.419992515079853490e+01 1.940437554727288472e+01
1.420768086892288551e+01 1.981820133175141763e+01
1.421331807925248292e+01 1.990485822475600841e+01
1.422006441857805292e+01 1.939576656839830804e+01
1.422248439741253812e+01 1.980679448912805540e+01
1.424532281097116915e+01 1.992095409747143009e+01
1.425402817170737713e+01 1.955462796510495593e+01
1.426093089756713361e+01 2.066261728756825633e+01
1.426238069344916681e+01 1.968550660179005973e+01
1.426436346735457406e+01 1.996622177070257109e+01
1.426886279363401577e+01 1.972163772219917988e+01
1.427949009607150010e+01 2.005781317295664934e+01
1.428064041781649962e+01 1.954677812570540496e+01
1.430071100528511785e+01 1.964476676480413531e+01
1.430146307258961436e+01 1.969785722091991076e+01
1.431062810470359459e+01 1.940074346116522719e+01
1.431653864411119592e+01 1.946115170220381074e+01
1.432058606753787267e+01 2.026153476342316395e+01
1.432803593122006269e+01 1.925984923096203971e+01
1.433126580716662346e+01 2.012834741486203782e+01
1.433793993772571440e+01 2.015130544417822023e+01
1.433803495414200846e+01 2.045013305888463506e+01
1.434603597210845294e+01 1.947185043823069961e+01
1.436228640201053075e+01 1.936760874870190818e+01
1.436402429081868526e+01 2.041097201072722456e+01
1.437682650410132545e+01 2.030270672958362610e+01
1.438431544017122832e+01 2.031029449697939526e+01
1.439181149689477124e+01 2.003361069878928191e+01
1.439567396700338442e+01 1.965577806258374594e+01
1.440492853095514647e+01 1.989047466068113579e+01
1.440539004610057461e+01 1.974211478731685432e+01
1.440723814178824114e+01 2.069616769809621459e+01
1.440913567253271310e+01 1.977181192552063749e+01
1.441051666112526419e+01 1.941035621500698127e+01
1.441347543992668179e+01 1.999230118782586274e+01
1.441778726634856156e+01 1.965383768151966493e+01
1.443405307501183543e+01 2.012017305446990534e+01
1.444693653132796385e+01 1.973608147019916714e+01
1.444708830598240468e+01 1.995080328285097693e+01
1.445132476975020275e+01 1.984495134781657555e+01
1.445416267948550804e+01 1.928047897991341841e+01
1.446097650403297052e+01 2.084173574935065432e+01
1.446381852054037331e+01 2.032672386258903074e+01
1.446879109293164056e+01 1.935416053134956016e+01
1.446988080578216262e+01 1.977038001912030296e+01
1.447444498500353127e+01 2.018791031472046527e+01
1.448006404748229770e+01 2.073242317951397951e+01
1.448723190611930889e+01 1.961342916246130130e+01
1.449023542371103979e+01 2.057586748152785461e+01
1.449956141456071812e+01 1.953640822360295815e+01
1.450323587335733855e+01 1.960123170942132020e+01
1.450429517204210406e+01 1.985152324669247292e+01
1.450949955133153324e+01 1.916972476260139757e+01
1.451775359478643068e+01 1.925890921578238846e+01
1.452290184526584937e+01 1.995498721071305326e+01
1.452410249976389345e+01 2.024070372191405554e+01
1.453546985825106752e+01 2.013777251219256925e+01
1.453557908069900506e+01 2.049036019197433589e+01
1.454332132724823090e+01 2.013005535780077082e+01
1.454395565222059439e+01 1.915710944395904036e+01
1.454528847719818252e+01 1.979521099015477859e+01
1.455096813370028563e+01 1.987535231898539223e+01
1.455503021133005070e+01 1.961590318601386684e+01
1.455985669504918434e+01 1.946616435328306949e+01
1.456577593004176840e+01 2.040526879677810612e+01
1.456861599898049597e+01 1.938991979355278872e+01
1.457300379054731287e+01 2.038654629694478970e+01
1.457402681189735461e+01 2.067198816924516791e+01
1.458015522222952320e+01 1.945972751634968745e+01
1.458966088557687257e+01 1.978129374431288667e+01
1.459413006084002085e+01 2.006854167115643506e+01
1.459731515877968278e+01 2.062385610459271490e+01
1.460075237303108509e+01 1.974621729100272205e+01
1.460170757485916404e+01 1.958744822648057848e+01
1.460697795378810682e+01 2.063338291147470827e+01
1.460879784052806407e+01 2.091361284053371605e+01
1.460948258081206497e+01 1.947785092794772410e+01
1.461055989157214796e+01 2.005189136047010479e+01
1.461272024433107219e+01 1.935802647466359261e+01
1.463294409235224691e+01 1.951680229283816104e+01
1.463677693489677623e+01 1.963917304753698545e+01
1.464061474288332931e+01 1.962351347455581774e+01
1.464518224169166416e+01 1.923808262463926866e+01
1.464571389174471427e+01 1.989774496345821575e+01
1.465971105471321145e+01 1.925092813385152724e+01
1.466510376385783943e+01 2.064091057221947878e+01
1.466571747456790931e+01 2.025903274079815475e+01
1.466806195848885608e+01 1.915414213364619656e+01
1.467395851391965778e+01 2.080531471537239341e+01
1.467625678528582434e+01 1.993407155388414509e+01
1.467772334856489636e+01 2.034469088269344894e+01
1.467786288504215619e+01 2.021645826462209072e+01
1.468038118637750955e+01 2.005896819630162398e+01
1.468596289889985229e+01 1.963341857046380312e+01
1.469129691390640957e+01 1.915632639162901185e+01
1.469320599242347569e+01 2.019118563782423692e+01
1.469733876074890944e+01 2.048971479460271183e+01
1.470291645231326960e+01 1.987396743962937862e+01
1.470352145728287496e+01 2.062171031636588481e+01
1.470439428850175467e+01 2.050922150405215660e+01
1.472380095273300604e+01 1.947555590323065289e+01
1.473076591622764653e+01 2.003781810601543256e+01
1.473121225501930098e+01 2.093402069302484847e+01
1.473356674620225704e+01 1.964722704116609364e+01
1.473625178262480695e+01 1.973363660580692169e+01
1.473977830081007490e+01 2.052677394738993399e+01
1.475364405160957304e+01 1.981321981381579178e+01
1.476153312290941955e+01 1.988293065054559960e+01
1.476179855754776327e+01 2.069654255562732459e+01
1.476689509814301182e+01 1.995127151934939036e+01
1.476787948934799921e+01 2.025126700506566024e+01
1.476860158305197146e+01 1.919237435744523168e+01
1.477395408835586288e+01 1.971665765669266790e+01
1.477492498389946007e+01 2.015215500200499221e+01
1.477538377575241668e+01 2.056467661108889899e+01
1.478261219400567583e+01 1.925108251727818498e+01
1.478623579821583434e+01 1.981916023544543037e+01
1.478972918589647811e+01 2.054447315120004447e+01
1.479465338095373461e+01 2.004062764841964750e+01
1.481043309363088412e+01 2.003360346483585630e+01
1.481093654301536944e+01 2.003973776239535098e+01
