3.227440881022040742e+01 2.540053477101725932e+01
3.227868884089505741e+01 2.466304325945317544e+01
3.228182822585127099e+01 2.506811038164561722e+01
3.229364970077846664e+01 2.564103073747995154e+01
3.229593514339535432e+01 2.508506566675798055e+01
3.230872972311460245e+01 2.556356812559002378e+01
3.231031674002476706e+01 2.562538313746363272e+01
3.231955195093765099e+01 2.532733472606983227e+01
3.232189457835026047e+01 2.556790687054029121e+01
3.232380200301165019e+01 2.452161338613743169e+01
3.232490020574722678e+01 2.472489173331844725e+01
3.233001312201010791e+01 2.469668807503748198e+01
3.233078727674581643e+01 2.426372632602528157e+01
3.233260458509717949e+01 2.466985973950666988e+01
3.233372152513754116e+01 2.568253174250397208e+01
3.233742171624873407e+01 2.505740847593325782e+01
3.233935031407819594e+01 2.429034117508286528e+01
3.233942878285773048e+01 2.567015485113452300e+01
3.233961916040365736e+01 2.566245012204008802e+01
3.234461125640624601e+01 2.511070151465899158e+01
3.234805990049213165e+01 2.557658787224689334e+01
3.235268274917467579e+01 2.430556148489993618e+01
3.235832549508580769e+01 2.505364022337829510e+01
3.236447031096137295e+01 2.497581039263135239e+01
3.236627145212850820e+01 2.529590096150321088e+01
3.237832079950212716e+01 2.546956479461362477e+01
3.237904264768790341e+01 2.465009200092419661e+01
3.237912647209753203e+01 2.452303738989577653e+01
3.238259947199056654e+01 2.567407599612764102e+01
3.238733956966471084e+01 2.538243890989848950e+01
3.238910761057392307e+01 2.446523616011252855e+01
3.239198112756347570e+01 2.473202674850972826e+01
3.239873107940346841e+01 2.421798777933138069e+01
3.239904561393772298e+01 2.466592862403787123e+01
3.240062062524684450e+01 2.480443879879370783e+01
3.240130403345850851e+01 2.494633373291362943e+01
3.240678050818901568e+01 2.570588725572679323e+01
3.241137542284593565e+01 2.497919444058719662e+01
3.241896884906910259e+01 2.518675606836157499e+01
3.242093521942108936e+01 2.506707418886093564e+01
3.242191136983083055e+01 2.523591813423986707e+01
3.242345384626727167e+01 2.481270416306189119e+01
3.242675975947425115e+01 2.418339670009616427e+01
3.242861615279992549e+01 2.468481616310358717e+01
3.243111110423241428e+01 2.555716933230051069e+01
3.243122099326112817e+01 2.570283457930277393e+01
3.243667580912628523e+01 2.479496822090428054e+01
3.243692538968458905e+01 2.441379032413838246e+01
3.243889602471761435e+01 2.522310433300359733e+01
3.244092695932154413e+01 2.468943741860461571e+01
3.244237803791799024e+01 2.440770020086269554e+01
3.244716383326139209e+01 2.429035885658487359e+01
3.244856276710277854e+01 2.521062539239612832e+01
3.245019542472638818e+01 2.456645885818460684e+01
3.245140999351222888e+01 2.435058986475079479e+01
3.245738755721348667e+01 2.532338205806487252e+01
3.246452710119263685e+01 2.428010322381352992e+01
3.247662140677041975e+01 2.427552103143787221e+01
3.247764079690193739e+01 2.482665719520032610e+01
3.248278272019743440e+01 2.478736376672600983e+01
3.249925471984449388e+01 2.502944690065983835e+01
3.250692008031272451e+01 2.558183107412452628e+01
3.250798656687686616e+01 2.551546554838876801e+01
3.252292232249379822e+01 2.461964399072300935e+01
3.252426656872418675e+01 2.500296859718159581e+01
3.253845377134482675e+01 2.540517559734647790e+01
3.254430032529266725e+01 2.580698483211249439e+01
3.254440626131715675e+01 2.523426979546285054e+01
3.254587718772653204e+01 2.518683880598267066e+01
3.255220210093918354e+01 2.577657392747876841e+01
3.255401022528895538e+01 2.577402278183966189e+01
3.255661877068122578e+01 2.505438229543955941e+01
3.256164750656591167e+01 2.467896695634532023e+01
3.256957819013642563e+01 2.454654537459765606e+01
3.257077528954399526e+01 2.521922348705144401e+01
3.257654417541618130e+01 2.524401016382695317e+01
3.258549919056804356e+01 2.462491219577308144e+01
3.258633216462726523e+01 2.519465102640910104e+01
3.259351386650416771e+01 2.479930078656422054e+01
3.259440940821373545e+01 2.476784378343382542e+01
3.260206388280982281e+01 2.558084261868783926e+01
3.260533527451622859e+01 2.524550734544444097e+01
3.262115335663755644e+01 2.576236103885820228e+01
3.262243276102605449e+01 2.508945237909585302e+01
3.262543238097256193e+01 2.551445461102764867e+01
3.263692993717391744e+01 2.547714704500053884e+01
3.263823937114812423e+01 2.540235579950958567e+01
3.264112634335022989e+01 2.456621294437906755e+01
3.264549954340071736e+01 2.531878157339943058e+01
3.264635128815655207e+01 2.551894597700455591e+01
3.264992274793993232e+01 2.461029415859277947e+01
3.266872291996577360e+01 2.483554459221877408e+01
3.267557741232815260e+01 2.515426972715184206e+01
3.267732189129903730e+01 2.536939185124005292e+01
3.267974438595198450e+01 2.546941257230700373e+01
3.268264814990009626e+01 2.559341883038851506e+01
3.268817339670561495e+01 2.511109944830588603e+01
3.269197099304506082e+01 2.502756709329234397e+01
3.269342697019204991e+01 2.584420231481209740e+01
3.269580721549999680e+01 2.467098706179414691e+01
3.270093646962443046e+01 2.408230617697274667e+01
3.270270181653415875e+01 2.482053635944177117e+01
3.270300880528254339e+01 2.463260340783046232e+01
3.271077819467740255e+01 2.566498565851481928e+01
3.272073224924589141e+01 2.450065197714464205e+01
3.272727600090739486e+01 2.470705796162524237e+01
3.273009871072373755e+01 2.545280548056847891e+01
3.273044968050761128e+01 2.477283896572898669e+01
3.273325872788905855e+01 2.529647128611333429e+01
3.273543437907949283e+01 2.449880310540651251e+01
3.273654317030987926e+01 2.425996048179000297e+01
3.273892524936253778e+01 2.498031213778002169e+01
3.273985579690160819e+01 2.581686819231651953e+01
3.274015211135974113e+01 2.489282599951486930e+01
3.274129802542533696e+01 2.500387050874255124e+01
3.276329976924839826e+01 2.420060752733614962e+01
3.276758904884768242e+01 2.590931940550775892e+01
3.277109885007740075e+01 2.509176400566133935e+01


1.432142002827872673e+01 2.539747389690022317e+01
1.432719142339640861e+01 2.412737022670011200e+01
1.433528488255864453e+01 2.494848476016568739e+01
1.434033166152268279e+01 2.474009952008350055e+01
1.434114888269155053e+01 2.539958053664133075e+01
1.434310696370401672e+01 2.566366625705693494e+01
1.434468538386516734e+01 2.414452327222361205e+01
1.434575276074036765e+01 2.549419880074390576e+01
1.435574649123813806e+01 2.431714149638229117e+01
1.437701851502783512e+01 2.527367975808376599e+01
1.438169325930971887e+01 2.569553583517681261e+01
1.438342939762867978e+01 2.513606689281087725e+01
1.439025422084897876e+01 2.517811311719188083e+01
1.439416199201006208e+01 2.492402899648213221e+01
1.439437727084065699e+01 2.451877246468065508e+01
1.439725439724126410e+01 2.457422702356658206e+01
1.440027587587860225e+01 2.464925515690476487e+01
1.440146174183410110e+01 2.585527094439908069e+01
1.440643624056163041e+01 2.543475128644556804e+01
1.440825148289512825e+01 2.449235451846947598e+01
1.442420039031557621e+01 2.449819894661645492e+01
1.443068329874147437e+01 2.560630006182230289e+01
1.443875849185266880e+01 2.580682717674120141e+01
1.444881501011974123e+01 2.484699847651944182e+01
1.445474291605498252e+01 2.543209569494276678e+01
1.445720867798626230e+01 2.485980436038702379e+01
1.445725337105380426e+01 2.473793817256843752e+01
1.446934997006237822e+01 2.515142836543168769e+01
1.446989552404459367e+01 2.587967268580469238e+01
1.447038812079387959e+01 2.474809738979149643e+01
1.447569522659891206e+01 2.443751271925573221e+01
1.447611983480966558e+01 2.497194127281742482e+01
1.448388280188853905e+01 2.448121186506374514e+01
1.448866036541751079e+01 2.584921627563038626e+01
1.449276921686118413e+01 2.555343145867556487e+01
1.449718148664414841e+01 2.480061951139873599e+01
1.449817830495832460e+01 2.489025341893406562e+01
1.449931720073898411e+01 2.526590168806659165e+01
1.450183037148273968e+01 2.463837163053423396e+01
1.450601096733421080e+01 2.487168378260683355e+01
1.451213539905658934e+01 2.515309916188234496e+01
1.451473854269108266e+01 2.498740839310277551e+01
1.451663429505523517e+01 2.469688067430468337e+01
1.452219721549338161e+01 2.423969460622883787e+01
1.453434273084955564e+01 2.496119121657890716e+01
1.454421390149079230e+01 2.504756988112191607e+01
1.454486287472927764e+01 2.438957873912706731e+01
1.454626332039317305e+01 2.477669069926441026e+01
1.454663559532445305e+01 2.539042735735447209e+01
1.455152037491881067e+01 2.449061591270685057e+01
1.455882150091643545e+01 2.471942366988020368e+01
1.456443342678233321e+01 2.581516516323733867e+01
1.456775021938868164e+01 2.562470261661914606e+01
1.456858672216588246e+01 2.557954475855488141e+01
1.457790418516304598e+01 2.538817320502437269e+01
1.458021144516031065e+01 2.462957918856020356e+01
1.458130636814597025e+01 2.550122689317021596e+01
1.458470572423364686e+01 2.461833100213425141e+01
1.458501046976958904e+01 2.468718936115395834e+01
1.460512870359096027e+01 2.576372006548563931e+01
1.461172503389072652e+01 2.508153037887330328e+01
1.461933325668267258e+01 2.529616979257510323e+01
1.461952733142503114e+01 2.518472327604414929e+01
1.462232637816738823e+01 2.499084951595029480e+01
1.463325364258715133e+01 2.509200552461814837e+01
1.463518457094278169e+01 2.452332761281402540e+01
1.463677726573433979e+01 2.496541673463159228e+01
1.464120904991542460e+01 2.456130259186266684e+01
1.464975142750391512e+01 2.450376319024486449e+01
1.465363947684241452e+01 2.529589852891530555e+01
1.466322055663683344e+01 2.501546663780417745e+01
1.466966143197431194e+01 2.560825448608966681e+01
1.467225783182965948e+01 2.481261128024987528e+01
1.467383517802712589e+01 2.532271139215661293e+01
1.467786488015851631e+01 2.427084503957927808e+01
1.468040679932810910e+01 2.474834594190844683e+01
1.468128485382877990e+01 2.494591959250380953e+01
1.468234653131298373e+01 2.441201227851233213e+01
1.469401449001978399e+01 2.459101207723253424e+01
1.469409508613134996e+01 2.549595171157016793e+01
1.470306726784643203e+01 2.533199562078023348e+01
1.470964502926265283e+01 2.441126391956219877e+01
1.471381553306698287e+01 2.531747897141742243e+01
1.471977629620173467e+01 2.449878730715365194e+01
1.472991528489064095e+01 2.440994189631133082e+01
1.473456842388463528e+01 2.527148909535045007e+01
1.473566497208885373e+01 2.522749549490395893e+01
1.473775144537688142e+01 2.437082826988322282e+01
1.474038581426134975e+01 2.500297821074391891e+01
1.474713524652180752e+01 2.446573043983295292e+01
1.475138163465004304e+01 2.504153451736497615e+01
1.475143258569102223e+01 2.434321918555237474e+01
1.476470335647470655e+01 2.534128217089346080e+01
1.476717241811016557e+01 2.495820621592023514e+01
1.477208679235181066e+01 2.541193723340920840e+01
1.478445515074938577e+01 2.487507291836180912e+01
1.479091169774826575e+01 2.509192146575541571e+01
1.479183522345017110e+01 2.488964653495708035e+01
1.479371099861265826e+01 2.499145328439358238e+01
1.481152832367592431e+01 2.514700431391449698e+01
1.481913259716587383e+01 2.479271270625888590e+01
1.483910297482899132e+01 2.480902999486679761e+01
1.484799031924132784e+01 2.465485203293858518e+01
1.484881765672500009e+01 2.521677664550363218e+01
1.484947584224659067e+01 2.537183604620791755e+01
1.485454585689576490e+01 2.448136162768420832e+01
1.485476927187526819e+01 2.527267761415664538e+01
1.485630128797154192e+01 2.546776666858545113e+01
1.485903089841970370e+01 2.545135772892439618e+01
1.487217049424293869e+01 2.460924209988294820e+01
1.489487188420828012e+01 2.539188288456761455e+01
1.489682057855088004e+01 2.488773584412540529e+01
1.497410833854175038e+01 2.490527242146172782e+01
1.498473850976539268e+01 2.487594946118236550e+01


1.301094158554767510e+01 2.488472925585065099e+01
1.302895409564365892e+01 2.507757953718569865e+01
1.304173058618424719e+01 2.507685536084205680e+01
1.304655087396296587e+01 2.500853428630041364e+01
1.305076928973686812e+01 2.499565426056329542e+01
1.306920070909785458e+01 2.482286919148284454e+01
1.307036638393458539e+01 2.526409002646178692e+01
1.308889707297364069e+01 2.538616848098155288e+01
1.310318258680701753e+01 2.488715733028532995e+01
1.311535110302705043e+01 2.486950964445441059e+01
1.313045062777363015e+01 2.457533020522360800e+01
1.313273811410319247e+01 2.453499607830266172e+01
1.314144870983599134e+01 2.534417299411488855e+01
1.315172502555885181e+01 2.543789796008206139e+01
1.315972374332352146e+01 2.548320072847955942e+01
1.317211985301887545e+01 2.501612546034496631e+01
1.318169116978563693e+01 2.526900359235018811e+01
1.318544615595341796e+01 2.478387505117098044e+01
1.318817484681803975e+01 2.445826115795956923e+01
1.319190306434449234e+01 2.457309764659770579e+01
1.320143096646594216e+01 2.473159942054223848e+01
1.320382518753179291e+01 2.484504886819998148e+01
1.320962709210419739e+01 2.520370397776349591e+01
1.321418895644752212e+01 2.443967573232447066e+01
1.321619164267576707e+01 2.549507799048436851e+01
1.322195901499739534e+01 2.461795485604468325e+01
1.322278685364502948e+01 2.539537762988947378e+01
1.322609031129808344e+01 2.471320140699198120e+01
1.323010699184310646e+01 2.447824048120351748e+01
1.324070669427274360e+01 2.541609045477521533e+01
1.325581794845479067e+01 2.545106027727310760e+01
1.326054805090214117e+01 2.513599280609797049e+01
1.326254901085155424e+01 2.496259552138609195e+01
1.326916742308589470e+01 2.464590135226960044e+01
1.326951949841290279e+01 2.432590707436343536e+01
1.327331380642441871e+01 2.530895147636618958e+01
1.329022440932597071e+01 2.488565598834371784e+01
1.329042167263138552e+01 2.543824114431170713e+01
1.329173735828796410e+01 2.499615991087467037e+01
1.329484810464455791e+01 2.510366283302134960e+01
1.330459334745559374e+01 2.441323577245174903e+01
1.331515645143003468e+01 2.507804019277918428e+01
1.331846095918286288e+01 2.444738316421883795e+01
1.332024741041728078e+01 2.533084315047237922e+01
1.332028937268979796e+01 2.531136203081896952e+01
1.332718133305162667e+01 2.527805245819862279e+01
1.332802492140600492e+01 2.494008605520680177e+01
1.332896996463956363e+01 2.505267323676272184e+01
1.333171252293961828e+01 2.501704114040789761e+01
1.333181011681800143e+01 2.458967604533333784e+01
1.335096027139760544e+01 2.464996364731124245e+01
1.335172960893232563e+01 2.457407219458779579e+01
1.335394404059145224e+01 2.506855480891286447e+01
1.336208506329274037e+01 2.506000788734533202e+01
1.336488373671138596e+01 2.569305443197452732e+01
1.336742045281674329e+01 2.497251199861291937e+01
1.337125236275013229e+01 2.439411397013906679e+01
1.338088649937269814e+01 2.423660413245459111e+01
1.340312097937030344e+01 2.485554440520355612e+01
1.340745569620903055e+01 2.577483318332879847e+01
1.341084863698468510e+01 2.465982882416619049e+01
1.341424473317025701e+01 2.547222400085953709e+01
1.341598229672829312e+01 2.533954735181694318e+01
1.341715037295029411e+01 2.459072591949574971e+01
1.342311426993861545e+01 2.535781720155408436e+01
1.342793964921853167e+01 2.525026064193630049e+01
1.342979934287482813e+01 2.515163121429372950e+01
1.344851689851694587e+01 2.462391752591205929e+01
1.345720831000183892e+01 2.519254848995819884e+01
1.346666616979423381e+01 2.544932690145925847e+01
1.346713228422314756e+01 2.524275464152420767e+01
1.346769978831486547e+01 2.442787602675543468e+01
1.347577494976069090e+01 2.519037482666772476e+01
1.348172910977112515e+01 2.439573743466112532e+01
1.348188560801073166e+01 2.485948799800444675e+01
1.348775664523841122e+01 2.516873104639012482e+01
1.348873976654716067e+01 2.519672763229256063e+01
1.349017874544444950e+01 2.490755554817885198e+01
1.349121036057680456e+01 2.545476603930291049e+01
1.350083767423583403e+01 2.583635814466158465e+01
1.350230331695073538e+01 2.507759179871339938e+01
1.350598700090862181e+01 2.459076148057377509e+01
1.350605505755367020e+01 2.515259708055095800e+01
1.351992600100530773e+01 2.529978563330648456e+01
1.352188440926721391e+01 2.475693265085642736e+01
1.352331207428028570e+01 2.451581501046973699e+01
1.353166861167378343e+01 2.484165766561469368e+01
1.353892564076682525e+01 2.538308421369423229e+01
1.354120382114492749e+01 2.483566043169563642e+01
1.354274338066914574e+01 2.515056418539389327e+01
1.354445733431761312e+01 2.415436621043196297e+01
1.354727537868122234e+01 2.558878584307479898e+01
1.355165367824777967e+01 2.532861696074473201e+01
1.356272004449763280e+01 2.555719541631521352e+01
1.356389444370996600e+01 2.477738553107667840e+01
1.356854914428254766e+01 2.576480831032588981e+01
1.357069091842802067e+01 2.483165547770246206e+01
1.357119811336899140e+01 2.481864250656302318e+01
1.357818649464167216e+01 2.462672243093678759e+01
1.357972808076668159e+01 2.471809685189280259e+01
1.358314191476220678e+01 2.479854136187726610e+01
1.359055180302516419e+01 2.475602668303663023e+01
1.359399843115190087e+01 2.410864276546792340e+01
1.359550930500143373e+01 2.449946847167790764e+01
1.359774694291310304e+01 2.510273955412839442e+01
1.359994928305764539e+01 2.546969275786632281e+01
1.360162171981767365e+01 2.462892412521743779e+01
1.360565830673910526e+01 2.556702877927678585e+01
1.361580490256118914e+01 2.575508421312481389e+01
1.361785694349480558e+01 2.457980145445400311e+01
1.362178846137005550e+01 2.579713334864775121e+01
1.362332414151607907e+01 2.552423446399421536e+01
1.362753447363774839e+01 2.481467043499240788e+01
1.363236326630720541e+01 2.453960164039634506e+01
1.363630838930089517e+01 2.437376225097651528e+01
1.363714464819241989e+01 2.584019408727477085e+01
1.364237546987439487e+01 2.448797962576639264e+01
1.364701210319811508e+01 2.539709483459958506e+01
1.364857108689610676e+01 2.490337892201891634e+01
1.365613784772411066e+01 2.590748140195160687e+01
1.365683133762695434e+01 2.435536802142921786e+01
1.367263885668305790e+01 2.575652298299276310e+01
1.367387517848387191e+01 2.489031768090549335e+01
1.367947767590086450e+01 2.482224051689715694e+01
1.368024655872680384e+01 2.414490887287620069e+01
1.368030325084939136e+01 2.542887276595085311e+01
1.368807650228578687e+01 2.582858596358520487e+01
1.368841557899299666e+01 2.481843085647128078e+01
1.370172904152987137e+01 2.550405979415800317e+01
1.370204525276591667e+01 2.506159969539635668e+01
1.370332284426357283e+01 2.567332018521296533e+01
1.370358551688007509e+01 2.426769281360962083e+01
1.370940162550965624e+01 2.448521841702780222e+01
1.371247167777379339e+01 2.509095761880878683e+01
1.371355253690641263e+01 2.508411296156767989e+01
1.372276197767395445e+01 2.582305947707533278e+01
1.372296815775383827e+01 2.441710957305160434e+01
1.372346139582568192e+01 2.584065781167707598e+01
1.372857747429669040e+01 2.495070642587875298e+01
1.373033010193892167e+01 2.421073652863457326e+01
1.373050623237841350e+01 2.469326663168785529e+01
1.373430425710603586e+01 2.434377677611253787e+01
1.373537697333894414e+01 2.526475073237634206e+01
1.373634923556086740e+01 2.439037070797528273e+01
1.373914701031858066e+01 2.534061546272788945e+01
1.374721594809078695e+01 2.575068699163102437e+01
1.375248676345251297e+01 2.475194911650580210e+01
1.375446489071963896e+01 2.522912692046385530e+01
1.375986416738875739e+01 2.479650890455814505e+01
1.376478641065843256e+01 2.511189587268683709e+01


1.458080576969176922e+00 2.546264665110836845e+01
1.458256830567737472e+00 2.491444473706127383e+01
1.463414677237953487e+00 2.505115446342772501e+01
1.468389206346118803e+00 2.546174795085546450e+01
1.469026434140560777e+00 2.567160712931370270e+01
1.478871984347425617e+00 2.503203041692090736e+01
1.480712283454346689e+00 2.524164784949816820e+01
1.487428411536054540e+00 2.488871401976279785e+01
1.495961895165407007e+00 2.547461656596594182e+01
1.502260671955636173e+00 2.498775171574736476e+01
1.504327071253410475e+00 2.515426790790997558e+01
1.507813604376014416e+00 2.534722250908762220e+01
1.525281188197735949e+00 2.558150968445698936e+01
1.545747310291016419e+00 2.450166186832908366e+01
1.556775107595865348e+00 2.544157810200799474e+01
1.563525961899926209e+00 2.500720876999767128e+01
1.565352668717768125e+00 2.493684879596685633e+01
1.566363682005470048e+00 2.537711259359830152e+01
1.568465746979134545e+00 2.480369376421288408e+01
1.573859587687879813e+00 2.518988376001686191e+01
1.579994133273527890e+00 2.566528127964332029e+01
1.596943131043110586e+00 2.453910605836739833e+01
1.600376791774687835e+00 2.485524903004158759e+01
1.610738039801518973e+00 2.514784047131038491e+01
1.614627033476887075e+00 2.571508964649038020e+01
1.618557209532710095e+00 2.503397111980716616e+01
1.619603289146252845e+00 2.520621324345484027e+01
1.632784018753509869e+00 2.575385331243850118e+01
1.640302702492773657e+00 2.454935005699889672e+01
1.644814046806011731e+00 2.555524380739360168e+01
1.648678093952631762e+00 2.573548564480242717e+01
1.649884657965614565e+00 2.488262234419542551e+01
1.658687128326867377e+00 2.477467183365141423e+01
1.659456975487188846e+00 2.452408369319250170e+01
1.660204457166761127e+00 2.437716951711924906e+01
1.660537438285680345e+00 2.430634725893720116e+01
1.661986534116227432e+00 2.485081852414319670e+01
1.667586020998069296e+00 2.552641793316272256e+01
1.670879114034734769e+00 2.548054134169825602e+01
1.673915049669836064e+00 2.448001784573247264e+01
1.676788634784997623e+00 2.481501652123902346e+01
1.690336428796098911e+00 2.457474929278475528e+01
1.693801025736110688e+00 2.511502431593563500e+01
1.696799646187180155e+00 2.466484595297933780e+01
1.697623727345373590e+00 2.430228022923837017e+01
1.697946470087281501e+00 2.458640913833687236e+01
1.699984819200314412e+00 2.503362517132548248e+01
1.705338421011595607e+00 2.445363663534123333e+01
1.706887166985412652e+00 2.508910052510931976e+01
1.750830033294614285e+00 2.555894631625661617e+01
1.772185217702394677e+00 2.456314418641434472e+01
1.795669879518222656e+00 2.460488636444224753e+01
1.801403914452235133e+00 2.522334170337426329e+01
1.810731748135226749e+00 2.510770501094567564e+01
1.818361864981348663e+00 2.494725599251263404e+01
1.827945123364664859e+00 2.536941548155686377e+01
1.864994117538867346e+00 2.513562568742963066e+01
1.865938922368289177e+00 2.487178300593878078e+01
1.885211563594908490e+00 2.478339329368146693e+01
1.885246004916315332e+00 2.491116271718509623e+01
1.886928733910010259e+00 2.516385864535132200e+01
1.888112424810033829e+00 2.541003546443413086e+01
1.905333200734552701e+00 2.459459718963896435e+01
1.907647566284831786e+00 2.533294187035616929e+01
1.913828945157099337e+00 2.521822482976679325e+01
1.914640885138073401e+00 2.511484305403415718e+01
1.919931980079318201e+00 2.494725633448091884e+01
1.937127143296798248e+00 2.466697294815384822e+01
1.945808477038581952e+00 2.523686892511776136e+01
1.956160220606077749e+00 2.494973295629932863e+01
1.968256766594661755e+00 2.475764361295425076e+01


2.106817328896060104e-02 2.512765685714595421e+01
4.628137335553972331e-02 2.522427215226544561e+01
4.784713353742364728e-02 2.476405729435321135e+01
5.086848755686268486e-02 2.496503750326595750e+01
6.374347637946198297e-02 2.465092674795223360e+01
6.848947559440876631e-02 2.469024799466407316e+01
1.256283402749750477e-01 2.470576190625630630e+01
1.359705780991840030e-01 2.488994381626402941e+01
1.401406256795317828e-01 2.527913368846069631e+01
1.408187153758932997e-01 2.509797108129719589e+01
1.448326536833248745e-01 2.520789812707571542e+01
1.557626161954370758e-01 2.540201164754653007e+01
1.616671420240276547e-01 2.452882947285176840e+01
1.846937323876749470e-01 2.502414449399641327e+01
1.985848835263028800e-01 2.528389616007267193e+01
2.331321243415965805e-01 2.480554362571307081e+01
2.655002431820933095e-01 2.443774946783792146e+01
2.672120726843044691e-01 2.437090730145922635e+01
2.690953773268653926e-01 2.495632919634747182e+01
2.720640196806987099e-01 2.471556659323016092e+01
2.732563595757628860e-01 2.468318258851283176e+01
2.856800008766423593e-01 2.560290148795864340e+01
2.884854466099586734e-01 2.460680372500926438e+01
2.902075705084168344e-01 2.520729906097233552e+01
2.907639234739656242e-01 2.536554569228706413e+01
2.984451431736744320e-01 2.563770506862072907e+01
3.005342834127753271e-01 2.459953569128160922e+01
3.032014566280062384e-01 2.524340297039095660e+01
3.084071937857716383e-01 2.539554354669919789e+01
3.090839309575947880e-01 2.448264865641272436e+01
3.157352912642643616e-01 2.462080153492310686e+01
3.184856661613670870e-01 2.465470239506123562e+01
3.187341149288807074e-01 2.554432140036606214e+01
3.286651244489617874e-01 2.563050365126517960e+01
3.396270521511327578e-01 2.544336294212852323e+01
3.563409031049262765e-01 2.552707428845299376e+01
3.563946863440609070e-01 2.514722373804266553e+01
3.712701575939610921e-01 2.487368485424829245e+01
3.712765612048954944e-01 2.509567314968484197e+01
3.853491653233502845e-01 2.431220765224799862e+01
3.857529943304948139e-01 2.534643132383202868e+01
3.864227678767462315e-01 2.467085765270882192e+01
3.923170633142871733e-01 2.575189287643015135e+01
3.968479003797091842e-01 2.551246801261372710e+01
4.013845847430138614e-01 2.508858239325898509e+01
4.017911655857843156e-01 2.510267814207759685e+01
4.115726621525485074e-01 2.469199573202574172e+01
4.136031430942558318e-01 2.500344764564629330e+01
4.173258144489336852e-01 2.448130982341851336e+01
4.211978764365310601e-01 2.451091284381053015e+01
4.236095149497186574e-01 2.522133711622666397e+01
4.279688477899882271e-01 2.572565571950994823e+01
4.337515946713680348e-01 2.445015510163167249e+01
4.370712672715962865e-01 2.477578813126373802e+01
4.549248337067214321e-01 2.491645360591746083e+01
4.556839733706373741e-01 2.463991995301742222e+01
4.713534767591310848e-01 2.510348599784092727e+01
4.801569096779735313e-01 2.423240231059304151e+01
4.954689499042317369e-01 2.561908936353730581e+01
4.955997201306479027e-01 2.553593003003983952e+01
5.190259743915383028e-01 2.465960053159216514e+01
5.229546198826025005e-01 2.571580194373464323e+01
5.252040523120453663e-01 2.516159018037387796e+01
5.290107224939946118e-01 2.555887679052169759e+01
5.311527146123138365e-01 2.510662306127106902e+01
5.326933701292870804e-01 2.506266866835397877e+01
5.365260004440512986e-01 2.444538952906865248e+01
5.378959117924571043e-01 2.450640298559060071e+01
5.467816336947127764e-01 2.418761218812143454e+01
5.471485330153991189e-01 2.544235252514025447e+01
5.473731494011842003e-01 2.518032278891886477e+01
5.506074577677406712e-01 2.467926911834869941e+01
5.542835755915330731e-01 2.549572629103232657e+01
5.570211443425218123e-01 2.524694558398070043e+01
5.594970891346664477e-01 2.576912262986175151e+01
5.655385716524925499e-01 2.505245590417901269e+01
5.660165227290780976e-01 2.483519215181685524e+01
5.677916372554914215e-01 2.429562785315499696e+01
5.683704697183775689e-01 2.538324257185783139e+01
5.715486838632701794e-01 2.473585499793034259e+01
5.737802462990303498e-01 2.581389423639604530e+01
5.790219994376382129e-01 2.464472694707101397e+01
5.871095134253050407e-01 2.545331442825819934e+01
5.875145465944242584e-01 2.526007658067523209e+01
5.898426744039392267e-01 2.417982504513283004e+01
5.923380977111655232e-01 2.506848106800715925e+01
5.971138084880871499e-01 2.532952318501721223e+01
5.997625304821856407e-01 2.468571853362588797e+01
6.017379209685717045e-01 2.410068155724859196e+01
6.035949836554950210e-01 2.454491302002638520e+01
6.057423187671511222e-01 2.530860363670455726e+01
6.083679939323078933e-01 2.438687281943423457e+01
6.094211304491661263e-01 2.414949852959933452e+01
6.107213007141725214e-01 2.412141841797265229e+01
6.115498398037191308e-01 2.579264932559050294e+01
6.145134722244589565e-01 2.519373458711002556e+01
6.171093251704758975e-01 2.559366307719753664e+01
6.294156768868488516e-01 2.475945778651960438e+01
6.296294875644256051e-01 2.558459821404842671e+01
6.326059030038908571e-01 2.477968489541443020e+01
6.368300390049947968e-01 2.468015651070720295e+01
6.390538260672105064e-01 2.481233316668964406e+01
6.466294354707904368e-01 2.480526982534618696e+01
6.496787307973691528e-01 2.507816439896900107e+01
6.619932717901257924e-01 2.513534248801155613e+01
6.632289473313874861e-01 2.419293474046419945e+01
6.660901462822244046e-01 2.427699992205803881e+01
6.667058720331670019e-01 2.460086073679449115e+01
6.713264638337171908e-01 2.572925938972986870e+01
6.918992845515939960e-01 2.462420093163970236e+01
6.925337481745452717e-01 2.421354395979047069e+01
6.938877485016421431e-01 2.419654732453088286e+01
6.999054318866902991e-01 2.485596790609712770e+01
7.048555829100616732e-01 2.444769365896344127e+01
7.096771413659619387e-01 2.510757244966966795e+01
7.097328102546041073e-01 2.586127316811437993e+01
7.235139924117059973e-01 2.504973014915476881e+01
7.255439799348082364e-01 2.501115724940522966e+01
7.374840419596506713e-01 2.468751731894001722e+01
7.467164832506396621e-01 2.409273494025626761e+01
7.492869323298052553e-01 2.468337318241149347e+01
7.507789625280710810e-01 2.484695555591784810e+01
7.534267095063114095e-01 2.467575015402623961e+01
7.555729816554451750e-01 2.579148644911904142e+01
7.579106714620895691e-01 2.537598326344980038e+01
7.717791280167123347e-01 2.562857665564352416e+01
7.743865264165492590e-01 2.472526896156063003e+01
7.781780694008804122e-01 2.510545111799434892e+01
7.811783813351692585e-01 2.425179639337070370e+01
7.827967342105954796e-01 2.423287969040580236e+01
7.918615839205661588e-01 2.493328608758865172e+01
7.920839281225671158e-01 2.540616297284654479e+01
7.937569728480959874e-01 2.494892189771960034e+01
7.942081573820904961e-01 2.493318424438210101e+01
7.956936822125134645e-01 2.436904593305076361e+01
8.032835057543683543e-01 2.418205280018358039e+01
8.060815047874925199e-01 2.442634847953896582e+01
8.072211633139922959e-01 2.504715139092929022e+01
8.078906433755108640e-01 2.537884868064305977e+01
8.101763488249695833e-01 2.562770767219878110e+01
8.126225538173562635e-01 2.443667406631121608e+01
8.133703045395332953e-01 2.587275512001088273e+01
8.183639025794222643e-01 2.432993361995357873e+01
8.197014773604185400e-01 2.569233319246639979e+01
8.274445224894821926e-01 2.401803633491304169e+01
8.469051553359865370e-01 2.514543599449273970e+01
8.533714883873169121e-01 2.578953488354887824e+01
8.571101526963691430e-01 2.474924204088850033e+01
8.574270942550391572e-01 2.577564486793841070e+01
8.596559619550778741e-01 2.509223598237770503e+01


3.339423280199251565e+01 2.050377885525243116e+01
3.339856600165914102e+01 2.135087104815068670e+01
3.340536742909589663e+01 2.061616089013626762e+01
3.340829787631670200e+01 2.080827816837189559e+01
3.341636572984040754e+01 2.163113388095992207e+01
3.341805941072593100e+01 2.152717127515009921e+01
3.341948987561826812e+01 2.103050239667885180e+01
3.341953464016879849e+01 2.088259589611151412e+01
3.341996176474678037e+01 2.072642257153372825e+01
3.342017429167631093e+01 2.100879014009564472e+01
3.342689799624120894e+01 2.094513551503843374e+01
3.343065289131781270e+01 2.144249008352924335e+01
3.343250118172750263e+01 2.149995613294573715e+01
3.343351127066500084e+01 2.138131273941302624e+01
3.344513361389297046e+01 2.104321936650298497e+01
3.344920659648362005e+01 2.182813509764314475e+01
3.345062057920156207e+01 2.103882708626901632e+01
3.345586445536571318e+01 2.060705615109466748e+01
3.345856002561395570e+01 2.045751710897979692e+01
3.345859321403882092e+01 2.124815657471805963e+01
3.346196943737507468e+01 2.172497549633276748e+01
3.346547125298989300e+01 2.138014341175336952e+01
3.347795664663361492e+01 2.020460937363053588e+01
3.348237107235777898e+01 2.185278379903732571e+01
3.348286377816641135e+01 2.088945456435757109e+01
3.348725954827467888e+01 2.030449401926930975e+01
3.348803684130738390e+01 2.131768159880218860e+01
3.348906649104551292e+01 2.115111553362977403e+01
3.349548495714652319e+01 2.119784682358180916e+01
3.349583431248092324e+01 2.075171102320797800e+01
3.349789943098264189e+01 2.163373645694638370e+01
3.350202468921022358e+01 2.117845439144480579e+01
3.350457054101496368e+01 2.088098166184107640e+01
3.351535475741906112e+01 2.049456704423813136e+01
3.351609719427423784e+01 2.079402752729236425e+01
3.352540103509420533e+01 2.054694303452176030e+01
3.352664774427850602e+01 2.129478255691270405e+01
3.352799113754125671e+01 2.086704131627951497e+01
3.354799514375687863e+01 2.099076677079058939e+01
3.356140059615020732e+01 2.088029718176222005e+01
3.356219742215174762e+01 2.032955671308713264e+01
3.356495400167781185e+01 2.067114439260597791e+01
3.357138199139048851e+01 2.144279530442025106e+01
3.357683766071554032e+01 2.043736933900062880e+01
3.358219565369061854e+01 2.135776974754748991e+01
3.359109168797349554e+01 2.061536810146932197e+01
3.359110905740627828e+01 2.052968262435296154e+01
3.360836577820285243e+01 2.178601554049652833e+01
3.361089142131643825e+01 2.148516148851253860e+01
3.361588743843776683e+01 2.126096224300925286e+01
3.361673023335715982e+01 2.114400819461525671e+01
3.363187693653328125e+01 2.096059337047048388e+01
3.363280759645916618e+01 2.135163237350334242e+01
3.363322115074140584e+01 2.161321418084457591e+01
3.363431573335370928e+01 2.124472160075873717e+01
3.363847679416376479e+01 2.083479706549377042e+01
3.363890075909224464e+01 2.030415515369873347e+01
3.364075453785503100e+01 2.067846585643534141e+01
3.364441215278157671e+01 2.144730216383529253e+01
3.365283029375044777e+01 2.068227551462235425e+01
3.365335776436931781e+01 2.169102686746030528e+01
3.366818069020184367e+01 2.128059631396789086e+01
3.367641107459461836e+01 2.153935701507004197e+01
3.367841759869314444e+01 2.160439175137561207e+01
3.368190946370260264e+01 2.058791443938094190e+01
3.369271155986800181e+01 2.049788044039546975e+01
3.369298291130672141e+01 2.110978370215921629e+01
3.370441933568524462e+01 2.030833644369742430e+01
3.371433699177578802e+01 2.108917704660599668e+01
3.371680208601770801e+01 2.050230854757905519e+01
3.371700203925195893e+01 2.041477181410266084e+01
3.372231653506435123e+01 2.067926189906523504e+01
3.372346558091233248e+01 2.133767099957226776e+01
3.372554857555878272e+01 2.105251873402855622e+01
3.372742012522508759e+01 2.131588114672344147e+01
3.374485954491704831e+01 2.099752495392519691e+01
3.374850591709752479e+01 2.048878622056023602e+01
3.375057414498920849e+01 2.072687890388069931e+01
3.375674321856694604e+01 2.088916087528204102e+01
3.375786917140526810e+01 2.156478537453252642e+01
3.377899146918306883e+01 2.078766589981178114e+01
3.378452645696842183e+01 2.052044704385101426e+01
3.378880668724463732e+01 2.149265672929085724e+01
3.379109651000445069e+01 2.111780267238220077e+01
3.379396389808986356e+01 2.160497831577323424e+01
3.382215245885387134e+01 2.073216805245722583e+01
3.382828130379123621e+01 2.106008782289507764e+01
3.382985242257906577e+01 2.129694475871016834e+01
3.383167300608080552e+01 2.055688043846199520e+01
3.383923794468594082e+01 2.072855307901398447e+01
3.384494923865198501e+01 2.054644709059539665e+01
3.384500570132276209e+01 2.078598654128404988e+01
3.385396804312502894e+01 2.053763633493808527e+01
3.385857609831273862e+01 2.074414252519597213e+01
3.386300312457774453e+01 2.139410955036434103e+01
3.387165548641309698e+01 2.062772270988359935e+01
3.388010380618287343e+01 2.082791260179541482e+01
3.388763589471472670e+01 2.102876119761347695e+01
3.390852529270822657e+01 2.069601103615455528e+01
3.394657070844962732e+01 2.129393240163339840e+01
3.395440710831574194e+01 2.101867165813003524e+01
3.397060937519464119e+01 2.095598633998505989e+01
3.397428285596829056e+01 2.105394873547780676e+01


2.680468591160878589e+01 2.056034818134797959e+01
2.680613510701847346e+01 2.045265261744740215e+01
2.680653900440038129e+01 2.011782553063368439e+01
2.680694637934269409e+01 2.106121636827003485e+01
2.681381456159408927e+01 2.033805543772677282e+01
2.682827867394162524e+01 2.081880221456844282e+01
2.682991152919334965e+01 2.166520898687373275e+01
2.683023282278319499e+01 2.124014239870698972e+01
2.683915357229428977e+01 2.173900505873936240e+01
2.683941777500066195e+01 2.032507449799363997e+01
2.684214836206012933e+01 2.025245497664242578e+01
2.684523439929414224e+01 2.049048175328292487e+01
2.684630911366188855e+01 2.083828618909604913e+01
2.685208146755428515e+01 2.119877630439457761e+01
2.685868034349782363e+01 2.101295575247155512e+01
2.686125937623004489e+01 2.054887375368626579e+01
2.686496257987102254e+01 2.104267006246479710e+01
2.686751883794884677e+01 2.143002648374055852e+01
2.687737711573605992e+01 2.157868582704448812e+01
2.687786630430156620e+01 2.122199930849172489e+01
2.687804575884696234e+01 2.104160626841850146e+01
2.688009308717991175e+01 2.062878700548951016e+01
2.688130462219569239e+01 2.121565107463229793e+01
2.689455356369821359e+01 2.093895824041159770e+01
2.689742080315498995e+01 2.060716329983501893e+01
2.689869582499174783e+01 2.192761813788381531e+01
2.691293467072717149e+01 2.132211143147403831e+01
2.691515177131411107e+01 2.093008051473364262e+01
2.691895754675760344e+01 2.128262074008755533e+01
2.692016783088989840e+01 2.033562759414391508e+01
2.693012639424343746e+01 2.062270552706518956e+01
2.693400434148308520e+01 2.157666603486577372e+01
2.693698888921946377e+01 2.188293293478164614e+01
2.694064296530298108e+01 2.160186389129895801e+01
2.694500429452227763e+01 2.002346185667283152e+01
2.694505086236598856e+01 2.187372097382410274e+01
2.696200918732165519e+01 2.182304793522335373e+01
2.696444841238152890e+01 2.073012969975765074e+01
2.696528884649052316e+01 2.155628737816778440e+01
2.697271496640463795e+01 2.162724398534346903e+01
2.697353982280125706e+01 2.032924138574165340e+01
2.697802161485999761e+01 2.124217101096293447e+01
2.697900067823450243e+01 2.040480892811081759e+01
2.697950641613116574e+01 2.107529752646927435e+01
2.698023496343077809e+01 2.185959769476620096e+01
2.698271574928828542e+01 2.119779907992749202e+01
2.698418492110381095e+01 2.019111972438569325e+01
2.698637797336241562e+01 2.088668699735766765e+01
2.698716045874961367e+01 2.117110601392587554e+01
2.700071946696319358e+01 2.077317917096055311e+01
2.700901536624258625e+01 2.139202246648213190e+01
2.701076807875084995e+01 2.027542493854395644e+01
2.701159234344826388e+01 2.136438872439098091e+01
2.701632136003287243e+01 2.025934001535742368e+01
2.702234458473369827e+01 2.002428531957820113e+01
2.702340581269189101e+01 2.105489349527718446e+01
2.702578516553750632e+01 2.031801989531376762e+01
2.702800559119650359e+01 2.108674414049111334e+01
2.702821314857033741e+01 2.108345257572140952e+01
2.702909468419248284e+01 2.071191945267140966e+01
2.703770839986083985e+01 2.081161649027947647e+01
2.703841528879619105e+01 2.087120313595161036e+01
2.704201846266746045e+01 2.183093234751106948e+01
2.704207473713876908e+01 2.053980867197688909e+01
2.704257572598254455e+01 2.110960596125637423e+01
2.705216388266920191e+01 2.140748724257896640e+01
2.707055533805490199e+01 2.097617144661397148e+01
2.707165308843359597e+01 2.066555843337581067e+01
2.707517386259227976e+01 2.145372157729575946e+01
2.707529699006033752e+01 2.002396571642786682e+01
2.708108254310801399e+01 2.157902893366199137e+01
2.708151511364706465e+01 2.082316099517673536e+01
2.708255834528531736e+01 2.096183786603153365e+01
2.708313599480689859e+01 2.198602563962719714e+01
2.708943283654573619e+01 2.182659729160829087e+01
2.709268227625869230e+01 2.152883986280404471e+01
2.709279123670305367e+01 2.175400548289042035e+01
2.709302385811099256e+01 2.147646690561006366e+01
2.709801617698616383e+01 2.036896708429216574e+01
2.710494316720801677e+01 2.056320417575455295e+01
2.711145642597761451e+01 2.003688493108997903e+01
2.711648471821118989e+01 2.073298416868596661e+01
2.711773486077634487e+01 2.064186110461294277e+01
2.711888927568106311e+01 2.056837112786459087e+01
2.712310638603310764e+01 2.119842503448239057e+01
2.712392703710963815e+01 2.034727251997144037e+01
2.712421279634640925e+01 2.083913770489311190e+01
2.713377947810117874e+01 2.021276669920250058e+01
2.713547823643965984e+01 2.087975184999059763e+01
2.713956792196020729e+01 2.027996212377965080e+01
2.713992629424384972e+01 2.056398542578494570e+01
2.714033224398700739e+01 2.122043053385403155e+01
2.714258504216761736e+01 2.193873623167481313e+01
2.714757378238846641e+01 2.074917343577850559e+01
2.714925272753061591e+01 2.171079477693466586e+01
2.715664570505311204e+01 2.083450630820424720e+01
2.716279719680711580e+01 2.014103528165867019e+01
2.716474508405085686e+01 2.097303864337525070e+01
2.717212924090301485e+01 2.075575392941281194e+01
2.717295371890018174e+01 2.071007856413040926e+01
2.717302720644448399e+01 2.083776927175186700e+01
2.717589523517856875e+01 2.082227625668637216e+01
2.718308969901462291e+01 2.130530587962708111e+01
2.718632544521983618e+01 2.034987557855347973e+01
2.718769204734523015e+01 2.157773631867242159e+01
2.718928306920379612e+01 2.092746031271722273e+01
2.719136030204558452e+01 2.172188735250922065e+01
2.719288474594615934e+01 2.122855694978700214e+01
2.719310352527753594e+01 2.107862609513991714e+01
2.719791694349122935e+01 2.102261436123459859e+01
2.720701271816070488e+01 2.083495509310118265e+01
2.720947511973655963e+01 2.157964779517238441e+01
2.721222934381843928e+01 2.140367718513033068e+01
2.721689857081793917e+01 2.167685700888479516e+01
2.722202716562675207e+01 2.054676851791058212e+01
2.722638127129243202e+01 2.090586870589948987e+01
2.722765613911422378e+01 2.179754980949891063e+01
2.722870964902475421e+01 2.193965855875114102e+01
2.723100214407076791e+01 2.077143618088767951e+01
2.723953103127226782e+01 2.144716827511698298e+01
2.723968561484240780e+01 2.170260331187539649e+01
2.724200658174683554e+01 2.026310600734812084e+01
2.724796357920703116e+01 2.050757581626254478e+01
2.725167937289261744e+01 2.075964456723903240e+01
2.726127829082088638e+01 2.119208911751448454e+01
2.726351614850940308e+01 2.134345718292436445e+01
2.726660847411097777e+01 2.183737934152679472e+01
2.727306175035373315e+01 2.151042571646414459e+01
2.727368931573795408e+01 2.020116537227296405e+01
2.727791368879155343e+01 2.016374510051991464e+01
2.727882235586108806e+01 2.165794536610351884e+01
2.727972991472755382e+01 2.071382196641740236e+01
2.728457927191182009e+01 2.186734345902639376e+01
2.728537450100346717e+01 2.142662459979871414e+01
2.729171819819849176e+01 2.117065788525457393e+01
2.729321864889572069e+01 2.032089654588941485e+01
2.729339132393654310e+01 2.025974294562468359e+01
2.729587942333225214e+01 2.103277710627730102e+01
2.729886575694697370e+01 2.174048222378538853e+01
2.729949215716041522e+01 2.110590768729844768e+01
2.730153205697135732e+01 2.056422175823452747e+01
2.730168425820280120e+01 2.094067281942638559e+01
2.730209067594198302e+01 2.036998593372472399e+01
2.730298637988602195e+01 2.101068475161509497e+01
2.730718123434825628e+01 2.025349659821977966e+01
2.730988418162853648e+01 2.194300288957295209e+01
2.730991981536802626e+01 2.124016131258890994e+01
2.731493488609295639e+01 2.037211418492795545e+01
2.732432938545448664e+01 2.131738000243453257e+01
2.733478827368455910e+01 2.069534367469936953e+01


1.838781937323008364e+01 2.200507284997688373e+01
1.839602228919028803e+01 2.120506739982776878e+01
1.840405495169571992e+01 2.225608176779270408e+01
1.841027784013355273e+01 2.246498102079748094e+01
1.841455477201808577e+01 2.204725026370470431e+01
1.843104756505435304e+01 2.237971279147338777e+01
1.843341623293827070e+01 2.246553144185760686e+01
1.843409792862617991e+01 2.206634300616966371e+01
1.843455838796310786e+01 2.198220371874464618e+01
1.843810010782425479e+01 2.146160722527826081e+01
1.845037361877806248e+01 2.281027305123087601e+01
1.845212374150963797e+01 2.286855450647110999e+01
1.845964329145011362e+01 2.255145201167441016e+01
1.846039383300388081e+01 2.173274577932966167e+01
1.846706814310733691e+01 2.203707967741256368e+01
1.846755079443486736e+01 2.124627437047216461e+01
1.846875099257135133e+01 2.214297986011400354e+01
1.847317429518615128e+01 2.137666187310210120e+01
1.847362318652107405e+01 2.113079551347693297e+01
1.847372313931983356e+01 2.155183721939546615e+01
1.847590409763147790e+01 2.144012966994516844e+01
1.848848498006485030e+01 2.117358513564604294e+01
1.850910163647978379e+01 2.231804272423202562e+01
1.850914660830153124e+01 2.194358599055782477e+01
1.851135339933064827e+01 2.116662383727314989e+01
1.851148798858798372e+01 2.155342776369890245e+01
1.851399508520954029e+01 2.244217694780394368e+01
1.853516931711632409e+01 2.211747931343104057e+01
1.855230288437763519e+01 2.258885598701982644e+01
1.855468485914378007e+01 2.165801965931363071e+01
1.855775977420891110e+01 2.247545581800713066e+01
1.855858873839799017e+01 2.237392639682134998e+01
1.856464762758759335e+01 2.254415351178444382e+01
1.856843329887101035e+01 2.253946679838288603e+01
1.856907608175479751e+01 2.241067103557583806e+01
1.857245750609423141e+01 2.169571577243700844e+01
1.857378582922308041e+01 2.236569604557714541e+01
1.857820477866522779e+01 2.249595386557696841e+01
1.857866484157219489e+01 2.231442078687766895e+01
1.858198949051710258e+01 2.235574331463233833e+01
1.858948817645752527e+01 2.173770518198825741e+01
1.859860115039704098e+01 2.178573760162684536e+01
1.860641633613885304e+01 2.186387329036517002e+01
1.861238625803467173e+01 2.167037991371843475e+01
1.861911833929262983e+01 2.139012661727338127e+01
1.862310918763142453e+01 2.263288753368308903e+01
1.863298019567024255e+01 2.190339298436609994e+01
1.863313701450385906e+01 2.232850404861855154e+01
1.863318007673256815e+01 2.270416232382372357e+01
1.864585938646123253e+01 2.125330785198391226e+01
1.865279123599135147e+01 2.217465301554129553e+01
1.866934906929792604e+01 2.221375108357146644e+01
1.867452367877297092e+01 2.197284008250064957e+01
1.867720559798988234e+01 2.222203664525729749e+01
1.867893417517161936e+01 2.251499886867550160e+01
1.867893911247757899e+01 2.179493206049642140e+01
1.867923645138363398e+01 2.178242781206924761e+01
1.868235241558928905e+01 2.174029836357825118e+01
1.868656827744923632e+01 2.225347298053263501e+01
1.870127020443015908e+01 2.198663487005929440e+01
1.870996036453146871e+01 2.209226198324128276e+01
1.872058624669656623e+01 2.133636325069887008e+01
1.872099239902463808e+01 2.145800054543317259e+01
1.872464319937994048e+01 2.217716795876604507e+01
1.872641200026004782e+01 2.167665469523676691e+01
1.872810352484946606e+01 2.234947707282967855e+01
1.872818759478457551e+01 2.183247912607872010e+01
1.873268064661507992e+01 2.205418069315089014e+01
1.873354846262592943e+01 2.232506092909698125e+01
1.874100010649775072e+01 2.219752983308304195e+01
1.874551311313515711e+01 2.170483285068631929e+01
1.877679185573612841e+01 2.185236289220709693e+01
1.877776732355208722e+01 2.145863040279159151e+01
1.878091158153822704e+01 2.176188352822110872e+01
1.878652113955632785e+01 2.244058410459404485e+01
1.878680186171746413e+01 2.251517814987159127e+01
1.879023417878910251e+01 2.166761007064132372e+01
1.880103434827264408e+01 2.157624511513138188e+01
1.880661002493035383e+01 2.145945771650622902e+01
1.882987847695806849e+01 2.200694738043667797e+01
1.883734830626140067e+01 2.228537934157811051e+01
1.883828721296093178e+01 2.210989533721743072e+01
1.883910011386952377e+01 2.171727259338288007e+01
1.884277543656514098e+01 2.170525098012267406e+01
1.884466511174337455e+01 2.195438600259670991e+01
1.885908874153133752e+01 2.241839119151520165e+01
1.886265892994023829e+01 2.183370936063970547e+01
1.886392734024180129e+01 2.222182739203839574e+01
1.887319802117150047e+01 2.218110407406669538e+01
1.887572341327318171e+01 2.156613692835862395e+01
1.888160594918833723e+01 2.186377108447979367e+01
1.888696691791482607e+01 2.233183434548019619e+01
1.889354530868163096e+01 2.196760699476631373e+01
1.890110867507318559e+01 2.218644175066996382e+01
1.892217874216189344e+01 2.232901557405167381e+01
1.892477772370977362e+01 2.216032589145456910e+01
1.893456163528631464e+01 2.177002297150000842e+01
1.896689756760523693e+01 2.205609804088858894e+01
1.899043404704012517e+01 2.196374107856326319e+01


1.700259094828009410e+01 2.207044225134054827e+01
1.701801785443057113e+01 2.211296678789756953e+01
1.703794448663468231e+01 2.188939584226142188e+01
1.704991860309537088e+01 2.184883216172340070e+01
1.708423588044498231e+01 2.189526190694073549e+01
1.709093067251142628e+01 2.161158969771561544e+01
1.709681245906609348e+01 2.176231134917355092e+01
1.710633840399402317e+01 2.230857393469069194e+01
1.714243371315327025e+01 2.240996777302537524e+01
1.714629508496451749e+01 2.245769251404545130e+01
1.714737324915830285e+01 2.154267481970695641e+01
1.715525270829908422e+01 2.206057036814071282e+01
1.715538181979041354e+01 2.246538719944530271e+01
1.715867366770069680e+01 2.240400758368968681e+01
1.716721907675752234e+01 2.182982423956059748e+01
1.717149517982281282e+01 2.156111325561250425e+01
1.717845501775890327e+01 2.215480527326080207e+01
1.718875977186142379e+01 2.193000964830313393e+01
1.719362561230076025e+01 2.221464777264318613e+01
1.721521762246010923e+01 2.244099709829900391e+01
1.723136077098253338e+01 2.165388313823065047e+01
1.723760625375977895e+01 2.229451259331880664e+01
1.724429305752806840e+01 2.199676317981704088e+01
1.724796917611894997e+01 2.180106790963347407e+01
1.725859916057795118e+01 2.221270586355054277e+01
1.726431991605454286e+01 2.195580377331206279e+01
1.726815504254376421e+01 2.225136108939008039e+01
1.726870303157178554e+01 2.247418156267941569e+01
1.727188078998559817e+01 2.219465355594834932e+01
