6.981787815624643123e+00 3.121470265153907420e+01
6.987565198888123774e+00 3.143292811964096600e+01
6.991047967141901687e+00 3.040299852911098100e+01
7.004529444491558898e+00 3.113609465607225246e+01
7.005981444648696765e+00 3.068289394800181213e+01
7.006738771945563826e+00 3.118203590911134881e+01
7.006785188595181069e+00 3.146364498477473504e+01
7.009962229041210691e+00 3.103512878366724692e+01
7.015782147175949390e+00 3.151063817679169077e+01
7.016321680098338121e+00 3.109245397744471617e+01
7.017495677875021265e+00 3.194278772561159130e+01
7.022060180269074081e+00 3.139530693992449883e+01
7.023384969219196527e+00 3.036647695555653215e+01
7.025257335847558515e+00 3.111372883790545174e+01
7.029400430891461937e+00 3.035656579712383873e+01
7.035039566150221191e+00 3.128170671854099183e+01
7.042040060450908356e+00 3.185422792377780254e+01
7.042481734423079232e+00 3.150906544609852489e+01
7.046168846715399781e+00 3.111799819803773204e+01
7.048019342504854734e+00 3.197046370784476821e+01
7.053881927872310165e+00 3.104160258697509889e+01
7.059703386648129353e+00 3.127314793486603861e+01
7.061438508157745098e+00 3.097289093835129847e+01
7.062137729179186252e+00 3.069981154718126604e+01
7.067539914589820782e+00 3.122273145333990740e+01
7.070179868115361366e+00 3.101111775892447042e+01
7.076608950538465947e+00 3.105834960600648031e+01
7.078971542155972685e+00 3.024664473898193862e+01
7.083395624607725871e+00 3.043534428830565020e+01
7.086295156782735916e+00 3.104366887296582078e+01
7.088300324487881277e+00 3.109240877109172985e+01
7.090142433781720932e+00 3.153458835907293789e+01
7.094809974858707236e+00 3.086512741323882381e+01
7.096022531858500848e+00 3.006136272654753583e+01
7.099828208110656291e+00 3.060853304368016126e+01
7.101359024967369926e+00 3.103920067233080715e+01
7.130018904162878535e+00 3.118435168819838310e+01
7.137609319726882617e+00 3.077919436937149555e+01
7.141996276079523476e+00 3.116159881212704619e+01
7.142149918109318207e+00 3.165166188441993711e+01
7.142217715944602752e+00 3.138016293629162590e+01
7.143341090123487724e+00 3.048902965696315448e+01
7.143792184719427674e+00 3.113753066966761551e+01
7.148292790947937014e+00 3.192066893461826282e+01
7.148357371075976019e+00 3.115159386803195574e+01
7.158077505907910698e+00 3.050930185056192201e+01
7.167435295147415175e+00 3.060083360785526452e+01
7.168525222530300667e+00 3.103351451639744241e+01
7.179524877494805501e+00 3.178630907163254449e+01
7.183335434287365651e+00 3.142373245615781130e+01
7.192363299097539908e+00 3.121831806972194912e+01
7.196835903640040222e+00 3.168133993846744190e+01
7.207394755601380432e+00 3.020568440831707235e+01
7.208618787675488804e+00 3.061735082638143624e+01
7.211581004437306319e+00 3.062374986775479258e+01
7.213031669731793549e+00 3.086114380320568173e+01
7.214239477182186278e+00 3.131574605519002219e+01
7.216916581266810127e+00 3.123156411901409157e+01
7.218869727423128602e+00 3.108758896107055136e+01
7.219209623526501751e+00 3.061841150640270470e+01
7.222061399063870013e+00 3.194191684372851725e+01
7.228125559391241239e+00 3.142619266859275484e+01
7.233269116839164958e+00 3.088348584403369301e+01
7.233699259677397464e+00 3.011560381154390953e+01
7.241532455295699222e+00 3.194881520749411763e+01
7.245271113157654597e+00 3.124206674967900454e+01
7.252898666227607372e+00 3.122718827874896164e+01
7.257646056562371939e+00 3.159424187935458406e+01
7.262114958801804576e+00 3.148485954068694426e+01
7.265509334549800968e+00 3.091578558316448166e+01
7.266471702873357863e+00 3.037490253359207060e+01
7.267824519679528805e+00 3.097685379857933796e+01
7.271205854086146836e+00 3.105130416183236619e+01
7.272681231062927409e+00 3.190282166205501824e+01
7.274503549250751711e+00 3.149180132895605055e+01
7.276224389834365702e+00 3.131065160724597618e+01
7.276721566808700636e+00 3.018346090644752522e+01
7.280841507036608817e+00 3.036365244734248847e+01
7.289342158382059012e+00 3.071831657794663428e+01
7.291253726818800018e+00 3.176338309759571743e+01
7.293901468956853762e+00 3.108070346841233089e+01
7.297128840370481484e+00 3.169868339651322486e+01
7.298864913593937409e+00 3.126905430732795566e+01
7.301760277567409751e+00 3.032486671347440321e+01
7.307115715928974353e+00 3.085616175670330819e+01
7.310765780817557236e+00 3.045757394876160618e+01
7.311823985605180098e+00 3.118908982885474757e+01
7.315982464230303961e+00 3.054450112483349855e+01
7.317251799976182802e+00 3.115900889939541329e+01
7.319159974973416638e+00 3.144981203009921700e+01
7.331932465736406890e+00 3.179339232062999088e+01
7.336526214989945949e+00 3.093409630367922247e+01
7.338292379454316894e+00 3.148999687581081730e+01
7.338862929917740807e+00 3.083858781777606950e+01
7.339570967338742591e+00 3.111988690130891655e+01
7.340976648208521027e+00 3.139637633822550811e+01
7.342069756698762717e+00 3.168955508566154222e+01
7.342257337150395635e+00 3.094838808904497540e+01
7.347377739574577404e+00 3.128347710925788405e+01
7.363313956359906598e+00 3.112873177608714315e+01
7.364419842362985413e+00 3.169475590988368907e+01
7.368710647700845051e+00 3.124785499139651179e+01
7.371050124416703930e+00 3.144913393352378250e+01
7.373280223019319735e+00 3.025844076851461040e+01
7.373971647989474576e+00 3.151202275787705887e+01
7.376894859951515393e+00 3.039839438394091786e+01
7.382302158071921916e+00 3.149076113226589513e+01
7.383678843451019880e+00 3.150270007656048676e+01
7.387796219065020153e+00 3.119692232135307108e+01


7.393611036362626621e+00 3.026904937741712232e+01
7.394950786502381135e+00 3.066335964179275919e+01
7.403690664114401798e+00 3.010557276733491250e+01
7.406645259254385216e+00 3.161620292678048116e+01
7.416247178262273643e+00 3.128966213813693287e+01
7.423845138497660479e+00 3.094999426408876886e+01
7.434524596655570861e+00 3.154497070834602468e+01
7.441816751099871396e+00 3.079348184388000220e+01
7.443212136572474158e+00 3.108334262421138305e+01
7.447258893064896412e+00 3.183786368027806191e+01
7.449613156380344492e+00 3.181177571027806295e+01
7.454089349521846763e+00 3.077273188290400086e+01
7.454873987724709217e+00 3.139359151595516906e+01
7.456836174026101105e+00 3.033963441822359286e+01
7.460630291052352980e+00 3.185420030204445396e+01
7.462245835139297512e+00 3.130005698229396316e+01
7.474774038848001290e+00 3.107204727023511026e+01
7.484335872207698692e+00 3.178917435977781381e+01
7.496554455948418294e+00 3.047171680416114725e+01
7.497272627054334393e+00 3.183141048836455056e+01
7.504834813033345320e+00 3.094249669003680481e+01
7.507622142482047067e+00 3.061648472725396886e+01
7.513605447007630112e+00 3.168717810358112530e+01
7.513962057786930160e+00 3.079079552545596954e+01
7.522006295054418423e+00 3.119847194548578528e+01
7.526336655181446567e+00 3.084081817716736396e+01
7.526857006021012708e+00 3.065341786396187018e+01
7.528138900641255127e+00 3.046182661499445388e+01
7.529276184222964297e+00 3.166989055673169418e+01
7.532824193590854200e+00 3.126374291366236946e+01
7.537700180829534524e+00 3.071674197565825537e+01
7.541209572606124567e+00 3.031466847333096837e+01
7.557266164722861390e+00 3.030658221066748226e+01
7.563948329880922472e+00 3.153141047413931730e+01
7.567242243936441071e+00 3.035856034410202042e+01
7.567421916196515497e+00 3.134703724886896836e+01
7.573142011173264798e+00 3.134129062609765981e+01
7.578732570999672902e+00 3.163423474504874022e+01
7.583080295194806197e+00 3.022979712960752963e+01
7.583505372655130472e+00 3.114592472722669214e+01
7.600216006782397393e+00 3.034437897874327206e+01
7.601284646795895661e+00 3.047529469578536521e+01
7.601335186400129729e+00 3.144323185176563484e+01
7.609713070858225237e+00 3.054080541662324677e+01
7.611356522467801256e+00 3.072170740091473462e+01
7.617898220144804000e+00 3.157913620987470082e+01
7.633768229769429148e+00 3.083708685611441425e+01
7.646637214475630273e+00 3.060087623615636687e+01
7.647298228700820211e+00 3.128214165284402171e+01
7.652740802824562927e+00 3.085642285238666460e+01
7.653521076833730952e+00 3.135628920076668535e+01
7.661954939204625781e+00 3.110988812448208662e+01
7.667892288923033206e+00 3.053775032548372792e+01
7.668742120363435610e+00 3.031182541798145635e+01
7.672749327794850416e+00 3.030720907786601970e+01
7.675435613199351081e+00 3.063126277651705465e+01
7.678184892367660552e+00 3.150102163844837833e+01
7.679867389647496267e+00 3.060556076270483317e+01
7.681573372932395394e+00 3.151384866555731890e+01
7.682727684209464059e+00 3.055845786831533317e+01
7.684818858148988241e+00 3.096057974738198837e+01
7.688477809154502296e+00 3.075303387439499758e+01
7.688677493071570446e+00 3.112241028020222799e+01
7.698417611015112350e+00 3.029139313045661552e+01
7.701628527101028965e+00 3.068857362792921251e+01
7.702842635722534581e+00 3.082633627549017064e+01
7.707337355812502011e+00 3.071591362195054487e+01
7.710211217424572716e+00 3.139362883447913788e+01
7.711938953265342178e+00 3.168873493285762066e+01
7.716430704682506025e+00 3.093764492924168508e+01
7.733842722906039135e+00 3.075907777779031349e+01
7.752506746065193965e+00 3.134506249963296298e+01
7.759091772844445956e+00 3.060008907115764032e+01
7.761622810353095758e+00 3.161397374183448505e+01
7.779331976104742807e+00 3.146765869200942944e+01
7.780548520583290717e+00 3.150893502792369816e+01
7.781075013497176229e+00 3.042516347086137785e+01
7.797169720218414035e+00 3.144725520623217463e+01
7.799599265952974037e+00 3.089958975820004738e+01
7.800776187791143457e+00 3.109280447206679909e+01
7.811724100038061280e+00 3.136220892798464632e+01
7.819688496468936378e+00 3.045079616292441926e+01
7.820821177312867079e+00 3.105419911555226165e+01
7.821223958307792934e+00 3.084181480522161678e+01
7.841606822681195688e+00 3.114879002387208828e+01
7.854572435487557236e+00 3.061461945265019935e+01
7.854647479791987408e+00 3.086306490351647369e+01
7.857093925205320240e+00 3.125439010799253481e+01
7.858496433222018851e+00 3.076404202777677810e+01
7.865074997312575533e+00 3.078790803628324468e+01
7.891113262509952264e+00 3.144554654466756105e+01
7.898371360329194957e+00 3.098206056169148681e+01
7.902469385102881994e+00 3.091857854797543581e+01
7.903049746888724414e+00 3.142487165643957425e+01
7.911236622462017642e+00 3.136901604692418388e+01
7.913334200768806781e+00 3.079592403844003456e+01
7.920829964597885464e+00 3.134615454377743404e+01
7.921406517609653086e+00 3.081883125607022933e+01
7.930893397902978315e+00 3.067144609244691367e+01
7.931066883906646936e+00 3.095006752778654047e+01
7.937477143318417028e+00 3.100251917079831898e+01
7.938269530182140876e+00 3.113848655516469677e+01
7.994324729638124793e+00 3.093383047875303760e+01


1.003272090977388409e+01 3.111659561912228256e+01
1.003763249080396136e+01 3.124370400136820081e+01
1.006548431798611709e+01 3.099022057136715347e+01
1.007604137508564790e+01 3.103551459721662553e+01
1.008634215821195390e+01 3.124390774378285585e+01
1.009456204592002315e+01 3.074694171308906476e+01
1.011718152500343848e+01 3.096908836138869248e+01
1.011857977830726441e+01 3.128090485376019814e+01
1.012635080076912075e+01 3.131479563241711261e+01
1.014383048769889939e+01 3.125978193694901108e+01
1.014551679485940028e+01 3.137215265965460276e+01
1.015799132469038213e+01 3.122451150398701714e+01
1.016919835573024500e+01 3.146401521056474238e+01
1.017153162497506180e+01 3.085146704407801721e+01
1.019084245017020507e+01 3.139000345414807924e+01
1.019550104559401760e+01 3.074656898818315298e+01
1.020586280672014468e+01 3.151165905686310964e+01
1.021255435617189100e+01 3.123777022861720809e+01
1.021863774777498790e+01 3.158780869186050211e+01
1.022467460927705218e+01 3.095464781340676907e+01
1.023850394225546978e+01 3.129175356593923496e+01
1.024386761789033606e+01 3.073781836102839904e+01
1.024619310087429902e+01 3.042312564699532018e+01
1.025310656322700886e+01 3.061555211445867286e+01
1.025532719213727617e+01 3.146460403084078550e+01
1.026114707565929329e+01 3.111189653344157691e+01
1.026524584724082700e+01 3.110487350391681716e+01
1.026950176683205029e+01 3.054946005838845124e+01
1.027016864396898477e+01 3.074846993466278988e+01
1.027842561858993342e+01 3.091459501412499122e+01
1.028681837238249841e+01 3.128580649759336652e+01
1.028730499308821322e+01 3.108270078352093790e+01
1.029154561028733994e+01 3.166403170893658370e+01
1.029594220243937563e+01 3.033735248273428908e+01
1.030161843800581600e+01 3.049545979859342637e+01
1.030739855837099839e+01 3.102973463916715602e+01
1.030823688862029108e+01 3.145852708939727904e+01
1.031026211280993898e+01 3.055770274836308786e+01
1.031466392021051171e+01 3.059366028750014976e+01
1.031574344803512666e+01 3.058950152534627165e+01
1.031651279339194360e+01 3.168833394786955182e+01
1.032332231942979206e+01 3.062748398706075648e+01
1.032410793576027963e+01 3.036434074252565551e+01
1.033854593269476752e+01 3.101612378647637769e+01
1.033861586433212310e+01 3.037157624436680337e+01
1.033938083268584940e+01 3.120622009511745887e+01
1.034217177576377544e+01 3.163740213525701961e+01
1.034278646199965479e+01 3.083265656024241252e+01
1.034460943979700787e+01 3.102875937643456439e+01
1.034474248280931441e+01 3.054983980676410837e+01
1.034506788465670368e+01 3.086071645879703951e+01
1.034851846754055771e+01 3.173843944609112455e+01
1.038329947161783551e+01 3.062065106267286296e+01
1.038750147611856178e+01 3.140420449111205414e+01
1.038839065969270870e+01 3.160820087006522527e+01
1.038864702593371447e+01 3.037448680070646745e+01
1.039961415333613992e+01 3.042626722687169405e+01
1.040084198861785403e+01 3.147349808979294039e+01
1.040246996001170388e+01 3.153245979322115744e+01
1.040250807425971580e+01 3.025387068784670319e+01
1.042110219637747015e+01 3.158435858476043379e+01
1.044403821484147343e+01 3.121300627746583700e+01
1.045256212816847174e+01 3.163613827793832201e+01
1.045585637493589815e+01 3.143835650143292426e+01
1.045737679077008053e+01 3.121156365190435622e+01
1.046045036399750039e+01 3.097424263452128201e+01
1.046794300466900118e+01 3.104703169752527359e+01
1.047377525875297444e+01 3.097717668091308241e+01
1.047475238735451342e+01 3.019537250541461759e+01
1.047605945548865591e+01 3.070436229975561560e+01
1.047738523908822117e+01 3.053605110558756053e+01
1.047925313204544473e+01 3.122752995662354891e+01
1.047961498090087318e+01 3.053013908575794844e+01
1.048779149453668502e+01 3.155548611533161818e+01
1.049127233219232025e+01 3.067341203210637346e+01
1.049354637879574348e+01 3.048288477361932891e+01
1.049399815188878193e+01 3.119747720130564872e+01
1.050007469676596195e+01 3.178630350979026531e+01
1.050484149886166207e+01 3.022433149905808136e+01
1.050800487716145604e+01 3.136240552460269271e+01
1.051137572200644321e+01 3.141863816400622866e+01
1.051159628564225379e+01 3.017920455280429337e+01
1.051702855805395664e+01 3.013002172373270682e+01
1.053925908577383019e+01 3.169558597578389225e+01
1.053967742532876883e+01 3.150229989943798969e+01
1.054182810174534701e+01 3.179598563323843052e+01
1.055230268073498934e+01 3.152260971727750061e+01
1.055563957408358178e+01 3.183875382556906786e+01
1.056095783237415020e+01 3.114647964394407964e+01
1.056901142234983482e+01 3.120097660705833675e+01
1.057399949682512563e+01 3.041538432692495775e+01
1.057458863327773813e+01 3.024019711752839612e+01
1.057797069375003218e+01 3.026971739243609960e+01
1.058036759168298069e+01 3.108778861098154778e+01
1.058631522439095818e+01 3.159913619261312334e+01
1.058997015258285224e+01 3.076844831088444110e+01
1.060088419866662512e+01 3.061357229212197240e+01
1.060352985693024408e+01 3.059245870694550362e+01
1.060927770037645246e+01 3.028325183384660946e+01
1.061272950798399961e+01 3.156275006584480991e+01
1.062073746526453988e+01 3.075143535421269547e+01
1.062282767183207532e+01 3.107682627288503241e+01
1.062789662099998900e+01 3.161857056974345426e+01
1.063870732842865507e+01 3.154650480204042040e+01
1.064405312687360450e+01 3.176530090689534092e+01
1.064455823488078501e+01 3.114384785457072624e+01
1.064882572749118417e+01 3.050136741735619239e+01
1.064942170114994724e+01 3.048876246914772992e+01
1.065341197586401734e+01 3.153166960940355423e+01
1.065836514848124317e+01 3.012770718756141974e+01
1.066137136715284228e+01 3.193338312070837759e+01
1.066307973609723092e+01 3.061095325305797843e+01
1.066624627539581738e+01 3.122392728211297808e+01
1.068308627690367629e+01 3.156283878996540082e+01
1.068594124237004372e+01 3.096501924157578856e+01
1.069383551650264330e+01 3.102491575074930097e+01
1.070528325141461679e+01 3.049291083586689410e+01
1.071490825356707965e+01 3.090874615717808283e+01
1.072606560213605320e+01 3.063276466256337827e+01
1.073682571522320117e+01 3.093935960703429799e+01
1.073941297126120098e+01 3.045807930592734181e+01
1.074345476281072820e+01 3.102170880495295791e+01
1.074703345626099882e+01 3.085365869900175895e+01
1.074894414243642160e+01 3.078108597474169272e+01
1.075000807900640076e+01 3.084957375920546241e+01
1.075016293882069363e+01 3.063936938861159121e+01
1.076339485512241723e+01 3.060646975113435175e+01
1.076398549841685437e+01 3.089892489670590692e+01
1.076428969257447754e+01 3.112605437919645013e+01
1.077903921962577805e+01 3.145068414474427954e+01
1.078387489335803018e+01 3.133252919573509132e+01
1.078475797205795850e+01 3.120086643753465694e+01
1.079572739704692452e+01 3.171146863307147967e+01
1.080122439814733148e+01 3.068794172020318456e+01
1.081520124165932195e+01 3.065384820570967861e+01
1.081930585322752414e+01 3.116662286788037406e+01
1.082258403744747532e+01 3.102141693794169441e+01
1.082560526643997179e+01 3.069580904855038384e+01
1.082784838156754681e+01 3.157149729116846615e+01
1.083432692286080012e+01 3.115925379148989904e+01
1.083628301315853548e+01 3.098398837133543182e+01
1.083873569952514693e+01 3.093824951185926864e+01
1.084252601967230589e+01 3.169838904956567305e+01
1.084362705224677370e+01 3.091378610532345661e+01
1.084478471223791729e+01 3.140605995539455719e+01
1.084496436396754859e+01 3.055295028685639735e+01
1.084527910704660592e+01 3.112294936274478374e+01
1.084559870469854381e+01 3.146803361688536071e+01
1.085259362286009299e+01 3.123623809492681858e+01
1.085455876109069706e+01 3.173468439506538985e+01


1.085649410845825003e+01 3.113106461609821096e+01
1.085926252040082218e+01 3.043318303725029139e+01
1.086311392385113272e+01 3.166229704646645615e+01
1.086626300443042403e+01 3.112014229862835180e+01
1.087381598602284605e+01 3.068799850987449673e+01
1.087437336165518786e+01 3.112544036953015336e+01
1.087935392880811492e+01 3.087806320610624766e+01
1.088251957957599458e+01 3.193745128926190802e+01
1.088554965589147905e+01 3.002425126256927612e+01
1.088709055032525796e+01 3.168718810751492043e+01
1.088719264891992822e+01 3.112540023284721258e+01
1.088965144167230825e+01 3.060602815570533508e+01
1.089255676270616924e+01 3.051221229540212221e+01
1.089583274901944066e+01 3.110108326755294783e+01
1.089999200283395453e+01 3.133465426133636456e+01
1.090022353414640044e+01 3.027840067974691607e+01
1.090282782607838996e+01 3.139344525834810540e+01
1.090348141738332544e+01 3.038407714130200787e+01
1.091307026216609977e+01 3.133568645343748571e+01
1.091686447087947620e+01 3.081290284122485801e+01
1.091738275623829679e+01 3.132018954300334812e+01
1.092267169345195832e+01 3.055641273185419493e+01
1.092359403115092320e+01 3.068159057884697916e+01
1.092394935774066766e+01 3.096994805343786794e+01
1.092479836649089719e+01 3.098643268899397896e+01
1.093160976682767149e+01 3.052711431507739448e+01
1.093420550903383237e+01 3.114521910911001967e+01
1.093830721468770228e+01 3.062424197206174270e+01
1.094344734116073425e+01 3.090164295943256789e+01
1.094651875322885637e+01 3.093783692756851877e+01
1.095042052305930547e+01 3.151774752100471488e+01
1.095184877892435615e+01 3.070980523515315497e+01
1.095839790612905773e+01 3.145587291792886120e+01
1.096404957376719125e+01 3.117735990321346051e+01
1.096840487005463771e+01 3.158647876678681854e+01
1.097054424850612264e+01 3.023651728143904549e+01
1.097460213672815676e+01 3.196707169843893936e+01
1.097506248247663585e+01 3.135501995518657026e+01
1.097610597816277078e+01 3.189148305050337839e+01
1.097778971834212847e+01 3.081049490390093837e+01
1.098831682716477687e+01 3.034761110042662935e+01
1.099569892029605889e+01 3.138009781435702550e+01
1.099770015898015352e+01 3.076085332643012649e+01
1.099858003262048278e+01 3.173782815891791032e+01
1.100356282871259417e+01 3.014357091376485442e+01
1.100777914097611365e+01 3.156987714469222084e+01
1.100875273877167970e+01 3.194071575954967557e+01
1.100900520262642246e+01 3.022583629223402113e+01
1.101591398699801161e+01 3.198589924642484306e+01
1.101592831968019226e+01 3.167067183161517363e+01
1.101766201866943717e+01 3.023561913327669970e+01
1.102582473480579139e+01 3.147188458257278754e+01
1.102897958183530847e+01 3.102067799786896529e+01
1.102957503994045396e+01 3.086116364766779441e+01
1.103033405024072700e+01 3.197013349866164944e+01
1.103973715247776433e+01 3.066737957284921734e+01
1.103986668528874482e+01 3.083361325148761978e+01
1.104642154089794381e+01 3.190414479030237516e+01
1.104669838069406040e+01 3.072669640980834771e+01
1.104724702419452953e+01 3.156854457422904048e+01
1.105114837238523151e+01 3.088081693389576898e+01
1.105417339183255265e+01 3.116921614144629871e+01
1.106051279055543191e+01 3.119797130094852022e+01
1.107024848839812314e+01 3.133654572769087920e+01
1.107828601075185126e+01 3.191996025636351675e+01
1.108947806774950351e+01 3.095683894294385397e+01
1.109075519677968025e+01 3.112087086958590021e+01
1.109096047204289270e+01 3.075246448068216054e+01
1.109240407201561673e+01 3.081322936780120259e+01
1.109519729901108676e+01 3.192636714233399076e+01
1.109797650111871548e+01 3.025466590701539005e+01
1.110031678422975610e+01 3.069116039029089293e+01
1.110108092847422512e+01 3.194698163234111377e+01
1.110887262992011060e+01 3.101173840385744995e+01
1.111000262580343545e+01 3.132054688342623194e+01
1.111078730040467732e+01 3.051300143112230501e+01
1.111284922702136591e+01 3.097441191486334233e+01
1.111337550219724157e+01 3.010036062775169086e+01
1.111559307818382614e+01 3.134512326544158256e+01
1.111864811155194488e+01 3.146591546929756333e+01
1.111976562362505305e+01 3.181243985620022841e+01
1.112373703476764319e+01 3.147129600398306337e+01
1.113345365608466153e+01 3.136729382162802438e+01
1.113791348352241073e+01 3.065363225799126567e+01
1.114347581142035537e+01 3.184435764634089594e+01
1.114493262520732486e+01 3.135657161255998915e+01
1.114879104524163367e+01 3.057524932341027935e+01
1.114990683224282186e+01 3.113638558830441383e+01
1.115712758419487471e+01 3.038219473050945396e+01
1.115828722971354914e+01 3.075234080978135509e+01
1.115994900925529620e+01 3.132059174530613532e+01
1.116161908382159673e+01 3.193008525832685862e+01
1.116238191251856193e+01 3.035807432209613310e+01
1.116298238143861354e+01 3.086016153849845978e+01
1.116951955587841638e+01 3.192127266151464582e+01
1.117478664296592683e+01 3.198339310937327795e+01
1.117524668080615768e+01 3.108195962453431349e+01
1.117585577770304894e+01 3.071169281365266812e+01
1.117784218639824090e+01 3.036951273449526312e+01
1.117985289087422451e+01 3.116764236332202387e+01
1.118761047775487327e+01 3.018776817014870062e+01
1.118951342949020855e+01 3.104822128965232508e+01
1.118995519462791854e+01 3.045785495145879906e+01
1.119186683378118552e+01 3.063904810519536781e+01
1.119337226153966292e+01 3.176608581584002877e+01
1.119557169889511705e+01 3.025473072266234809e+01
1.119586715464312299e+01 3.155244454535242937e+01
1.119727573040838742e+01 3.041645480679088465e+01
1.120336370657835623e+01 3.115833204835386994e+01
1.120465604375484148e+01 3.138027868250781083e+01
1.120842525736570572e+01 3.038477181168106256e+01
1.121517159778017714e+01 3.039277432135280321e+01
1.121680645703099621e+01 3.116062610739637861e+01
1.121768843988055586e+01 3.182531482929159239e+01
1.122532899200816559e+01 3.084191149361726048e+01
1.122665056849987053e+01 3.163406640605925801e+01
1.123098016524535048e+01 3.174105876607612942e+01
1.123684965090355092e+01 3.116644107523915608e+01
1.124386210203401326e+01 3.022923060847843502e+01
1.124561174343888403e+01 3.041344843571769019e+01
1.126026078241589623e+01 3.098330147523689249e+01
1.126092103302461211e+01 3.166081872039574918e+01
1.126317919246359978e+01 3.096074257260255891e+01
1.128262419375987768e+01 3.036042218914983692e+01
1.128321476462456197e+01 3.047120143157820138e+01
1.128490627226771004e+01 3.066972859130848406e+01
1.128521209403354497e+01 3.042706555548238612e+01
1.129739513273901430e+01 3.074378247591964453e+01
1.129960661981363579e+01 3.148099991488417260e+01
1.130196527636802806e+01 3.043251418128784280e+01
1.130562490100162698e+01 3.108754423924807497e+01
1.131015901044652061e+01 3.173287120174822462e+01
1.131098343847983934e+01 3.138631443657233433e+01
1.131175430134410931e+01 3.082207041064265240e+01
1.131550711992700364e+01 3.077903583106111896e+01
1.131714362347205594e+01 3.100143465696247702e+01
1.132113153344208989e+01 3.117413818334553000e+01
1.132227321440362822e+01 3.169300369834700959e+01
1.132708280620027885e+01 3.047586093658141237e+01
1.132951830315210273e+01 3.030704969515048219e+01
1.133227964570690283e+01 3.142092652495614402e+01
1.134776416586496595e+01 3.098751611110476745e+01
1.134852917313301468e+01 3.141886875932048540e+01
1.134877310290098151e+01 3.081441364844775777e+01
1.135173129167148964e+01 3.154025905611635849e+01
1.135526473101055167e+01 3.140275888887806843e+01
1.135662708596183457e+01 3.136005883858357279e+01
1.136690959030852000e+01 3.022979586105034855e+01
1.136994204047305779e+01 3.107314053472699200e+01
1.137057624577448145e+01 3.099843426698087967e+01














1.853050258175710141e+01 3.138607535089958134e+01
1.853063778752102664e+01 3.157650676192658068e+01
1.853371579407465219e+01 3.179592092756374200e+01
1.853632102568554174e+01 3.257694421953758024e+01
1.853869098996121778e+01 3.163594625130732396e+01
1.854043605389545490e+01 3.231281969239903873e+01
1.854275878482830464e+01 3.231365284757504241e+01
1.854381999256204949e+01 3.196849087679530044e+01
1.854740584762211242e+01 3.255518949708864085e+01
1.855404437256843408e+01 3.125427047247292123e+01
1.855493957407069061e+01 3.195088410030653492e+01
1.855855162286043836e+01 3.265399172185895083e+01
1.856099677197479281e+01 3.120797300449662615e+01
1.856452835736056528e+01 3.210785472097582982e+01
1.857404747930021927e+01 3.154367623774265539e+01
1.857841207180847576e+01 3.141475524958282506e+01
1.858470480362721489e+01 3.190783371299234616e+01
1.858628409154053784e+01 3.143570090133103179e+01
1.859381573994750170e+01 3.178096240652741500e+01
1.859729070285999342e+01 3.178743058152832646e+01
1.860028674471009680e+01 3.169536516696608786e+01
1.861128401140705790e+01 3.134506114018353173e+01
1.861210025824362546e+01 3.174147593741570716e+01
1.861422277288598082e+01 3.159829561712601276e+01
1.861876845088768917e+01 3.146942011508686221e+01
1.861990157183588579e+01 3.155510319721156876e+01
1.862283630898022579e+01 3.247766521575273657e+01
1.862680623229099197e+01 3.156307844982820043e+01
1.864152964048681582e+01 3.189292477880736243e+01
1.864155690969391443e+01 3.235187907338799818e+01
1.864290238875330630e+01 3.141137213406693363e+01
1.864395195780837255e+01 3.184813432254210142e+01
1.864763462105957714e+01 3.234478821808475857e+01
1.866873637128371399e+01 3.229661484771548174e+01
1.868010626841298816e+01 3.159176240186937079e+01
1.868117824468569665e+01 3.239114329080290133e+01
1.869023186798243685e+01 3.210609149648886529e+01
1.869189674854084160e+01 3.173772964621852211e+01
1.869879338654914847e+01 3.130397662309299633e+01
1.870627762803816552e+01 3.215753119053513132e+01
1.870910180443356197e+01 3.145461211442659533e+01
1.873546090501776007e+01 3.265645736060045579e+01
1.873956781267933636e+01 3.208774726575890668e+01
1.874235064097467074e+01 3.194870868241049422e+01
1.875009992373751189e+01 3.231534270342658743e+01
1.875684920949441548e+01 3.180691380362364740e+01
1.875828689228740132e+01 3.195304537992084448e+01
1.876085254382150680e+01 3.160582029698603179e+01
1.876192395819654735e+01 3.195384766255493858e+01
1.876639610041193151e+01 3.202241328785769525e+01
1.877907692611399781e+01 3.174849286210623234e+01
1.878867495314679203e+01 3.153947565690207355e+01
1.879044839296551217e+01 3.253937259396406034e+01
1.880644940883281890e+01 3.240969866617990647e+01
1.881995700864327858e+01 3.151519053497350598e+01
1.883298444390193538e+01 3.197715969119014900e+01
1.883806023744710956e+01 3.216575586386963437e+01
1.884941069818635384e+01 3.189277278778644842e+01
1.885225558238668242e+01 3.242891123708069046e+01
1.885563305114389721e+01 3.241558833108113191e+01
1.885568845167708929e+01 3.155749372182347656e+01
1.886864062595633484e+01 3.232356885890808229e+01
1.886998759865639741e+01 3.161859679177783988e+01
1.887798701098358123e+01 3.152248307953189510e+01
1.888737327092724527e+01 3.224562685632493952e+01
1.888868454859535007e+01 3.196818851544037088e+01
1.889623301775965203e+01 3.221018998183025417e+01
1.890766488407011181e+01 3.233538467471284861e+01
1.891469856624221535e+01 3.181169659604908873e+01
1.893814595875650753e+01 3.192851538233206554e+01
1.896726983449510584e+01 3.208090456326306139e+01
1.897170502828791072e+01 3.221146479632503912e+01
1.897260908642374133e+01 3.192959931384534045e+01
1.897283405438560422e+01 3.193103617223584223e+01
1.898135796573365042e+01 3.183263152401016427e+01
1.899670060530284488e+01 3.195393397938184421e+01


2.704194805754188735e+01 3.025630835150258946e+01
2.704568601601003408e+01 2.987894356036073518e+01
2.705802268193423288e+01 3.020334098815450119e+01
2.708199133123311597e+01 2.995155072012425990e+01
2.709192976098827899e+01 3.032522824504534853e+01
2.709261873508811291e+01 3.034346704806696238e+01
2.710528251464180727e+01 2.966582723654027376e+01
2.712051003514696745e+01 2.962003851915363839e+01
2.712180830633057838e+01 2.964014072536865285e+01
2.712538838948374220e+01 3.009051179590049330e+01
2.713042495113347741e+01 3.042730937978145533e+01
2.713268952435861792e+01 2.985695112610386204e+01
2.713464857392838070e+01 2.997374142939806063e+01
2.713497648383264860e+01 2.958188038476989945e+01
2.713755738047515820e+01 3.030503426946263801e+01
2.713930989699792207e+01 2.992094969022108586e+01
2.714443849621570237e+01 3.033640149174920353e+01
2.714901768972205787e+01 2.949769751886731584e+01
2.715501472384970327e+01 2.967351187532774759e+01
2.715503628578301232e+01 2.972468994033823009e+01
2.717022737357969575e+01 3.010176844569548749e+01
2.717219289580898689e+01 2.979926334375883457e+01
2.718586369477502984e+01 2.985943499803366663e+01
2.719178695836598436e+01 2.956748426757722115e+01
2.720296158016081733e+01 3.004333818175830118e+01
2.721181310439000711e+01 2.994311447540648174e+01
2.722095164175166815e+01 3.012262544136035558e+01
2.722452401706992831e+01 3.000904800956695695e+01
2.722819917877586704e+01 3.029404113901911089e+01
2.723169000671035178e+01 2.993018261251839718e+01
2.723267900553401333e+01 3.002930606229185884e+01
2.724841884666429692e+01 2.988039759156035302e+01
2.725356448026523992e+01 2.999389706391264809e+01
2.725545858719674541e+01 2.948434463249235904e+01
2.726478256443524373e+01 2.985038983110518274e+01
2.726711100762228668e+01 2.993755762629850992e+01
2.727070572439156138e+01 2.950472351190102671e+01
2.727269391070718640e+01 3.031736401796967328e+01
2.727839043637410299e+01 3.043625933108114978e+01
2.728125441119383154e+01 2.957815670575316602e+01
2.728525049568375138e+01 3.057799096940233241e+01
2.729861567168155645e+01 3.018984539606403672e+01
2.730771471523240024e+01 2.977348631407506474e+01
2.732827305325193734e+01 3.021647756316867373e+01
2.733424389877057692e+01 2.960395151775905020e+01
2.734129659782166755e+01 2.965332820781371481e+01
2.734205811596700997e+01 3.037819332036411168e+01
2.734764554840552719e+01 3.054018684679705586e+01
2.735007222120717074e+01 3.001410186107359479e+01
2.735099506708170836e+01 2.972285333411371866e+01
2.735116441437889989e+01 3.032104032484909339e+01
2.736052427645765306e+01 3.059975778210982256e+01
2.736663801601895329e+01 3.040061663987976459e+01
2.737460472394224453e+01 2.960158317766104830e+01
2.737681244386348567e+01 3.028836308959822432e+01
2.737783521498800710e+01 3.040023352503057552e+01
2.739416816794542697e+01 2.951986065501222356e+01
2.739549981285194491e+01 2.925325071487215567e+01
2.739843194557742123e+01 3.050219762382634059e+01
2.740054091271844428e+01 2.944445173853664954e+01
2.740181264114295701e+01 2.939659898821389916e+01
2.740181695078072721e+01 3.050889878275141598e+01
2.741896955474208042e+01 2.989769143127370299e+01
2.742154712501001157e+01 3.008249613055797056e+01
2.742890147856053318e+01 3.036835577851735479e+01
2.743010478300870858e+01 3.013673272545304016e+01
2.743730005203731181e+01 2.933597693942246565e+01
2.743817722015443294e+01 3.067038177284080547e+01
2.744070874961229478e+01 3.058319852602445010e+01
2.744120098485808512e+01 3.070281732647671191e+01
2.744589792077072588e+01 3.037373762373464814e+01
2.745937737491124508e+01 3.008045088346663931e+01
2.746502268502136701e+01 2.988121112841500349e+01
2.746746168645882946e+01 2.962776008123759297e+01
2.747331210522080980e+01 2.959263691686355102e+01
2.747682872245292529e+01 2.941577614954143272e+01
2.747830252559700170e+01 2.918740854266418339e+01
2.748095145780573034e+01 3.053625447702151874e+01
2.748756136365632585e+01 3.069182099638918970e+01
2.749559110500512205e+01 2.970548634988351822e+01
2.749828990103467774e+01 2.994185674472267422e+01
2.750139528693209456e+01 2.941696188092551978e+01
2.750158274459339935e+01 3.071263608729022820e+01
2.750218230196214719e+01 2.996167316578046425e+01
2.750253137726436492e+01 2.924310266222688881e+01
2.750633787272366959e+01 3.061377378143685846e+01
2.750919157856420938e+01 3.011451740576278269e+01
2.750975609680132550e+01 3.021870421620691616e+01
2.751813768715551944e+01 3.067870291493198209e+01
2.752250267930919492e+01 3.005736775924036408e+01
2.752691276202598303e+01 2.952935339247554936e+01
2.752712686545864429e+01 3.043850747942719082e+01
2.752796961561927347e+01 3.027252609950403084e+01
2.753281430880626601e+01 2.964004329556779993e+01
2.753427055609113339e+01 3.023240904473338375e+01
2.754331082865341784e+01 3.051793025777974577e+01
2.755119400830625409e+01 2.987152761035792992e+01
2.755636669649318193e+01 2.946396905228124652e+01
2.756317924433224320e+01 3.008144593861763738e+01
2.756330537509119338e+01 2.995949470836758977e+01
2.757424329201543500e+01 2.974641829304217922e+01
2.758400926226063987e+01 3.084251516216293609e+01
2.758453286101406832e+01 2.961930037303265095e+01
2.758798564567240419e+01 3.008447083382867504e+01
2.760192366334202063e+01 2.983561423661145895e+01
2.760481739067263263e+01 3.045344879378903258e+01
2.760754404394750594e+01 2.956292240091145018e+01
2.760889333674872148e+01 2.977756159837460359e+01
2.760952523040818818e+01 2.920016816993111775e+01
2.761586305048033196e+01 2.987647372790131328e+01
2.761918260622293175e+01 3.016102550193657805e+01
2.762137160363271704e+01 2.962051746469030178e+01
2.762194978580655302e+01 2.921659254279217777e+01
2.762321150939743575e+01 3.060818853724624589e+01
2.762988662622962366e+01 2.957621014689406991e+01
2.763394252560016895e+01 2.968564636156343184e+01
2.763501429183180491e+01 3.044533756071417230e+01
2.764366459149317379e+01 2.992926012639598454e+01
2.765631496450835769e+01 3.046259903178829020e+01
2.766758215212509953e+01 2.984751731494925409e+01
2.766995783659955066e+01 3.020281927961537605e+01
2.769636029901586127e+01 3.057168255812626612e+01
2.769678652522218343e+01 2.938004340644334889e+01
2.769788921730605935e+01 3.044256506253319827e+01
2.771785885116088721e+01 3.076661370259959938e+01
2.771897476886014289e+01 2.969855051285988878e+01
2.772256987868923517e+01 2.916127348205215952e+01
2.772324621613367057e+01 3.053256406848739246e+01
2.772337109659679300e+01 2.924515181780675732e+01
2.772435598588659644e+01 3.018824004373436054e+01
2.772739156684918527e+01 2.914814875845218722e+01
2.772756897418814148e+01 3.016275802609647982e+01
2.773171847953636515e+01 3.004423117049249470e+01
2.774182588027046137e+01 2.972012971789351354e+01
2.775295906705933291e+01 3.013263184696521080e+01
2.775427505035287012e+01 2.988920313838447029e+01
2.776729905470448401e+01 3.091572468106805971e+01
2.776993983773285279e+01 2.960653464875175800e+01
2.777344725152504168e+01 2.906478065519824838e+01
2.777367175193333182e+01 2.971885442319189252e+01
2.777389899152314001e+01 2.956197651127927628e+01
2.777393243272529588e+01 3.042570003605711904e+01
2.777603126364207498e+01 2.999262467606056859e+01
2.778446293520530475e+01 2.941740987841473753e+01
2.779153216351316402e+01 2.926868669205374829e+01
2.779570368188693408e+01 3.009140697865669267e+01
2.779874064349917262e+01 3.051225953089591059e+01
2.781547680806782807e+01 3.093999675396397464e+01
2.782088849941090203e+01 2.935421650424367357e+01
2.782262185984432179e+01 3.050459893728450567e+01




2.834077308546454077e+01 2.938458783314858636e+01
2.834241386313263789e+01 2.955408065717998767e+01
2.834658439548201869e+01 2.932091267492389264e+01
2.834751900860688067e+01 2.992652159857480854e+01
2.835333367856778608e+01 2.995641021685251459e+01
2.835492337599848867e+01 2.964786165972246224e+01
2.835994028218280860e+01 3.027991520623539046e+01
2.836596119930605653e+01 3.086112085032928576e+01
2.836941877005126145e+01 3.019976279225853943e+01
2.837032192288993215e+01 3.024815809835391534e+01
2.837269386887209066e+01 2.994947125301749935e+01
2.837847166210307037e+01 2.982683272539563291e+01
2.838634689041314729e+01 3.067066720270148039e+01
2.838687642208763862e+01 3.011886487183024386e+01
2.839987287220714762e+01 2.950637586415671976e+01
2.840065762347524014e+01 3.062722969916535831e+01
2.840448531747133742e+01 3.086954304836719487e+01
2.840475261849382349e+01 2.920469882497483738e+01
2.841426338117528871e+01 3.019489232599582706e+01
2.841936470604872511e+01 2.919253321017435709e+01
2.841953495011628661e+01 3.010046617713432937e+01
2.842782951463315300e+01 3.059620386757937993e+01
2.843054132764618203e+01 3.031955355495615123e+01
2.843135821364753468e+01 2.938250317255610611e+01
2.843388118741527748e+01 3.083874726459202620e+01
2.844184914238319095e+01 2.988122498203800959e+01
2.844278839320105234e+01 2.994345585137509502e+01
2.846252540212978843e+01 2.950354715371054226e+01
2.847591928487165447e+01 3.017760267557991583e+01
2.847848848704230917e+01 3.071379701026399545e+01
2.848413536942513602e+01 2.981351046836419272e+01
2.848793137585718327e+01 3.016313676112555342e+01
2.848885925346809600e+01 3.021051194679576923e+01
2.849011169111789243e+01 3.029172850331971034e+01
2.849519645849915150e+01 3.012061969220761526e+01
2.850031915910486191e+01 3.026659512405163710e+01
2.850317050423038268e+01 2.998839855323998904e+01
2.852151703991891907e+01 3.004969533490093170e+01
2.852456174143959799e+01 2.974448127351005766e+01
2.852489039224017020e+01 3.063985332821461682e+01
2.852768904070103417e+01 3.077606245233654647e+01
2.852945455507779116e+01 3.005362094472124213e+01
2.852987744230483003e+01 3.048077750306574174e+01
2.853067110957004715e+01 3.048114948804504820e+01
2.853662102138095591e+01 3.034646053584286207e+01
2.853934348843414526e+01 3.062446439319318969e+01
2.854386468468429072e+01 2.982636485722642661e+01
2.855057061435400456e+01 3.043688507178205072e+01
2.855422116075168759e+01 2.970980219699043801e+01
2.856476527074893923e+01 2.985564651068380471e+01
2.857190196094628121e+01 3.055838023172827533e+01
2.858638351393403454e+01 2.946742703319235090e+01
2.858755809622477884e+01 3.035857433584161313e+01
2.859277932518048715e+01 3.042162348140762518e+01
2.859722962536460145e+01 2.985070472696151000e+01
2.860827419812478922e+01 3.009687870448970770e+01
2.861043960250599838e+01 3.051225661911575671e+01
2.861179776771221484e+01 3.024852364007806571e+01
2.862174581740083923e+01 2.958679336598338239e+01
2.862353438975092956e+01 2.998281941088580993e+01
2.862914347485467559e+01 2.987828958360710629e+01
2.863172597582137868e+01 2.975606552288308038e+01
2.863835772461536422e+01 3.007165135375800702e+01
2.864218831584751612e+01 2.972684519818100668e+01
2.865133082270382303e+01 3.022361690724734018e+01
2.865196729491488625e+01 2.959529489990352147e+01
2.867344081303974690e+01 3.047805737401919401e+01
2.867443037261684680e+01 3.060569848801361914e+01
2.867959688479765390e+01 3.008357844060726194e+01
2.868039684635615316e+01 2.932438508696449730e+01
2.868320773038352201e+01 2.928254795112686182e+01
2.868451149104570774e+01 3.041788799024545042e+01
2.868758386700606877e+01 3.003846277665042663e+01
2.869392855520063179e+01 3.003483798921930870e+01
2.869930954004995627e+01 2.932029415902108127e+01
2.870066641074424751e+01 2.991610807154034646e+01
2.870772572163669878e+01 3.018030828650748632e+01
2.871278801138486614e+01 3.065503661598950913e+01
2.871925902673380904e+01 2.981217182834891233e+01
2.872630322928258551e+01 3.030383318820880234e+01
2.873847710087841634e+01 3.052905203619195262e+01
2.874863066170684434e+01 2.945452079753107100e+01
2.875074752328949756e+01 3.047162770392763775e+01
2.875586736061908866e+01 3.051005792609409184e+01
2.875771456144430260e+01 3.006306245420644174e+01
2.876940954226637004e+01 3.026565646292400302e+01
2.877126635207055827e+01 3.027071865684212071e+01
2.877323707082732795e+01 2.979572006793956263e+01
2.877865354292407574e+01 2.991669895682371560e+01
2.879271357015782939e+01 3.012280090111533326e+01
2.879553573484880147e+01 3.037254495892642225e+01
2.881171639858275668e+01 2.941685897118416904e+01
2.881485719199169182e+01 2.971160646889346424e+01
2.882364310358236636e+01 2.985323736422265029e+01
2.883311309608412287e+01 2.985616137583498286e+01
2.884736373702746093e+01 3.042465948442475820e+01
2.885288441119113045e+01 3.051445142968462321e+01
2.885667394527126106e+01 3.025378145477970193e+01
2.887761605124826048e+01 2.962989364342474019e+01
2.888769973298214566e+01 3.037254167072247668e+01
2.889400781176861699e+01 2.955208084308576844e+01
2.889874581357646832e+01 3.005039366199348194e+01
2.890039916963737454e+01 3.001056575757954548e+01
2.890313384393022034e+01 2.973206283068480715e+01
2.892674587207625336e+01 2.980842379363733485e+01
2.894737169302815971e+01 2.983535863160398094e+01








2.503082535351224180e+01 3.312000316197173788e+01
2.504878466286510630e+01 3.284982695183425250e+01
2.506303782752387477e+01 3.273843278446730665e+01
2.506857517038848826e+01 3.269287053648235286e+01
2.509625492376227029e+01 3.327845351827937037e+01
2.510193386116056047e+01 3.304431350995854189e+01
2.511574563111571479e+01 3.346682166335289565e+01
2.511818088630773360e+01 3.280087836263291479e+01
2.515739728867174207e+01 3.272621147550508880e+01
2.515943736304375022e+01 3.274097059946123522e+01
2.516284266637247669e+01 3.264310960706220754e+01
2.516343851642010065e+01 3.352492651069800900e+01
2.516610691497819374e+01 3.306487520586816231e+01
2.517361309872490338e+01 3.295423346936679110e+01
2.517575065243373444e+01 3.349323488823178963e+01
2.520307960774959000e+01 3.299581432309506823e+01
2.521391148528999082e+01 3.325376009310885195e+01
2.522800882629338304e+01 3.279298241747715537e+01
2.522827151307921056e+01 3.356589943429790424e+01
2.523126202494727011e+01 3.244925380821825200e+01
2.524665592461006014e+01 3.296000177988991453e+01
2.525051625406664257e+01 3.313149708014498174e+01
2.527532818600408859e+01 3.286685823892479874e+01
2.528156453624304589e+01 3.292896188508449740e+01
2.528624740030215534e+01 3.310885498393127335e+01
2.528731534287106086e+01 3.299242650468412563e+01
2.529293374677150652e+01 3.252454128323282134e+01
2.529741480095346162e+01 3.352007708208125791e+01
2.529809708480151542e+01 3.257587397582341282e+01
2.530708227911870267e+01 3.242314336046925405e+01
2.533508511074105485e+01 3.344015559364811452e+01
2.533552865910806418e+01 3.320189839750654670e+01
2.533929781332833997e+01 3.367934997411703080e+01
2.534267897526363100e+01 3.287967634637989534e+01
2.534510747495684768e+01 3.252858563379252388e+01
2.534820812238115550e+01 3.355120666336816981e+01
2.534870825590639498e+01 3.329933904174301773e+01
2.535022554071288425e+01 3.286292490301165259e+01
2.536321898448019851e+01 3.243932784255477486e+01
2.536524453067640650e+01 3.362532946559395697e+01
2.536566564647140609e+01 3.352316391287271102e+01
2.536974844382070060e+01 3.272340647834397487e+01
2.537167940945072431e+01 3.259074829577108545e+01
2.538594135944192942e+01 3.297500088372187577e+01
2.539098460806176760e+01 3.249695795412476684e+01
2.540763189165171454e+01 3.348216437890678776e+01
2.540821550237859938e+01 3.332117874154440784e+01
2.541855156894940038e+01 3.327341779511692010e+01
2.542974685164051607e+01 3.242701743187055285e+01
2.543106602793380588e+01 3.241850663380221675e+01
2.543268370086454055e+01 3.297049911502151787e+01
2.544814624343131371e+01 3.313458826570486337e+01
2.544942024528001667e+01 3.300260994638211542e+01
2.545736876057552678e+01 3.222561953901585241e+01
2.546240613663119490e+01 3.374614590216468457e+01
2.547072145383595299e+01 3.352580989037939219e+01
2.547203831592478096e+01 3.258798077193993947e+01
2.548343239717936370e+01 3.247991708063999283e+01
2.548681739638429633e+01 3.314787789097495363e+01
2.548747527531835999e+01 3.255014338288641795e+01
2.548984978044603977e+01 3.360944895825529954e+01
2.549381097021722198e+01 3.243045116053592380e+01
2.549765404450241491e+01 3.290275755479803621e+01
2.550599397111768241e+01 3.350665222071695126e+01
2.550628105478522656e+01 3.330842139644897060e+01
2.551686129949106885e+01 3.382263151612444574e+01
2.552050381813230118e+01 3.313621001483843287e+01
2.552116709198107714e+01 3.326757293094801327e+01
2.552219662481181217e+01 3.290458985434926831e+01
2.552954156984816692e+01 3.376122486619124174e+01
2.554087929862140527e+01 3.256212061053309270e+01
2.555040738341107343e+01 3.264506518415117142e+01
2.555133316613482819e+01 3.261407993923631210e+01
2.555810534860019700e+01 3.289911411570102473e+01
2.556899364132053165e+01 3.310724459271744280e+01
2.557037647528057889e+01 3.338118639088671102e+01
2.557407030470217535e+01 3.237851471728989594e+01
2.557481594129339797e+01 3.306191998337318694e+01
2.557823389268946102e+01 3.294646006979264286e+01
2.558039173205141026e+01 3.282796162439211685e+01
2.558511830621741368e+01 3.354834292362276926e+01
2.558573869744794393e+01 3.304172478965750059e+01
2.559016397562962553e+01 3.212729481635909679e+01
2.562065732469061174e+01 3.271810582663984945e+01
2.562330567892516697e+01 3.364541765446064403e+01
2.562803367163126111e+01 3.370246411245108931e+01
2.562942199985350200e+01 3.310608862025901544e+01
2.563172481952427262e+01 3.289266711902222085e+01
2.563228103950317305e+01 3.333737237959978472e+01
2.563343979054791077e+01 3.269074291328711013e+01
2.564117956866256876e+01 3.348840094707142612e+01
2.564659136553635221e+01 3.386418167323069639e+01
2.564955535369688278e+01 3.283366690687967093e+01
2.565878883387165033e+01 3.292451436673634646e+01
2.566198885790009143e+01 3.221902240338041423e+01
2.566458898405958777e+01 3.353111078830873026e+01
2.566468945521065947e+01 3.218082052339709520e+01
2.566661557400344762e+01 3.260508497909813030e+01
2.567157421268525042e+01 3.222916011707761896e+01
2.567810203183027795e+01 3.349882328794285513e+01
2.568197696535698427e+01 3.300481108674441799e+01
2.568317103067336049e+01 3.234442268909165108e+01
2.568391673179410972e+01 3.283879057542553426e+01
2.568700835339315347e+01 3.347096972731548448e+01
2.568754513043688803e+01 3.328562859347032798e+01
2.569054629478719676e+01 3.380771218659407396e+01
2.569108574228619446e+01 3.381000587221061693e+01
2.570417633524323264e+01 3.255900002621005029e+01
2.571415088385310099e+01 3.314894237751880013e+01
2.571819500045958407e+01 3.368108409969440942e+01
2.572616815389672595e+01 3.263247970595642755e+01
2.572678611291647144e+01 3.300331734185672161e+01
2.572976579630665483e+01 3.392512544297519383e+01
2.573134394945147463e+01 3.316486410240919724e+01
2.573604426567849757e+01 3.296879740063295117e+01
2.573840647338766985e+01 3.290185909681444087e+01
2.573863598544382469e+01 3.319469908437847749e+01
2.574313110719085529e+01 3.346559429216250692e+01
2.574586695424464722e+01 3.278415541689261659e+01
2.574919270699648521e+01 3.215871193212949208e+01
2.575428496493812958e+01 3.331009271326890087e+01
2.575453719587973822e+01 3.221729238798740624e+01
