1.727804071295655319e+01 2.188461290055817443e+01
1.728173364893680386e+01 2.130949687491325051e+01
1.728614543955061933e+01 2.143945193516766778e+01
1.728666905003947818e+01 2.169636880196143736e+01
1.728809214477783485e+01 2.181110817045077610e+01
1.728816939693043508e+01 2.256360841435858333e+01
1.729283149743084280e+01 2.258302549377596335e+01
1.730099613302770933e+01 2.167971293026554136e+01
1.730652984519368687e+01 2.190936256314446950e+01
1.731016088653839091e+01 2.222972247263606604e+01
1.731180029324223568e+01 2.167051230811877716e+01
1.731483670815975984e+01 2.177565765783132434e+01
1.732344030721517214e+01 2.255566561042785878e+01
1.732434074428824999e+01 2.244622712503296214e+01
1.732499055296191059e+01 2.244973467840263126e+01
1.732659799600138939e+01 2.217562669981823120e+01
1.732904455768619556e+01 2.201932824894043961e+01
1.733725652496719860e+01 2.240313451589279481e+01
1.733928806495228869e+01 2.170023858523151361e+01
1.734404701683224559e+01 2.165049281508416001e+01
1.735236761561598229e+01 2.218957058906063651e+01
1.736815753572660270e+01 2.131272123301088683e+01
1.737615455888360572e+01 2.254151779524645960e+01
1.738031129091026372e+01 2.123528531085566584e+01
1.738080544600872912e+01 2.121802052525535487e+01
1.739088586137400938e+01 2.245698490364960520e+01
1.739969585292303833e+01 2.224931682315301629e+01
1.740297930129381143e+01 2.191219961093634438e+01
1.740709268137127808e+01 2.125722665371665343e+01
1.741176055219326813e+01 2.198023921471415676e+01
1.741480736549998198e+01 2.126414316758391365e+01
1.741870835132835893e+01 2.200578271766784511e+01
1.741928867144254767e+01 2.152205783957370144e+01
1.742632056895154946e+01 2.238973061847514145e+01
1.742730231671117735e+01 2.265573025271759278e+01
1.744687400606134275e+01 2.142145355318830013e+01
1.745547647230974064e+01 2.243032834017328625e+01
1.745785679905630516e+01 2.192370942643185572e+01
1.745912925117786685e+01 2.139187695647856913e+01
1.746278080561830492e+01 2.268512176261149449e+01
1.746362271524175469e+01 2.277198000635893749e+01
1.746547993364800888e+01 2.267588871182525523e+01
1.746780259431658067e+01 2.212051029615738429e+01
1.747426676676446178e+01 2.212273555744100761e+01
1.748346957657181733e+01 2.212671911930619828e+01
1.748587101941133071e+01 2.281998280249852229e+01
1.750108829325752779e+01 2.268091288032902852e+01
1.751000806774294460e+01 2.142227691234512221e+01
1.751417885905461702e+01 2.269730675925528729e+01
1.752871827134740812e+01 2.165410781161272169e+01
1.753156052167794243e+01 2.257651357249245549e+01
1.753189114238178448e+01 2.268401337055464850e+01
1.753435514814776397e+01 2.186808029539180964e+01
1.753523759998876841e+01 2.258610267490087509e+01
1.753584973959544513e+01 2.183624573687324499e+01
1.753826418807869203e+01 2.202296581425623501e+01
1.754126926371970541e+01 2.172930311249702839e+01
1.754164110656955344e+01 2.111195038695615978e+01
1.754891734980077089e+01 2.253804206806245958e+01
1.755138565262476646e+01 2.189706349315708778e+01
1.755799385627530285e+01 2.223491952214572365e+01
1.755831218149725359e+01 2.181972069582812779e+01
1.755861343840111388e+01 2.155090986578005996e+01
1.755907235409234346e+01 2.275898624518402968e+01
1.756180760838785204e+01 2.264812518169518896e+01
1.757904869860469432e+01 2.137691493830485356e+01
1.757957905419220523e+01 2.194836861613304180e+01
1.758155510406404431e+01 2.259681920355336615e+01
1.758436480611509012e+01 2.198852301118605013e+01
1.759187128224382590e+01 2.265023071952993661e+01
1.759194002243749821e+01 2.287923332791282505e+01
1.759448578846575728e+01 2.146108953852722223e+01
1.760387502180213204e+01 2.179047237907941437e+01
1.761198286834999394e+01 2.182618447249622662e+01
1.761907059583095858e+01 2.261139447187285256e+01
1.762561142365260380e+01 2.229317976111846988e+01
1.763329289009971035e+01 2.116321695982686890e+01
1.763677136125297906e+01 2.162179444084179636e+01
1.764536618241206511e+01 2.129122295012508914e+01
1.765181553482507226e+01 2.194254738976388452e+01
1.766318785936894642e+01 2.231477068838917077e+01
1.766351522991600120e+01 2.233478393153364649e+01
1.766500507838992462e+01 2.287312238113559459e+01
1.766583563508266863e+01 2.241764628603084475e+01
1.766644114220141049e+01 2.204586727425240866e+01
1.766905756565303065e+01 2.140143470140936799e+01
1.767103191267348805e+01 2.271957624068949499e+01
1.767715044461867890e+01 2.240463541898792954e+01
1.768439222595867832e+01 2.133958208781872656e+01
1.768659026819297608e+01 2.234653298921210407e+01
1.768976626380086259e+01 2.141451814950470833e+01
1.769028867051924436e+01 2.180161140610443127e+01
1.769403148441228169e+01 2.126004098905867679e+01
1.770364911436358923e+01 2.245020919522551495e+01
1.770397222828895067e+01 2.113763031109858659e+01
1.771681015141481552e+01 2.136059742212788137e+01
1.771932086569921339e+01 2.201817136568247690e+01
1.772577490391003963e+01 2.128926323621914918e+01
1.774400826737297621e+01 2.280606053378492248e+01
1.775154874155997220e+01 2.184941726977733367e+01
1.775197192860881756e+01 2.213556877929074673e+01
1.775269355142241778e+01 2.292843629526084115e+01
1.775811363790706565e+01 2.131601437041334890e+01
1.775930042428929667e+01 2.256562403279873052e+01
1.775999022493051172e+01 2.287834105604549606e+01
1.776036709228622001e+01 2.217860316826249800e+01
1.776157487696321624e+01 2.161218775819630267e+01
1.776240671291985151e+01 2.253281345685625325e+01
1.776463222146688636e+01 2.179310958034513135e+01
1.776657145337080124e+01 2.289610507039223464e+01
1.776985723589359623e+01 2.263365447870764058e+01
1.777361295631832760e+01 2.170046809771523044e+01
1.777553614991691333e+01 2.176223130694981123e+01
1.777909115479837610e+01 2.269367759328919121e+01
1.777933423562615189e+01 2.217085305861012046e+01
1.778468490493400722e+01 2.265822118869465029e+01
1.778526054062328043e+01 2.194620195190266188e+01
1.778818295417631035e+01 2.223591603829681418e+01
1.778940791561465673e+01 2.159611426466705097e+01
1.779061981318360708e+01 2.251014399097459062e+01
1.779669502648852486e+01 2.276399404630193146e+01


6.308666804532263583e+00 2.381843456404996573e+01
6.315609938115914979e+00 2.286128801128471011e+01
6.315787789518997997e+00 2.311795883350491820e+01
6.317088061403635990e+00 2.330686460359763501e+01
6.317117529949514143e+00 2.211940127488924190e+01
6.320486390624378892e+00 2.360074023372306229e+01
6.328151812195264014e+00 2.345255685151134273e+01
6.329546884893392900e+00 2.248909883419930367e+01
6.331337888338548936e+00 2.255730406517365338e+01
6.333499578178002132e+00 2.212240827807076471e+01
6.344964857481030229e+00 2.237326085775233508e+01
6.345487300250415963e+00 2.212667429955180509e+01
6.352572547920512847e+00 2.333596866833379124e+01
6.352834562325394785e+00 2.333831492982056588e+01
6.357808565848728222e+00 2.232700362415915762e+01
6.361806306875690709e+00 2.213121147942483447e+01
6.379712054105859842e+00 2.347619700817104516e+01
6.394852923504185327e+00 2.231244588192560840e+01
6.396229154699773822e+00 2.240536050781662425e+01
6.441838987706786313e+00 2.299926242214323580e+01
6.444901911633812652e+00 2.373159954328900767e+01
6.446597814412127647e+00 2.243723176141633147e+01
6.451599701695322153e+00 2.260225066996518350e+01
6.454208555577812589e+00 2.246561666174167371e+01
6.455578216841990624e+00 2.325784601623830028e+01
6.459517171305952488e+00 2.330040893741627883e+01
6.460584653672937883e+00 2.298476019891533895e+01
6.465397656677047245e+00 2.350898497206494397e+01
6.465928475838678580e+00 2.251343616972219053e+01
6.466728042334029425e+00 2.280775397319711217e+01
6.469661177772700889e+00 2.244731204931124324e+01
6.469842893965342512e+00 2.299805838670284430e+01
6.469922386800317504e+00 2.360581771535241558e+01
6.470360174497753469e+00 2.297266418578593417e+01
6.472885749793404031e+00 2.304556657720534574e+01
6.473221223224937759e+00 2.260068866174798785e+01
6.479484324034102016e+00 2.227762787154161117e+01
6.482878119507368808e+00 2.224887003103468075e+01
6.496920692553906029e+00 2.287021991355533856e+01
6.498977087071622805e+00 2.286145098420474397e+01
6.500093113796654443e+00 2.361027160857617346e+01
6.501196852430134676e+00 2.244439741699223134e+01
6.502622036913581205e+00 2.300972129718645576e+01
6.505075593434885839e+00 2.324215558944836602e+01
6.511099553591026989e+00 2.270801790184400559e+01
6.511122338418792843e+00 2.249311313217166131e+01
6.511278269469883639e+00 2.238102059115230702e+01
6.534788928583479262e+00 2.311310714835199676e+01
6.557210080143739184e+00 2.357049795571784401e+01
6.562808212605530933e+00 2.223408815469796451e+01
6.567599305919053165e+00 2.325180902294020058e+01
6.576105330798906579e+00 2.319351116282010494e+01
6.583747812060245508e+00 2.268830623891167519e+01
6.583991892727822481e+00 2.219498565522497913e+01
6.587125305540504350e+00 2.326874002380617057e+01
6.588922360702147429e+00 2.279492196677776406e+01
6.594780721153372660e+00 2.352870820329374624e+01
6.595002368651832647e+00 2.346562848415736369e+01
6.602762335443008723e+00 2.305221716533145582e+01
6.607674730753511305e+00 2.226259980578711151e+01
6.609533767297793183e+00 2.316652509108889646e+01
6.618564100057780841e+00 2.335337946026892197e+01
6.620505475749268953e+00 2.330490138406943146e+01
6.620597029011719314e+00 2.325423331215474931e+01
6.623341266335209809e+00 2.315705264521709950e+01
6.626533368370266075e+00 2.227289926620808203e+01
6.637891686749424203e+00 2.245291817825028602e+01
6.638291613580419082e+00 2.296658726253145488e+01
6.641313040388767241e+00 2.353392252805057794e+01
6.644018380226884624e+00 2.271896183623965371e+01
6.647749626297389192e+00 2.371401511968925746e+01
6.648393526312895929e+00 2.375703124959397172e+01
6.650944141123449782e+00 2.251734474614803361e+01
6.656954639648298588e+00 2.321557747313079645e+01
6.668438049923680389e+00 2.233070993446258612e+01
6.681005273660703736e+00 2.236691728170196924e+01
6.705911784963103806e+00 2.258437375918549606e+01
6.708811641048210817e+00 2.270918858902038195e+01
6.714463340898642940e+00 2.321117775263226690e+01
6.726969605008438435e+00 2.292780986004135713e+01
6.727906518838442373e+00 2.360995728866670262e+01
6.736298194721578980e+00 2.340358928907094693e+01
6.736457628199633341e+00 2.289253813972311846e+01
6.742465094418736982e+00 2.361136941403623624e+01
6.755023140339491583e+00 2.267177970702922707e+01
6.755778449803374386e+00 2.337496221564859766e+01
6.765716345602564630e+00 2.273102311377284224e+01
6.766080929953210976e+00 2.335817802962191081e+01
6.768857623756913355e+00 2.246383769189387181e+01
6.776321833376285575e+00 2.280569813181512018e+01
6.779419709299602914e+00 2.329464382462028382e+01
6.785333568406191951e+00 2.245945931200743573e+01
6.788634273980981071e+00 2.264374187449413967e+01
6.808617168077128134e+00 2.347900443775034063e+01
6.830709832940652149e+00 2.286296659174810841e+01
6.831125065418481412e+00 2.336853296432428806e+01
6.835241458211148924e+00 2.289482107355139462e+01
6.859366251887962562e+00 2.295302032164991246e+01
6.903435596338972857e+00 2.313489792228070030e+01
6.907338532445725932e+00 2.316531065195602679e+01
6.911758763311130593e+00 2.277777341032502179e+01
6.914289825416783941e+00 2.263310515700919723e+01
6.925136777040258096e+00 2.268665496223327693e+01
6.942803696293394111e+00 2.291229235459285007e+01
6.944807553360715424e+00 2.300394435642395408e+01
6.953292837167869500e+00 2.323748725609575772e+01
6.966062605956143017e+00 2.280520752294906117e+01


2.941678309874658126e+01 1.935443234928352041e+01
2.942969223510385746e+01 1.840605174074080708e+01
2.943009532051963717e+01 1.914013106350019555e+01
2.943446030355067933e+01 1.868141749494025561e+01
2.944274117011988068e+01 1.921707563295990084e+01
2.944340923210204508e+01 1.890359344132451014e+01
2.944515194709783046e+01 1.860268194298542710e+01
2.944984411778978384e+01 1.983250075544891189e+01
2.945847955771561288e+01 1.984629774201178520e+01
2.945940674696214856e+01 1.816522310790696082e+01
2.946942062688762221e+01 1.927074744052150734e+01
2.948808041451396633e+01 1.925163238343897376e+01
2.949346896033711474e+01 1.932453931466796959e+01
2.949419611607741132e+01 1.839471027491472199e+01
2.950750515839943233e+01 1.930819163145040207e+01
2.950793400656104026e+01 1.885200183891186043e+01
2.951256842198888108e+01 1.890932797330099291e+01
2.951810853735712925e+01 1.938742287673294129e+01
2.952702033718415109e+01 1.924446000890288744e+01
2.953185524208536350e+01 1.926193638398326158e+01
2.953275691236451905e+01 1.955980231831054894e+01
2.954831876931708123e+01 1.818073865786255894e+01
2.954938139357199489e+01 1.970296192258821222e+01
2.954964061714257895e+01 1.966014967389000745e+01
2.955081437988073034e+01 1.868323392267090455e+01
2.955377113185167914e+01 1.945061110116832381e+01
2.955694112899201187e+01 1.883534108180743161e+01
2.957059872704746795e+01 1.835706589189278048e+01
2.957199496308539111e+01 1.917396490013819133e+01
2.957285252376986762e+01 1.839075649291351411e+01
2.957367621838664817e+01 1.897929726956614971e+01
2.957503331864677776e+01 1.872978542926867362e+01
2.958383561049253885e+01 1.931230649714709457e+01
2.959569114211229035e+01 1.935433337454968949e+01
2.959688461637885482e+01 1.856695041398169010e+01
2.959799311837848990e+01 1.883512764165976705e+01
2.960741486875172157e+01 1.924885700912459541e+01
2.960995247817732334e+01 1.822105489503962161e+01
2.961168002303634950e+01 1.840564960692871566e+01
2.961229905221556535e+01 1.947436226993102082e+01
2.961385956508652839e+01 1.910737617025698398e+01
2.961607175589873009e+01 1.901058342330032147e+01
2.961812657168668395e+01 1.903105406819785372e+01
2.961864895248501739e+01 1.840606099485984259e+01
2.962710581838780399e+01 1.936502528358759179e+01
2.963383658598500148e+01 1.845386335026211455e+01
2.963925991915247948e+01 1.873292175045399688e+01
2.964670559338872735e+01 1.931939772525291588e+01
2.964886779831983432e+01 1.954266888103565591e+01
2.966076651444942058e+01 1.896414135517803956e+01
2.966414304396479196e+01 1.898249642390005221e+01
2.967305979559333906e+01 1.937753890951749725e+01
2.967416184000832402e+01 1.929070747854116874e+01
2.968417310068283399e+01 1.938367313332325281e+01
2.968773543360063982e+01 1.965795911456174849e+01
2.969041632092477911e+01 1.898904881786801724e+01
2.970265597922461964e+01 1.958447026007733882e+01
2.970446827000512258e+01 1.935656090893956005e+01
2.971248371780224673e+01 1.856798348024787515e+01
2.971249591106391463e+01 1.867284348955201878e+01
2.971594133808519445e+01 1.866228543436779930e+01
2.972798994666541716e+01 1.863052631269133386e+01
2.973225869092477325e+01 1.966090999345484036e+01
2.974431043491361493e+01 1.920977608437839024e+01
2.974790224561442997e+01 1.960606892249575850e+01
2.975040537672634855e+01 1.893609172961773623e+01
2.975080827184974552e+01 1.921488188187931101e+01
2.975565255705141610e+01 1.902330750191472220e+01
2.975769933828605929e+01 1.912244246501760614e+01
2.978055142615946238e+01 1.948943920820045861e+01
2.978109448918781865e+01 1.961617687505433594e+01
2.979272127597399589e+01 1.840427675465969770e+01
2.980093065345748826e+01 1.866286319104796831e+01
2.980194289933067964e+01 1.947062121196001883e+01
2.981511170448347769e+01 1.920771621833513620e+01
2.982223123867857595e+01 1.941685352157434963e+01
2.982388830378174305e+01 1.849158191819984864e+01
2.982486952461194107e+01 1.903104559912586780e+01
2.983225106760857415e+01 1.942670821629338107e+01
2.984539169278867732e+01 1.915845991875562859e+01
2.984967636456600815e+01 1.945010584735956982e+01
2.985493874731419695e+01 1.848772504692140828e+01
2.986683474476348366e+01 1.918009178323913488e+01
2.986730622784491374e+01 1.891214797017865834e+01
2.989950666738545948e+01 1.884710391208504277e+01
2.990075367994459654e+01 1.885849665675526410e+01
2.990763458730488367e+01 1.937379114193396035e+01
2.991672711214499003e+01 1.867509189626134969e+01
2.992360080587241455e+01 1.891523331478772718e+01
2.992830496996159795e+01 1.878770419400871106e+01
2.993898020898302548e+01 1.910069421989957306e+01
2.994563952670477036e+01 1.881160915986027860e+01
2.994862727875300479e+01 1.895232639405964292e+01
2.997116173988683485e+01 1.894598713818438540e+01


2.656447022257084711e+01 1.909006011211243603e+01
2.657029177126072383e+01 1.932461552803835403e+01
2.657165101260327589e+01 1.879639499469429609e+01
2.657177497347992912e+01 1.866866640415033274e+01
2.657592598423055819e+01 1.872284965328338302e+01
2.658189530554865598e+01 1.825801795220565893e+01
2.659056966739475669e+01 1.851743857528069270e+01
2.659441423269259630e+01 1.926681993548479710e+01
2.659674031726887122e+01 1.903650467867568707e+01
2.662175414762033299e+01 1.837868055099441378e+01
2.662309176062719729e+01 1.937253253458040092e+01
2.662947791996102964e+01 1.902512296687931581e+01
2.664613967273708894e+01 1.921228221062616370e+01
2.664740189480227528e+01 1.894342720012388881e+01
2.665066872265112963e+01 1.935854492999117582e+01
2.665287781394625810e+01 1.914106513198948534e+01
2.665738091860868408e+01 1.904406638678894481e+01
2.667240767208672736e+01 1.851817314370735446e+01
2.667358524858823543e+01 1.892784620627366010e+01
2.668380086184783195e+01 1.902461065809504248e+01
2.670347133643052473e+01 1.928411266503297128e+01
2.670784734205220090e+01 1.963900351816460699e+01
2.671353282357646819e+01 1.843522453381781290e+01
2.671567298643277866e+01 1.860255878064071311e+01
2.671582905313364975e+01 1.878576135353633703e+01
2.671684785858607114e+01 1.962959475828132128e+01
2.671955847193917677e+01 1.845375722701033894e+01
2.672192159541110357e+01 1.921083950972722931e+01
2.672450446117197131e+01 1.867481565993067605e+01
2.672800536101604507e+01 1.906141793025560105e+01
2.673079051165169773e+01 1.851231826156460514e+01
2.674184407515645745e+01 1.919167085971666609e+01
2.674762593494265417e+01 1.876230182899859145e+01
2.674884961720444210e+01 1.910604585822527923e+01
2.675274739724217454e+01 1.868521677183206720e+01
2.675350518802494548e+01 1.846658787369766586e+01
2.675944322939430720e+01 1.884541618373581784e+01
2.676505141540994615e+01 1.924941628135920979e+01
2.676694228098395456e+01 1.960773205204692360e+01
2.676908527056293252e+01 1.882695712848729386e+01
2.677162077221982628e+01 1.939294574130469329e+01
2.678892895561106258e+01 1.921784754191092759e+01
2.679912618759855647e+01 1.942075478943292666e+01
2.681153890793047267e+01 1.949416292140477580e+01
2.682012768987974738e+01 1.949652923196096665e+01
2.683040022021861049e+01 1.931683863975457527e+01
2.683424397626586710e+01 1.921379396745156853e+01
2.683614876609087219e+01 1.898579830345997266e+01
2.685212764550783504e+01 1.854782321553889801e+01
2.685275399146468089e+01 1.936944330430856809e+01
2.685546832050409449e+01 1.879304669383019544e+01
2.685913950195546818e+01 1.943051063363840925e+01
2.685918301650132278e+01 1.931853079501383874e+01
2.687351209495295024e+01 1.856702354713581116e+01
2.688177136930519495e+01 1.871353050028243103e+01
2.688439575917217894e+01 1.916083482364211577e+01
2.690641040452402777e+01 1.933329404816470287e+01
2.691040127324566456e+01 1.938818754883296336e+01
2.691269140909135871e+01 1.877759358988167548e+01
2.692560684790836234e+01 1.925471235147577076e+01
2.696238195687152128e+01 1.904155969274653870e+01
2.698432742738477685e+01 1.887727811316594995e+01
2.699151149419575546e+01 1.909488409331429892e+01
2.699306649838857552e+01 1.909530366899000242e+01


2.586430393672920403e+01 1.905964406770164743e+01
2.586578180065068722e+01 1.800965237230762384e+01
2.586874444713473409e+01 1.806439957360208481e+01
2.587087230977666508e+01 1.884913034986292502e+01
2.587467577846657463e+01 1.822834415698645572e+01
2.587849090565146781e+01 1.853795709873791608e+01
2.587964453430527101e+01 1.949509465224767979e+01
2.588802338908445932e+01 1.913798185962965093e+01
2.590336056809176313e+01 1.843786506083785426e+01
2.592021918352605780e+01 1.936349599674126054e+01
2.592031613027734593e+01 1.840167994952771480e+01
2.593659594324991602e+01 1.878390550267121739e+01
2.594100254777549708e+01 1.892796171704184260e+01
2.594427662834297621e+01 1.996165295990654087e+01
2.594461067079677719e+01 1.921955107232691873e+01
2.594893613209186611e+01 1.911801707996731281e+01
2.595013864438652007e+01 1.900627089520182267e+01
2.595247344428993586e+01 1.949603734563337198e+01
2.595666829242550477e+01 1.973446474980141829e+01
2.596383567904053535e+01 1.995269883241708442e+01
2.598548276578649663e+01 1.905976268253417061e+01
2.598669206550196265e+01 1.929481760665526124e+01
2.598800369850762593e+01 1.969217865533601142e+01
2.598872121237890909e+01 1.884741733516188233e+01
2.599308936452478846e+01 1.999478697699008478e+01
2.599415866110182449e+01 1.839129281930841131e+01
2.599459770861028929e+01 1.941700555374788451e+01
2.600769489019154790e+01 1.864068580140548903e+01
2.601040375232737745e+01 1.909342543082477306e+01
2.601539765876728438e+01 1.843509678119798423e+01
2.601899821797200474e+01 1.933246533508334508e+01
2.601960676276858209e+01 1.968329441327833962e+01
2.602292289530918623e+01 1.873236983518532028e+01
2.602311120740392880e+01 1.863631419229342967e+01
2.603451949873912596e+01 1.977386935816978308e+01
2.603510831526810776e+01 1.999605158207463163e+01
2.604409869372093311e+01 1.897514584095747026e+01
2.604498985471951755e+01 1.876696617356551755e+01
2.604995070448283911e+01 1.962204007458814203e+01
2.606165780709817881e+01 1.964722903192235748e+01
2.606838909240471835e+01 1.957391424613498287e+01
2.606990057022376917e+01 1.918482151766885124e+01
2.607137299473216885e+01 1.897225712921318674e+01
2.607595158329787211e+01 1.931207566208327009e+01
2.608129937459250058e+01 1.870344519002856032e+01
2.608420419116173150e+01 1.903894197845359670e+01
2.608860000471536367e+01 1.894974125233625273e+01
2.608900722523685189e+01 1.904130025785287472e+01
2.609448366256712504e+01 1.912767980701804760e+01
2.609614944628778233e+01 1.943854200123865539e+01
2.609658421977522735e+01 1.933070306459397969e+01
2.610050460038775100e+01 1.886939828082601522e+01
2.610423057102952171e+01 1.908418549257569552e+01
2.610574872215645215e+01 1.988505103580763489e+01
2.611224275442512877e+01 1.844626833778998787e+01
2.612256688418495898e+01 1.972444877513792605e+01
2.613080605346569030e+01 1.998775265507078913e+01
2.613852909916581524e+01 1.937166079797233564e+01
2.614035083680866478e+01 1.802397323861504219e+01
2.614214670081743108e+01 1.837558429533712356e+01
2.614637789256062561e+01 1.920804107972746877e+01
2.615211079659834681e+01 1.806657574923072218e+01
2.615527610188054197e+01 1.946813099280472059e+01
2.616265432432229332e+01 1.867746588376279604e+01
2.616407778907098702e+01 1.879075962719861081e+01
2.616758810472821750e+01 1.994382321200223274e+01
2.617085917572484632e+01 1.925798872262264894e+01
2.617558190699545406e+01 1.866770973359683694e+01
2.617675868410024265e+01 1.824780729723772410e+01
2.618080750366122800e+01 1.885138669445602844e+01
2.618530433105080846e+01 1.988012398741089370e+01
2.618801827244532987e+01 1.976960164147586596e+01
2.619555057739876602e+01 1.899091465501086162e+01
2.619938192228707408e+01 1.838369885451599828e+01
2.620197455645168816e+01 1.967664353978680936e+01
2.621547656779669921e+01 1.995073063082698894e+01
2.622572527967367506e+01 1.884675517968375402e+01
2.623076792422478576e+01 1.919295965081225219e+01
2.623314490840242996e+01 1.876367352042539594e+01
2.623722954318898104e+01 1.993295654505565651e+01
2.624573503360880977e+01 1.814258947055364501e+01
2.624677436953101406e+01 1.809196276875420395e+01
2.625830131782294075e+01 1.912468955752963851e+01
2.627379855156638655e+01 1.948254596248465020e+01
2.627477362621299051e+01 1.865005417520874076e+01
2.628208659577959239e+01 1.961503424975752807e+01
2.628229882401746309e+01 1.814061896917117878e+01
2.628339294315474817e+01 1.917820484802757264e+01
2.628662455802814435e+01 1.810314348603641932e+01
2.629235750417732120e+01 1.944443543328749158e+01
2.629442672617837218e+01 1.859999968660436309e+01
2.630277364246510885e+01 1.933367076756279346e+01
2.631335974688981949e+01 1.879253331553134032e+01
2.631506163181881774e+01 1.931983341849970159e+01
2.631586616735308226e+01 1.933019176479765733e+01
2.631949752654496066e+01 1.881556648427646650e+01
2.632123880395541349e+01 1.909826888641618936e+01
2.632658233932166070e+01 1.883658643458868553e+01
2.633055703498353495e+01 1.893514998729853360e+01
2.633646780581543823e+01 1.947950389705136232e+01
2.633692795508818918e+01 1.941685740296879814e+01
2.633693758753512881e+01 1.968906023768870384e+01
2.634066350975153270e+01 1.993370828445842236e+01
2.634460088493882068e+01 1.848517327202503679e+01
2.635023933842444066e+01 1.863123299432444213e+01
2.635665088897067676e+01 1.807009505045860820e+01
2.636030798621111870e+01 1.872614225157472490e+01
2.636299767413862583e+01 1.894075826203945923e+01
2.636870843510492435e+01 1.976350441862769713e+01
2.637589294283226238e+01 1.896172042006786640e+01
2.637614789462643117e+01 1.969566969434016457e+01
2.637756631584645817e+01 1.906360521006490316e+01
2.637769937329087711e+01 1.903403161504619234e+01
2.638047140415813629e+01 1.957046483620991495e+01
2.638919788904899733e+01 1.875115381422450511e+01
2.639330874463642473e+01 1.914849561930442334e+01
2.639344402985913263e+01 1.828161994110530131e+01
2.639771259042188589e+01 1.907647399557119883e+01
2.640695310109954264e+01 1.821465102567065841e+01
2.640761920747837976e+01 1.915585263865370891e+01
2.641296517970667779e+01 1.952987949981754312e+01
2.641662610835735947e+01 1.986342356307166668e+01
2.641834768677874834e+01 1.988155484164437325e+01
2.641869066681289269e+01 1.840659207496183214e+01
2.641946078583726987e+01 1.884371296393694450e+01
2.642237620228578621e+01 1.863241996599821348e+01
2.644173251552536996e+01 1.934858358490687280e+01
2.644409421528772342e+01 1.886390050042558642e+01
2.645312728511109768e+01 1.958603114401234180e+01
2.646777582529542627e+01 1.859184859082245467e+01
2.646876094642599497e+01 1.918488196799723866e+01
2.647184925015402612e+01 1.885729622625445145e+01
2.647289533786117843e+01 1.869121991014269923e+01
2.647313915559342234e+01 1.931705780594883493e+01
2.648799112232827113e+01 1.886354637826188352e+01
2.649186072425756677e+01 1.919134790327882101e+01
2.650049557990767823e+01 1.868330262499532068e+01
2.650431859355694897e+01 1.956437855764331246e+01
2.650520312808487233e+01 1.980731094427289918e+01
2.650942067860300000e+01 1.967168927672264545e+01
2.651352159901033545e+01 1.830724545603518294e+01
2.652053045676914422e+01 1.921086123741701002e+01
2.652844974923095478e+01 1.917094842928005960e+01
2.652905036706360775e+01 1.927446841011679268e+01
2.652986074947462924e+01 1.849863711510882780e+01
2.653311130124368944e+01 1.927205291034548651e+01
2.653325610183122762e+01 1.930047463055571555e+01
2.654245770868436693e+01 1.964828655044793138e+01
2.654604957738425952e+01 1.818426083959188588e+01
2.655626894870369981e+01 1.878287846054954358e+01


2.502540148560467870e+01 1.884083043287655812e+01
2.504030686699179498e+01 1.872815021135938096e+01
2.505404048925500859e+01 1.903050883601553167e+01
2.507642547562547009e+01 1.883412414122097189e+01
2.507859819548601266e+01 1.897258336797223777e+01
2.507937896583216286e+01 1.891826659026431656e+01
2.508447998328093931e+01 1.882588808107364642e+01
2.508590314194577431e+01 1.882103377919079890e+01
2.509707525977763609e+01 1.899785855627616371e+01
2.511345956060386087e+01 1.943889860457789354e+01
2.511366737310430253e+01 1.867441925085005039e+01
2.512893868587318025e+01 1.853662180084756628e+01
2.513310471155043757e+01 1.879708490853806424e+01
2.514597735523985378e+01 1.855376160089565474e+01
2.515861553393328620e+01 1.878602423449115477e+01
2.519293495936260641e+01 1.865763549331075311e+01
2.520222860067657322e+01 1.844417012955357293e+01
2.520518374217684610e+01 1.844160555972079507e+01
2.521074300147512304e+01 1.924860905295876279e+01
2.521151660036213826e+01 1.907024538930326685e+01
2.522243808520997277e+01 1.879877114499851842e+01
2.524032863035275653e+01 1.870167397013585386e+01
2.524291043976575111e+01 1.899429798028610605e+01
2.524389302607019658e+01 1.960812497929254761e+01
2.525122414114020941e+01 1.897116145965246403e+01
2.525861111502513268e+01 1.908328746739419302e+01
2.526501169490384768e+01 1.862115591780815294e+01
2.527063014314913403e+01 1.911061963012244647e+01
2.528080731586168994e+01 1.835121450109409125e+01
2.528703252985484795e+01 1.944022281514352812e+01
2.528955716213381422e+01 1.946331392601350530e+01
2.529512301798792961e+01 1.843856055387513848e+01
2.529807243558633090e+01 1.853383216692081703e+01
2.529859160186987310e+01 1.920128484872054386e+01
2.530943439354362212e+01 1.867972679310329553e+01
2.531235909302777287e+01 1.857460829724648477e+01
2.531469507136122843e+01 1.944131520037748473e+01
2.532891178759040329e+01 1.872345807731021239e+01
2.533193164782833051e+01 1.857859402004923055e+01
2.533230839565801418e+01 1.917356911197014213e+01
2.533244438955470912e+01 1.943304319497684318e+01
2.533357978175594027e+01 1.920132662512141764e+01
2.533976021725732863e+01 1.884746306915747738e+01
2.534435349632959955e+01 1.925461803634195590e+01
2.534524033857631053e+01 1.904331477949728324e+01
2.536373456184859165e+01 1.861047272387668627e+01
2.536674201089981295e+01 1.939304448134589265e+01
2.537166078877512021e+01 1.896404857363174656e+01
2.538194984785131680e+01 1.925674911575364234e+01
2.538408172292497156e+01 1.958403648614786619e+01
2.538961892401727027e+01 1.838142925414906159e+01
2.539108097253313190e+01 1.861636230617581944e+01
2.539592069670299779e+01 1.838834909888136693e+01
2.539730110706726407e+01 1.978615694891421128e+01
2.539823177272196020e+01 1.883949167565722149e+01
2.540233732673710421e+01 1.838947670442372839e+01
2.540281280428596133e+01 1.851276536322469113e+01
2.540330050353972524e+01 1.972791480384522700e+01
2.540912232091710621e+01 1.822062035643642020e+01
2.541771908003807567e+01 1.892460021374838064e+01
2.543789770933809180e+01 1.896099881803965204e+01
2.544430769296427997e+01 1.926086935630274155e+01
2.544457197882389821e+01 1.864763187357262098e+01
2.545407624812335712e+01 1.911924206564644635e+01
2.545952185644821597e+01 1.848352592212673784e+01
2.545964257071440073e+01 1.841392639966315770e+01
2.546153944407771519e+01 1.935759473508863948e+01
2.547206303914775560e+01 1.950477288138627685e+01
2.547509339191927680e+01 1.920821111100114109e+01
2.547912233902356860e+01 1.883294559376400557e+01
2.548291024451687292e+01 1.969753400213533823e+01
2.549403846831958376e+01 1.900821545064676243e+01
2.549646901547175304e+01 1.938440199928059471e+01
2.549943318987188334e+01 1.816483859106630661e+01
2.551556893813913973e+01 1.886235592332905497e+01
2.551569402627840333e+01 1.970442222563122314e+01
2.551737538243803272e+01 1.914478492279640420e+01
2.551910838616196742e+01 1.839087085481678585e+01
2.553029268666330154e+01 1.867577736773301922e+01
2.553529534955361413e+01 1.970684682765205054e+01
2.553539369804645531e+01 1.896553234470792404e+01
2.555188130173382532e+01 1.895198218213315045e+01
2.555608025796636795e+01 1.854735997097344935e+01
2.555831017476298328e+01 1.840154225583453496e+01
2.555831239502736452e+01 1.834642337490360120e+01
2.555913618893281125e+01 1.944794935150988735e+01
2.557005983520942038e+01 1.812839522076856369e+01
2.557820467916240048e+01 1.857141175482738760e+01
2.559056584278327406e+01 1.834773008084222923e+01
2.559661206038873260e+01 1.844798607917516620e+01
2.559737068949397454e+01 1.942374456982264874e+01
2.560209661525896507e+01 1.978764544852380070e+01
2.560465075592210127e+01 1.822494205780777321e+01
2.561197767015265825e+01 1.957322686869952832e+01
2.561508349332069656e+01 1.957588321111154528e+01
2.562172098991206681e+01 1.986716769003324146e+01
2.562503953244724642e+01 1.976666665782680710e+01
2.564832703229031807e+01 1.873412061967375664e+01
2.565005345063178765e+01 1.825459219796809762e+01
2.565186619487574760e+01 1.896452166593936894e+01
2.565696173825917015e+01 1.944463345067718407e+01
2.565765508764109271e+01 1.866928856344419074e+01
2.566074890994801194e+01 1.865039196778697317e+01
2.566425023116248028e+01 1.924307735451684920e+01
2.567186433411390212e+01 1.892632282955950274e+01
2.567189246240581113e+01 1.986793122559903679e+01
2.567922081593464512e+01 1.939238635911511821e+01
2.568201301244136658e+01 1.898834297743741573e+01
2.568208676395336809e+01 1.819182722923561357e+01
2.568741731227547120e+01 1.941612039681398016e+01
2.569288378218859137e+01 1.903299089301328451e+01
2.569846633035200867e+01 1.893079881613324034e+01
2.570143312464606922e+01 1.900994036799058051e+01
2.571086716175788212e+01 1.872254828609839450e+01
2.571132924100924910e+01 1.898941317960500541e+01
2.571379903963086733e+01 1.906579470330001769e+01
2.571527981195862367e+01 1.813632471299869664e+01
2.571560260560640643e+01 1.844573025296028135e+01
2.571858699130516968e+01 1.953155572096449077e+01
2.572278290217619556e+01 1.847195711302039456e+01
2.572425029990655787e+01 1.804695156602984696e+01
2.572972124869265897e+01 1.937539952208924277e+01
2.573075281813894577e+01 1.883817925648562053e+01
2.573283139263866204e+01 1.869888960206018780e+01
2.573326461092267792e+01 1.933977107716981081e+01
2.573857796672997011e+01 1.944876113623571356e+01
2.574272204849204115e+01 1.911066371771888583e+01
2.574357412666358869e+01 1.904264159950150770e+01
2.575182692443561905e+01 1.890795357943975574e+01
2.575329180736411772e+01 1.833212908829422716e+01
2.575370501959866942e+01 1.965707792509770258e+01
2.575439955586185192e+01 1.917474468681905009e+01
2.576379551926045863e+01 1.814339021244273908e+01
2.577418279399916656e+01 1.888031403494265348e+01
2.577860999438788880e+01 1.864846842968404061e+01
2.578444266898141635e+01 1.855958757466710551e+01
2.578583256184718309e+01 1.991855746363107116e+01
2.580195563840181450e+01 1.944346988567766843e+01
2.580580175453341951e+01 1.983891808135980028e+01
2.581843440897784703e+01 1.895284674627923849e+01
2.582249151441058999e+01 1.981338662130339756e+01
2.582417783231840147e+01 1.844826594506842454e+01
2.583308239038572296e+01 1.907775884653112897e+01
2.584556481777914527e+01 1.907542716587065357e+01
2.584592151397334447e+01 1.802630338811602329e+01
2.585096910251368030e+01 1.970493002255622272e+01
2.585987968151065175e+01 1.836621680014767932e+01
2.586061975778392252e+01 1.869547268634174841e+01
2.586172757227950569e+01 1.841376063160206300e+01
2.586286615439718872e+01 1.950429152130223898e+01


2.432277105526910077e+01 1.863487081450831084e+01
2.432282961973622548e+01 1.881703962917000794e+01
2.432459867794686303e+01 1.899604346755192097e+01
2.432800351124528859e+01 1.877413639345156682e+01
2.432853500978031747e+01 1.881363895857463575e+01
2.433407586543564349e+01 1.814537895741979767e+01
2.433912219356998818e+01 1.983467211866364011e+01
2.434812440159110380e+01 1.836878503120084005e+01
2.434908204107611596e+01 1.858858320816261411e+01
2.435041122128556879e+01 1.810137635227731323e+01
2.435117523903159764e+01 1.880713077859387994e+01
2.435263583941062748e+01 1.939362303246095109e+01
2.436350843473926275e+01 1.852300100986814613e+01
2.436688899479486636e+01 1.965627611451192891e+01
2.437405644153945161e+01 1.906318938946071739e+01
2.437962565563702810e+01 1.878788291708730895e+01
2.438183305618663965e+01 1.828247210251356947e+01
2.438482669380305623e+01 1.901345487009418989e+01
2.439046985135577472e+01 1.888805546421003712e+01
2.439069802647836838e+01 1.832433112919756724e+01
2.439072665331224954e+01 1.866428420185919634e+01
2.439134118956514641e+01 1.885326094664142360e+01
2.439479127830677996e+01 1.946159235488923400e+01
2.441307430815053081e+01 1.959324615482785248e+01
2.442266168174898411e+01 1.933700315832354022e+01
2.442651604482679772e+01 1.928148482549542919e+01
2.442963459694269446e+01 1.936881102682412603e+01
2.443251862655430173e+01 1.912257192679392759e+01
2.443389602437004626e+01 1.934632280324466080e+01
2.443569474893893201e+01 1.929088282189061232e+01
2.443997407342169481e+01 1.920073427435803026e+01
2.444227991986339177e+01 1.956479583128931310e+01
2.444626744730707912e+01 1.928867576504641690e+01
2.444769177727683385e+01 1.981587847308740891e+01
2.445511709446363824e+01 1.906202396810704869e+01
2.445587610990970973e+01 1.949985749706848281e+01
2.445735743230724069e+01 1.823679359344614070e+01
2.445949885670449930e+01 1.955920848977714499e+01
2.446322665459458179e+01 1.822461975806006507e+01
2.446564585297954864e+01 1.958135107790263874e+01
2.446678227524513716e+01 1.904619692310330592e+01
2.447622580190175157e+01 1.833428800406392867e+01
2.447747001275408252e+01 1.835433299240123262e+01
2.448822660736023238e+01 1.909554208079089221e+01
2.448937933969125069e+01 1.819449786078730469e+01
2.449034530496770401e+01 1.877694487271600465e+01
2.449212011726147509e+01 1.912483964780367884e+01
2.449449494308521480e+01 1.968756068551488880e+01
2.449949767845543036e+01 1.848798731219768499e+01
2.450591021653937673e+01 1.917682991991094354e+01
2.450698429691195912e+01 1.859977899621884845e+01
2.451794920412307022e+01 1.865185915279488782e+01
2.452259375407804498e+01 1.959958829660524771e+01
2.452806189855335717e+01 1.915637824827772562e+01
2.452836720264008363e+01 1.909006921404281343e+01
2.453065607264164072e+01 1.836970254006054759e+01
2.454205372105682059e+01 1.816611916563208595e+01
2.454716494723061615e+01 1.884494479682735246e+01
2.454763479290227224e+01 1.906637245424978033e+01
2.455001285875942330e+01 1.885534617218126385e+01
2.455162361799924753e+01 1.929388158986543900e+01
2.455182404207885938e+01 1.917568951455510984e+01
2.455494708487544386e+01 1.861889981364754121e+01
2.455881438699516295e+01 1.976693869546846116e+01
2.456696222904673377e+01 1.974076620157794437e+01
2.458037038905107252e+01 1.863866672050743389e+01
2.458240177141098926e+01 1.968494886891207329e+01
2.459034195246055177e+01 1.875811661358323335e+01
2.459337085167809178e+01 1.851642914691356268e+01
2.459818058457045353e+01 1.964808479896354143e+01
2.459909376266606529e+01 1.874157537644997973e+01
2.459972216700768399e+01 1.849813797130168069e+01
2.460177153099677838e+01 1.949140378268972285e+01
2.460553729490726127e+01 1.957151658940048833e+01
2.460634007499045595e+01 1.849431429476214817e+01
2.460672816601707424e+01 1.966523078507936262e+01
2.461346425476722999e+01 1.858629905287551054e+01
2.462626478671829489e+01 1.850742203563183708e+01
2.462796043056151518e+01 1.846557764333071106e+01
2.463392780519399139e+01 1.846757631253502652e+01
2.463684828540796445e+01 1.974296077768046587e+01
2.464348272991047750e+01 1.882839376912921736e+01
2.464872192233584869e+01 1.832097203477345815e+01
2.465086207992848699e+01 1.882617835656606076e+01
2.465678795102048682e+01 1.915170539222987145e+01
2.465802812610903061e+01 1.919759744064020524e+01
2.467610669108219668e+01 1.910203755723520658e+01
2.468662881997371628e+01 1.842021959954125876e+01
2.471232828594145303e+01 1.839751980712748036e+01
2.472249240248438795e+01 1.945216828964151290e+01
2.473146714226089316e+01 1.883039040674127662e+01
2.474621243137004001e+01 1.902071185663055175e+01
2.474688343508492849e+01 1.863024125209088666e+01
2.474947052041771656e+01 1.871646943376744332e+01
2.475235364536623806e+01 1.942392441594160246e+01
2.475608508480886272e+01 1.931912601811629671e+01
2.476928172718916699e+01 1.866674338040500913e+01
2.480412621196404999e+01 1.842688243292594308e+01
2.481036670626027174e+01 1.957587861204952517e+01
2.485203257027728796e+01 1.920769607503786958e+01
2.485205246225065423e+01 1.864691880888103626e+01
2.486175543994342618e+01 1.942578625233190692e+01
2.487177194042729766e+01 1.916921223839295507e+01
2.487752773507709847e+01 1.946339208403266241e+01
2.488776754422029214e+01 1.939044694681086511e+01
2.489136202867262071e+01 1.904525979637261202e+01
2.489660380993962363e+01 1.859982897116817924e+01
2.489694484977434286e+01 1.875990315737296754e+01
2.490426586223595251e+01 1.934805803389223655e+01
2.492178449723276756e+01 1.924938271659960876e+01
2.493123530998681758e+01 1.871977151789667104e+01
2.494518036972383612e+01 1.923840003394025899e+01
2.494785059358773793e+01 1.900968301586791398e+01
2.497048340355811646e+01 1.889351441955887623e+01
2.498676673699038631e+01 1.903331543367768575e+01


2.301963820406895067e+01 1.896404153747822008e+01
2.303052688006831872e+01 1.919313573785581539e+01
2.308814326244784709e+01 1.898390444245310249e+01
2.312164897708861488e+01 1.942986089744327671e+01
2.312332816148455095e+01 1.944072644022494956e+01
2.313092432261897713e+01 1.878320576690144961e+01
2.313335975788488597e+01 1.931719928295967037e+01
2.314596173291559111e+01 1.943110254979297480e+01
2.314885067442067879e+01 1.862553559343704990e+01
2.315619703298302312e+01 1.847121843919376971e+01
2.315724566673630846e+01 1.917662204837866469e+01
2.316117717846377033e+01 1.950246947136466957e+01
2.316209377186989471e+01 1.901653087976113099e+01
2.317160078233816733e+01 1.914782340461441734e+01
2.317794933596811546e+01 1.942536115345464509e+01
2.318469174565646895e+01 1.914927565265887566e+01
2.322296343217453440e+01 1.899118670450315349e+01
2.322710939880010983e+01 1.934830661929120765e+01
2.323770434976322008e+01 1.869538167945938056e+01
2.324140679178043811e+01 1.860123532388245593e+01
2.324506558770296394e+01 1.896775634619136497e+01
2.324537348266586534e+01 1.882798443129041743e+01
2.325086293082794953e+01 1.904369998558851051e+01
2.325294278900299716e+01 1.884964008144908831e+01
2.326597402488821942e+01 1.850638530305890583e+01
2.327028480984365899e+01 1.917672842315389659e+01
2.327203149896743284e+01 1.917951770934181965e+01
2.327388729091623176e+01 1.901659896014212592e+01
2.327761363306038689e+01 1.853238813746293445e+01
2.327924684026772439e+01 1.845131273365042546e+01
2.328356426071212937e+01 1.944524081075437749e+01
2.328487175649150487e+01 1.968239122886997094e+01
2.328922652561495354e+01 1.932893698858125120e+01
2.329009368167247729e+01 1.899698834827061944e+01
2.330233716536161737e+01 1.868936407570086899e+01
2.330293678484423481e+01 1.928865511603463645e+01
2.331983447845363244e+01 1.838144382406699151e+01
2.332069744847112602e+01 1.834196283032386532e+01
2.332528630048222240e+01 1.910326413331063478e+01
2.332907936938265792e+01 1.932041448214029700e+01
2.333062501014180512e+01 1.970911857977356973e+01
2.334625529243108488e+01 1.914105080124828362e+01
2.334634936965996488e+01 1.827857686256247760e+01
2.334810896725576157e+01 1.918703733411547674e+01
2.335055863172007307e+01 1.917890641791495909e+01
2.335471607211855982e+01 1.913793355077772773e+01
2.338137642739988920e+01 1.975031484092484746e+01
2.339016490804694470e+01 1.848010045898564968e+01
2.339357482072786354e+01 1.830705727525049653e+01
2.339572551761313690e+01 1.877312443931271346e+01
2.339576814196123422e+01 1.827982859740633259e+01
2.339812838975352349e+01 1.842880173386422271e+01
2.340057322699898279e+01 1.951580488006715797e+01
2.340108686275349470e+01 1.920419639264657263e+01
2.340563928901260127e+01 1.972068591593618692e+01
2.342590196938152403e+01 1.980905991777831687e+01
2.342759799946201582e+01 1.929645801837054009e+01
2.343018354879913545e+01 1.899646620102040373e+01
2.343280328138829205e+01 1.861140267333876963e+01
2.344285662529796355e+01 1.912634797367246620e+01
2.344287120703185678e+01 1.968935749871220509e+01
2.344322203990166997e+01 1.954453722256185344e+01
2.344457784096577058e+01 1.977639298236083576e+01
2.344592340122493468e+01 1.867331477334616352e+01
2.345031430806907480e+01 1.905576039870847183e+01
2.345273920189638872e+01 1.921919392206344668e+01
2.345542140178827850e+01 1.949152571687019275e+01
2.346482827858535458e+01 1.895809549162790120e+01
2.346617913205203365e+01 1.827774788450686927e+01
2.347673385496335996e+01 1.849200516383902837e+01
2.348210557208890847e+01 1.847710332617635842e+01
2.348310209354142586e+01 1.886226393827414682e+01
2.348662111067720915e+01 1.924062589827446956e+01
2.349460334706084552e+01 1.918447989679525278e+01
2.350699713015764658e+01 1.940381773505928464e+01
2.350798153411335534e+01 1.822160452895364813e+01
2.350809158963289747e+01 1.833221803930275584e+01
2.351308000641442320e+01 1.895838087188279530e+01
2.351601949362337862e+01 1.874643105352653905e+01
2.352299026391636261e+01 1.959402399735313338e+01
2.352595572574285399e+01 1.921058161466612191e+01
2.352622569673996722e+01 1.883089789374206191e+01
2.353091363380730172e+01 1.898159870171132013e+01
2.353180689457838071e+01 1.903734004660990209e+01
2.353713476239359181e+01 1.866135736870187500e+01
2.353863100079930604e+01 1.960651840539883040e+01
2.354155892724002541e+01 1.915500480549403051e+01
2.354817529203993587e+01 1.903797933042200086e+01
2.355447109250529536e+01 1.983631148983429071e+01
2.355564834462844459e+01 1.887409040242039282e+01
2.355927268861437085e+01 1.921149984153563395e+01
2.355991517798321055e+01 1.875049556259843087e+01
2.356276305927090320e+01 1.958393340851170805e+01
2.356615409770224190e+01 1.884072640210717253e+01
2.356650052466809697e+01 1.903709073304885990e+01
2.356942868427700688e+01 1.847130763190171976e+01
2.357489322033089962e+01 1.901812223606616570e+01
2.357933229852792323e+01 1.924998476166990713e+01
2.357990504801786003e+01 1.894741812107115209e+01
2.358010918383894960e+01 1.879943189685181437e+01
2.358785106583156121e+01 1.906838148398856347e+01
2.359105013725393007e+01 1.821052893500117875e+01
2.359154730088286556e+01 1.858648035133699494e+01
2.359483007052515902e+01 1.815977510636259851e+01
2.359727541017107910e+01 1.816599266762238329e+01
2.359948727830925463e+01 1.914588062322431838e+01
2.360044025648408805e+01 1.843778404464600840e+01
2.360521549784666107e+01 1.823669926557907672e+01
2.360772426683590552e+01 1.887292722495185515e+01
2.361554399373486390e+01 1.974473326190827294e+01
2.361584962793599729e+01 1.985190023750937272e+01
2.362632683075712592e+01 1.963255446023163842e+01
2.362838772162014678e+01 1.939156927231119454e+01
2.363738600358936992e+01 1.859715668558675716e+01
2.363942764302943900e+01 1.960522028845188913e+01
2.363944925424278765e+01 1.916087409901119187e+01
2.364033619895637983e+01 1.822236394860759390e+01
2.364195654561104476e+01 1.839188247089727213e+01
2.365307791056991604e+01 1.814402560315805601e+01
2.365490684339774674e+01 1.938751046439770320e+01
2.366330494142101415e+01 1.833288670734464532e+01
2.367385800255949491e+01 1.832733854206384194e+01
2.367419861742506271e+01 1.953210105933550622e+01
2.367986557403218839e+01 1.870486211368020690e+01
2.368016078506385469e+01 1.889431652119178295e+01
2.369054700784490208e+01 1.986279411358525948e+01
2.369646036434262726e+01 1.871087803720671872e+01
2.369652918508984030e+01 1.930477887765905720e+01
2.370522462558519550e+01 1.822584757297773450e+01
2.370583358910564087e+01 1.863717117535868795e+01
2.370772707293464876e+01 1.981456693380328105e+01
2.370990610949862898e+01 1.883229874553496330e+01
2.371173306857025764e+01 1.815802926000023376e+01
2.371406506579900864e+01 1.945246843096458278e+01
2.371829165738621015e+01 1.935714430855502499e+01
2.371973041810521821e+01 1.986790114354403158e+01
2.372369294258295724e+01 1.862857274469747537e+01
2.373214517384919731e+01 1.871547788557991154e+01
2.373387995973824260e+01 1.878637984213419188e+01
2.373939499314166213e+01 1.959692452485827374e+01
2.374030485952507519e+01 1.922002839691291243e+01
2.374467221886067492e+01 1.957274115698008998e+01
2.374643236416529746e+01 1.858234528050806134e+01
2.375254665929901066e+01 1.887357202686461832e+01
2.375459940800009662e+01 1.878047489621225452e+01
2.375664556289003571e+01 1.873820333656430748e+01
2.377061311999925053e+01 1.919129482654906482e+01
2.377163485057517534e+01 1.828410093088978172e+01
2.377946658239305577e+01 1.967927449613819846e+01
2.378541091071867442e+01 1.832881901483029807e+01


1.547962388679868972e+01 2.081670812406247606e+01
1.548115092275936888e+01 1.919072929397629323e+01
1.548312301848074313e+01 2.070485810584628084e+01
1.548764035270057704e+01 1.987073366633403637e+01
1.550201202733570049e+01 1.936693602495925148e+01
1.550415774390312507e+01 2.049344509211598009e+01
1.551234346925403784e+01 2.063148724587786731e+01
1.551384752978699133e+01 2.079204769907753558e+01
1.552692728853199355e+01 1.946552805516268592e+01
1.552817252910173629e+01 2.012081573446248228e+01
1.553205995030653774e+01 2.052802662141638379e+01
1.553321391741360635e+01 2.084068265876862114e+01
1.553557877712862556e+01 2.023982623667463443e+01
1.553679427886897813e+01 2.019990493737559945e+01
1.554352368323402267e+01 1.999997896363165140e+01
1.555150196909802851e+01 2.044449461157214998e+01
1.556370861261386906e+01 1.979757984303953222e+01
1.556515359098632345e+01 2.022223981073425136e+01
1.556782911401341174e+01 2.037549553734283236e+01
1.557802594133675100e+01 2.024620309064331636e+01
1.558266385236656326e+01 2.017105748568507906e+01
1.558617323143308653e+01 1.941016372210735597e+01
1.558766840829706446e+01 2.010316883836559398e+01
1.559365790264349094e+01 1.988066759501030134e+01
1.560095140253688228e+01 2.077231882700844423e+01
1.560379127258236487e+01 1.953037447532873827e+01
1.560645848896759524e+01 1.953468725245303972e+01
1.561780053528626055e+01 2.064527608971476980e+01
1.562152539236911686e+01 1.928002628657078787e+01
1.562312218863907987e+01 2.009455523479062933e+01
1.563494121990160934e+01 1.990835360720449998e+01
1.563510768896529513e+01 1.970088891687628063e+01
1.563643110243059198e+01 1.943928063559052077e+01
