9.933431613102428059e+00 2.773620856530721213e+01
9.946445826745591745e+00 2.728124802339667809e+01
9.947284041935120058e+00 2.657713568581495167e+01
9.952693358460850348e+00 2.766422016345247314e+01
9.952997287316017960e+00 2.632484390393922169e+01
9.953429297477288884e+00 2.767089636221778193e+01
9.954100083474573424e+00 2.789790664614149662e+01
9.955056991088381935e+00 2.715790176287347180e+01
9.957059260287486779e+00 2.683458992394306364e+01
9.963732787927980894e+00 2.629155873825446577e+01
9.965861943442639870e+00 2.729195991806489729e+01
9.967333172978793954e+00 2.709505234730179524e+01
9.969519234258038765e+00 2.655309364744158884e+01
9.970538133647714574e+00 2.676576676717516889e+01
9.970599326501735860e+00 2.710673856466171117e+01
9.972169893529306606e+00 2.625173004795658471e+01
9.974619069005051131e+00 2.750845100235269669e+01
9.975907222273525221e+00 2.779796827695914274e+01
9.976477845291235269e+00 2.770222218533998415e+01
9.979412444995606535e+00 2.655916107335172072e+01
9.980173659970596134e+00 2.706705775016578031e+01
9.981117859008424631e+00 2.656541345082842653e+01
9.982026392517216351e+00 2.615983805763753978e+01
9.986714623869232810e+00 2.611250415116421664e+01
9.989260816920820574e+00 2.672450782134306380e+01
9.992295488784376900e+00 2.769121017050730771e+01
9.997658533823614135e+00 2.734913165276530478e+01
1.000471163587758916e+01 2.644184787533561476e+01
1.002634043423743293e+01 2.626114169691379985e+01
1.002689327811846098e+01 2.727449829968147910e+01
1.003782351967960196e+01 2.708145239826885842e+01
1.003804504344024728e+01 2.722939634903544004e+01
1.004401473023927416e+01 2.645528849820703243e+01
1.005676650694012686e+01 2.653848537092783388e+01
1.006206183148478317e+01 2.678636128856778242e+01
1.007281614628989352e+01 2.747794252947485205e+01
1.007990125341665788e+01 2.786017215163668936e+01
1.008077259086259758e+01 2.622055537113703494e+01
1.008137866143265349e+01 2.690088768675936137e+01
1.008292448045764722e+01 2.683770377814554919e+01
1.008512155086407347e+01 2.603330693401498763e+01
1.008624276000434961e+01 2.688555304247104871e+01
1.008627615267655564e+01 2.627721895473388969e+01
1.008713909427580191e+01 2.687293025805193381e+01
1.008925311269109493e+01 2.684822735562992335e+01
1.008997694085207186e+01 2.643020443978540968e+01
1.009811151643269511e+01 2.648717788548910335e+01
1.010002696971331737e+01 2.774653190979172379e+01
1.010802067467347420e+01 2.684565723225969336e+01
1.011141731609509087e+01 2.665294663616047544e+01
1.011466013611694059e+01 2.778751245190406038e+01
1.011898721725978056e+01 2.760978658278594722e+01
1.012376576645401904e+01 2.672338613624021875e+01
1.012496008992926022e+01 2.796011234719066962e+01
1.012537724309422771e+01 2.696096088967627225e+01
1.013210341354269239e+01 2.791297297456413418e+01
1.013488988828018478e+01 2.769599118534375748e+01
1.013501206286777467e+01 2.744060303511644605e+01
1.013654550186988246e+01 2.635909775898012697e+01
1.014387778956793973e+01 2.664641168599539256e+01
1.014693141398133314e+01 2.728803584116832326e+01
1.014780914057026173e+01 2.748036721613272348e+01
1.015447404680148580e+01 2.753681445866095245e+01
1.015522302332284355e+01 2.711844797725777667e+01
1.016573915894476698e+01 2.782956677904913434e+01
1.016651121920665979e+01 2.712146374894200562e+01
1.017528302397214546e+01 2.636864811424569766e+01
1.017681271979176216e+01 2.741604353923004922e+01
1.018048162198034312e+01 2.710533008457076320e+01
1.018123685761012887e+01 2.711127423709863038e+01
1.018156841079550112e+01 2.748990644454191212e+01
1.019191825156439357e+01 2.781790933507642904e+01
1.019592523941167528e+01 2.665421281462970526e+01
1.019740144259784742e+01 2.676737098722988151e+01
1.019810895881490076e+01 2.644736725984144243e+01
1.019943361570880747e+01 2.657594391591599603e+01
1.020047896872862836e+01 2.662746646133085804e+01
1.020199117679459455e+01 2.622723325905676717e+01
1.020366595249069341e+01 2.605863624470570983e+01
1.020524970335515746e+01 2.614787321714075219e+01
1.020922992809326146e+01 2.669035095648443701e+01
1.021330549305809932e+01 2.740220141115243990e+01
1.021643742173384339e+01 2.644183186234658933e+01
1.022746740063561610e+01 2.714678338336453223e+01
1.022937870383709047e+01 2.697078478197885332e+01
1.023045152513543066e+01 2.743441946787936914e+01
1.023216140509858718e+01 2.797223018512888260e+01
1.023419155442537409e+01 2.758631350457045883e+01
1.023587597750192657e+01 2.608176174523952895e+01
1.024137393789016492e+01 2.689757901971672283e+01
1.025067610173510602e+01 2.671773849119805888e+01
1.025463371338027763e+01 2.708456171527759082e+01
1.025711693078119069e+01 2.664671598597074009e+01
1.026677090555221739e+01 2.670581461643522303e+01
1.028061014844614540e+01 2.685483452022351969e+01
1.028427045246333371e+01 2.638941034904884475e+01
1.028576574507845720e+01 2.763057553398100197e+01
1.028663114110482901e+01 2.688068685981417971e+01
1.028825683015373826e+01 2.635565664079570425e+01
1.028835092547409680e+01 2.640841597804272212e+01
1.028898502681680682e+01 2.671176721769802853e+01
1.029033552642463079e+01 2.667489585806263364e+01
1.029469583669943589e+01 2.724468181629224617e+01
1.030423015950355925e+01 2.639600720110616905e+01
1.030437666057344615e+01 2.704452271858336232e+01
1.030742317994015878e+01 2.746036148745786321e+01
1.030890060820800613e+01 2.737119182100702375e+01
1.031238814661550052e+01 2.736385419210329317e+01
1.031438004439873701e+01 2.645245087310431487e+01
1.031574606447111186e+01 2.672462540887201854e+01
1.031791758575193541e+01 2.612746984668103067e+01
1.032576537121740223e+01 2.711750278933041258e+01
1.032975475746012428e+01 2.695528153281250994e+01
1.033468118596630703e+01 2.668764204203895218e+01
1.033654975635515605e+01 2.617847553998854693e+01
1.033965946601515817e+01 2.671095512087525847e+01
1.034075711290831023e+01 2.713344494448061894e+01
1.034363610461214122e+01 2.755164875522251222e+01
1.036149212332150960e+01 2.740545714911743502e+01
1.036177578021067092e+01 2.657377467749111233e+01
1.036598109321992744e+01 2.780305237463339196e+01
1.036984303101088933e+01 2.676583437009381683e+01
1.039686391716892722e+01 2.749464122081881712e+01
1.039844276809846590e+01 2.710779511958176613e+01
1.040321390818086478e+01 2.717012670431262222e+01
1.040821005257883236e+01 2.738769274734831072e+01
1.041293602860873868e+01 2.640848469786225650e+01
1.041795521373846256e+01 2.739259556876590906e+01
1.042950803430825069e+01 2.729563238612560383e+01
1.042980027977375990e+01 2.631055804600543269e+01
1.042997550884405555e+01 2.693291903172433521e+01
1.043060987766610559e+01 2.659538755453698755e+01
1.043515901997962558e+01 2.750122585876705728e+01
1.044277540961972939e+01 2.635407950206634453e+01
1.044418468943909595e+01 2.756986501799356049e+01
1.044624576267889182e+01 2.775295794015162087e+01
1.044970922356342236e+01 2.678619868209054644e+01


1.045698595076591708e+01 2.677794716569944455e+01
1.045735346961456536e+01 2.640308743869774943e+01
1.046908632297173014e+01 2.629855915061174798e+01
1.047767212434021822e+01 2.686272763076855696e+01
1.048509013865386486e+01 2.667905578917712006e+01
1.048937151440494198e+01 2.662617075763099805e+01
1.049037368951486826e+01 2.736757778918029516e+01
1.049167225121685298e+01 2.697583467925575818e+01
1.050328320275491123e+01 2.629707717913848342e+01
1.051867498111124632e+01 2.625198901661018525e+01
1.052298841924878481e+01 2.677908553534499703e+01
1.053191771275866451e+01 2.745771658114350089e+01
1.053669142072482146e+01 2.649517352247640645e+01
1.054282164371884356e+01 2.695510681806194242e+01
1.054291177284967951e+01 2.755006158991271903e+01
1.054772190891991990e+01 2.642027252588945530e+01
1.055136829562777834e+01 2.758119309615955572e+01
1.056098721681205710e+01 2.643424120766780305e+01
1.056174137949159331e+01 2.694953083325339094e+01
1.056217386283157467e+01 2.634172382436061355e+01
1.056742727533030290e+01 2.672801390368332974e+01
1.056904176789534766e+01 2.736786800493747762e+01
1.057652199452433983e+01 2.622599754456180676e+01
1.057922528371604187e+01 2.662960263988125220e+01
1.058598993953305367e+01 2.669230783611235580e+01
1.059574126607146205e+01 2.701294154401552561e+01
1.059632480861638015e+01 2.727252077021378085e+01
1.060735982025198076e+01 2.701911841891136845e+01
1.061349891554481140e+01 2.694333138128772376e+01
1.062625303882878924e+01 2.742727381381339313e+01
1.062948840013130258e+01 2.679022922604342938e+01
1.063650915846151435e+01 2.672593869517305976e+01
1.064585739525808883e+01 2.644882681709286132e+01
1.064685139278544135e+01 2.707618155314126440e+01
1.065918305509898900e+01 2.733814757834021592e+01
1.066265705253716511e+01 2.640498014665362092e+01
1.067237611069240266e+01 2.709672526543870674e+01
1.068039184034338618e+01 2.767505244854116597e+01
1.068260965608604174e+01 2.655828139529275589e+01
1.069015397001355261e+01 2.682741464099729711e+01
1.069931338875545812e+01 2.662240103146479342e+01
1.070358814579211781e+01 2.688671595471994280e+01
1.070539228122891018e+01 2.741295963598345153e+01
1.071239283423166988e+01 2.675441082184950758e+01
1.072797308330337351e+01 2.722570542940727378e+01
1.073315776557842582e+01 2.682887016423789106e+01
1.073428211605283167e+01 2.723619246615442435e+01
1.073480079848197022e+01 2.644057961295624537e+01
1.074130073032169364e+01 2.742387870624297008e+01
1.074392526392108138e+01 2.685480095964637925e+01
1.075252675946152792e+01 2.677258682423700620e+01
1.075635246209943752e+01 2.640109803566577895e+01
1.075860524735356449e+01 2.672016901875302253e+01
1.076802691385693400e+01 2.640290051545487771e+01
1.076945003902316778e+01 2.648760656679102965e+01
1.077053668997239377e+01 2.724636161303453719e+01
1.077352044275423992e+01 2.659022946560636669e+01
1.079184314669936740e+01 2.662276529874214503e+01
1.079213391335897043e+01 2.693773698203504097e+01
1.079237760164602378e+01 2.646344209850516904e+01
1.079345742099189387e+01 2.677118997665854394e+01
1.080915257480912750e+01 2.644933787400008995e+01
1.080963047416349632e+01 2.720914680628040472e+01
1.081519458640082476e+01 2.757210311979072870e+01
1.082021960031410224e+01 2.694010182120038621e+01
1.082231518837552642e+01 2.654393918811031838e+01
1.082642523107712407e+01 2.708958414029706674e+01
1.083026941697253953e+01 2.660668986637631761e+01
1.083222304451656726e+01 2.684328123992565551e+01
1.083938859141253275e+01 2.743643835043754464e+01
1.084934266320974672e+01 2.647742162346019157e+01
1.087193157912180297e+01 2.697761193234042665e+01
1.088488993483921341e+01 2.713034110675301491e+01
1.088598305551971279e+01 2.703742284870485335e+01
1.089976241899108267e+01 2.659394496603936986e+01
1.089994978390709335e+01 2.706787955029588844e+01
1.090366422605370467e+01 2.673320441801946856e+01
1.092782410116626757e+01 2.666088928262013980e+01
1.093906791908211851e+01 2.708680157480482364e+01
1.095333433183153815e+01 2.681284264141790885e+01
1.096859065404801115e+01 2.677950985527818162e+01


3.000372920649062536e+01 2.904386692222104216e+01
3.003732001680444341e+01 2.905630653547546061e+01
3.004668568036304421e+01 2.874644528017078571e+01
3.004921388915420266e+01 2.894125731625695508e+01
3.008328860599628740e+01 2.884325642947017343e+01
3.009829164334188079e+01 2.858527280837428108e+01
3.010733743959146125e+01 2.881541971289949444e+01
3.011488204784153666e+01 2.925591045268413026e+01
3.012020977607101457e+01 2.895768674783423791e+01
3.012530545449843089e+01 2.870933717838607180e+01
3.013572367758570181e+01 2.921850688088625247e+01
3.013983565339160364e+01 2.895354622868036287e+01
3.014045159513020522e+01 2.884822834539788516e+01
3.014175208717563237e+01 2.890093906752619901e+01
3.015599831016949040e+01 2.953008832612109913e+01
3.017117134321319227e+01 2.931898147545832956e+01
3.018421409394420252e+01 2.943322666916085950e+01
3.020549186065719383e+01 2.946501695894599493e+01
3.021410237852396818e+01 2.880560493565366897e+01
3.021684137390645120e+01 2.955475377778411783e+01
3.021711120925676752e+01 2.927612007031810393e+01
3.023923835560561812e+01 2.923493838603968342e+01
3.024627901000276609e+01 2.948966087632082989e+01
3.024890798046946472e+01 2.874663584418685147e+01
3.025149679070399955e+01 2.960614231915904426e+01
3.026081947873606026e+01 2.944698483119966426e+01
3.026465572995396869e+01 2.924434684239560767e+01
3.026512468792369503e+01 2.955506395210379367e+01
3.027018024219467662e+01 2.950279106100169102e+01
3.027595634122969059e+01 2.929405376041439624e+01
3.027675108347512989e+01 2.912842157510026198e+01
3.033285207356056645e+01 2.955676067712452948e+01
3.033811425749149393e+01 2.827200899195710804e+01
3.034123601543412008e+01 2.947554475424918508e+01
3.034405063957737880e+01 2.910529698881902760e+01
3.035305445367514920e+01 2.907902994813616004e+01
3.036175114361551408e+01 2.976654747816274238e+01
3.036754706996484643e+01 2.925505938818522012e+01
3.036871150003779007e+01 2.847099608359688006e+01
3.036935749281346730e+01 2.865859966455543528e+01
3.037500215298500095e+01 2.954327500198768774e+01
3.037981483514968772e+01 2.884890338587177894e+01
3.038339903225606164e+01 2.864763752981798461e+01
3.039729671524088772e+01 2.909039845629372678e+01
3.039857942134748114e+01 2.957193041420667612e+01
3.040080086718621288e+01 2.922245599174417308e+01
3.040426088151070871e+01 2.940953153831381783e+01
3.040948049538513231e+01 2.900905829252302581e+01
3.041239070636881081e+01 2.941296615902211187e+01
3.041947608203697229e+01 2.955628096278004335e+01
3.041972586653353261e+01 2.861847508016363406e+01
3.042678692331675450e+01 2.829195618717877281e+01
3.043046419361827404e+01 2.829117847360484461e+01
3.043364476693315623e+01 2.865666932754548668e+01
3.043884028612330184e+01 2.860022108580694322e+01
3.043932688528293085e+01 2.831275858804401224e+01
3.044492083331551768e+01 2.963352333207776113e+01
3.044534423323145589e+01 2.868540229718584555e+01
3.045344735665104352e+01 2.867421640311446751e+01
3.046013453965535334e+01 2.865159032779812165e+01
3.046114068120228424e+01 2.938388579668000133e+01
3.046715740929435512e+01 2.868269872735418247e+01
3.046808166667947759e+01 2.874144960314475128e+01
3.047931762594152261e+01 2.920549070776215927e+01
3.048757308397357590e+01 2.907137928001500171e+01
3.049221523384517951e+01 2.831937647255226054e+01
3.049363315753185688e+01 2.848581787612327076e+01
3.050401127916935451e+01 2.853439500902924664e+01
3.050956110064062798e+01 2.904762616105384154e+01
3.051024897058000107e+01 2.818839334727374890e+01
3.051092304655491816e+01 2.972152543471257147e+01
3.051296198511641222e+01 2.834304624168265363e+01
3.052334322481606321e+01 2.865478952033655702e+01
3.052637098944938288e+01 2.815162546682569200e+01
3.052856549932018027e+01 2.953058680126682845e+01
3.053353625691739026e+01 2.859711296787535417e+01
3.053640638319534872e+01 2.966155948859702107e+01
3.054037118596371059e+01 2.910520956971377160e+01
3.054444105437473667e+01 2.922815169177402694e+01
3.054559859611767436e+01 2.977212454443990453e+01
3.054612298334433973e+01 2.981288942393655006e+01
3.055305694180602671e+01 2.878554383773478520e+01
3.056165706167264773e+01 2.981981737615880235e+01
3.056444183527416669e+01 2.881996338785675960e+01
3.056522069225829341e+01 2.908165279989504981e+01
3.056673234948949869e+01 2.964878171426044062e+01
3.058416514068263226e+01 2.985410242558418048e+01
3.058609760372343800e+01 2.977958504761220127e+01
3.059082800530464397e+01 2.853396111649793809e+01
3.059606916978910363e+01 2.865735753385283147e+01
3.059818383355216298e+01 2.824964454476895881e+01
3.060943245575728611e+01 2.989372799146247672e+01
3.063247749260539621e+01 2.900930012422612947e+01
3.063253623498329858e+01 2.891733110748027968e+01
3.063260035271471793e+01 2.811270996023425539e+01
3.063337830306491583e+01 2.838138831622120151e+01
3.064209156258167965e+01 2.908870638268046704e+01
3.064228369445800837e+01 2.922522032058465413e+01
3.064414170456480591e+01 2.916840068480345494e+01
3.065348374703983581e+01 2.864424784005059621e+01
3.065414832917676335e+01 2.937829316270589786e+01
3.065653436196312853e+01 2.942677046001714203e+01
3.066081734721456442e+01 2.916825292394322489e+01
3.066238413405021390e+01 2.832845525545246801e+01
3.066611567009213957e+01 2.992735138672983908e+01
3.066659439238327778e+01 2.843693077733617969e+01
3.067982547257221526e+01 2.943534127846491444e+01
3.068029463886480457e+01 2.857001308948562368e+01
3.068235485859318246e+01 2.908767847996289291e+01
3.068598364514595289e+01 2.880739072377755861e+01
3.068861701622767768e+01 2.931928104281507430e+01
3.068874543220261941e+01 2.992569586773925749e+01
3.069086313938934296e+01 2.917594833079654038e+01
3.069738236333338932e+01 2.990675008826307391e+01
3.070020892966293857e+01 2.886912601141145984e+01
3.070294724779133944e+01 2.842502559609885893e+01
3.070478536237346390e+01 2.952320415279731236e+01
3.071002637575064753e+01 2.924668701741265053e+01
3.072185987641131177e+01 2.869151899602379530e+01
3.072260821036186940e+01 2.840718000488503847e+01
3.072786586592349778e+01 2.879615018417494454e+01
3.072826615284381901e+01 2.961933595643650108e+01
3.073745208566439402e+01 2.972976580099551214e+01
3.073778237883501063e+01 2.849658820135397619e+01
3.074152109104176844e+01 2.889531004563574967e+01
3.075226290788332051e+01 2.934336632753709395e+01
3.075518785401450472e+01 2.831843768139958328e+01
3.075778185946437659e+01 2.978759091967863171e+01
3.076012930944520818e+01 2.947763786352568971e+01
3.076291498017702253e+01 2.873317363984354600e+01
3.077443515446071487e+01 2.898451142859579832e+01
3.077890423279490406e+01 2.871783986772393504e+01
3.077966423160989251e+01 2.887178225025149558e+01
3.078141699798050723e+01 2.884350171351012548e+01
3.078198943711170799e+01 2.953596775382118622e+01
3.078380517155919804e+01 2.858068198711829311e+01
3.078395047773839366e+01 2.931288407422137965e+01
3.078495720166771932e+01 2.835542735347135235e+01
3.078717121035564475e+01 2.924966998501879800e+01
3.078802858106451978e+01 2.969691097099600086e+01
3.079146285214218537e+01 2.903754706192709278e+01
3.079164720716081050e+01 2.993822523138986824e+01
3.079851348105195896e+01 2.824692127971440669e+01
3.080670623893905713e+01 2.812143782791100577e+01
3.080936679890676189e+01 2.862603636477123814e+01
3.081208902529275306e+01 2.975811239331580538e+01
3.081436343365342267e+01 2.978083077174105853e+01
3.081440904502432332e+01 2.933282490004025789e+01
3.082357895860811325e+01 2.854214017680594750e+01
3.082448058500974852e+01 2.874464012165507398e+01




3.153118291087954361e+01 2.852158005837645049e+01
3.153143379745209174e+01 2.917856234616575861e+01
3.153890526694467056e+01 2.919959664035045677e+01
3.156369378853475283e+01 2.847495197960106239e+01
3.156577156998321243e+01 2.941185323925748563e+01
3.156702337546659720e+01 2.933662290173626630e+01
3.156779935211745780e+01 2.854268164530640917e+01
3.156943907067375932e+01 2.969627682982373074e+01
3.157579446421617320e+01 2.927673261142705741e+01
3.158477903116763486e+01 2.875933804333144295e+01
3.159282414541991102e+01 2.874453031529449731e+01
3.160172338538816206e+01 2.945484622527435903e+01
3.160682300080390306e+01 2.858498052762071850e+01
3.160874946433600385e+01 2.949600937791389299e+01
3.161043422589799334e+01 2.933788547992179119e+01
3.161613045883997586e+01 2.968810716465374711e+01
3.161627933600184548e+01 2.937194605840931771e+01
3.161762828555060878e+01 2.904635850081906057e+01
3.162582223393703629e+01 2.976202344449497872e+01
3.162639278073174154e+01 2.870131615367868605e+01
3.162789208631756921e+01 2.945021080794646906e+01
3.163118780470054148e+01 2.924256225817508081e+01
3.164068422535806491e+01 2.877546797335055118e+01
3.164256366117361097e+01 2.900109526589526610e+01
3.164789140227993869e+01 2.973546019677918295e+01
3.165112659143268559e+01 2.902784955308646531e+01
3.165247973225907430e+01 2.858232678728602494e+01
3.165441916919636256e+01 2.871939888648622841e+01
3.165758606326253854e+01 2.891345167559182272e+01
3.165781435060114291e+01 2.966327895611721388e+01
3.166857140068616516e+01 2.929635318025727742e+01
3.167045767015688185e+01 2.825928562563877833e+01
3.167765588231790375e+01 2.913975904926915561e+01
3.168802199500639460e+01 2.887379105661646506e+01
3.169097966126181376e+01 2.869483779716212979e+01
3.169507771021627107e+01 2.923084281707876642e+01
3.169662398567834316e+01 2.927138248925752251e+01
3.170604929132931105e+01 2.854710913010305973e+01
3.170880546166216973e+01 2.863397823063070291e+01
3.171533669824171042e+01 2.842590926494904124e+01
3.172387404951850343e+01 2.852273265285615622e+01
3.173046816814517257e+01 2.892817917296196484e+01
3.174259968604858884e+01 2.964085207692761514e+01
3.174515874530156267e+01 2.883337193509805374e+01
3.175380726934834641e+01 2.912303433164913002e+01
3.175559835698330957e+01 2.899961661851490646e+01
3.176346165043531400e+01 2.836985053852853156e+01
3.177389530148442987e+01 2.890154378206216634e+01
3.178315562139001216e+01 2.920114253336527810e+01
3.182986147058078075e+01 2.850897771015145565e+01
3.183099967679189390e+01 2.928973455486972810e+01
3.183979460877856127e+01 2.865120844006530021e+01
3.184489991734263370e+01 2.945102832590169939e+01
3.185107469629352650e+01 2.918300000387736404e+01
3.185509752954160589e+01 2.875487027466873258e+01
3.186168373531063835e+01 2.921463922147199099e+01
3.187507840438394879e+01 2.872429817105028604e+01
3.187656029996307794e+01 2.893405092884367136e+01
3.187700647311119084e+01 2.925103127743501474e+01
3.191608917164830572e+01 2.930682282141473394e+01
3.192916267267579045e+01 2.916547522840005158e+01
3.196949282142257331e+01 2.880659086871935060e+01
3.198272979699283169e+01 2.914667613766279075e+01










1.384374130933989733e+01 2.983141707153918176e+01
1.384632690087293660e+01 2.854231178302280725e+01
1.384819661108696032e+01 2.967854821856126790e+01
1.385762763050922608e+01 2.862985091888204181e+01
1.385920612455186784e+01 2.858058817708018751e+01
1.386434442171945314e+01 2.826550854740709084e+01
1.386595095741795269e+01 2.877274314166224656e+01
1.387130954549608397e+01 2.875275647434447279e+01
1.387146775337340365e+01 2.962298450108805525e+01
1.387365425381954154e+01 2.973461745698397252e+01
1.387884340233998337e+01 2.934945887586578905e+01
1.388137364540984819e+01 2.886235093686297049e+01
1.388727115536790357e+01 2.912711876033700520e+01
1.388757846015948694e+01 2.932736258819721442e+01
1.388929183667204903e+01 2.933997996539289943e+01
1.389385514593510074e+01 2.917318845211257994e+01
1.390014389292330677e+01 2.967257860145103976e+01
1.390046090657701150e+01 2.879048485280411995e+01
1.390162185157611674e+01 2.880170066489462855e+01
1.390628437117463889e+01 2.846289140789587080e+01
1.390628964463473061e+01 2.936527728910155588e+01
1.391742909180731402e+01 2.961967201754242751e+01
1.391827009292375905e+01 2.986870666397857477e+01
1.392025929037431808e+01 2.941698342157846824e+01
1.392533390928378090e+01 2.823579609798004597e+01
1.392666246756096804e+01 2.967666763856514933e+01
1.392677354294805703e+01 2.922323043713773671e+01
1.393161098405307108e+01 2.810692285396497070e+01
1.393597386255796877e+01 2.824176291899817315e+01
1.393957354934854642e+01 2.854058010277360680e+01
1.393987644723213393e+01 2.931452069474931221e+01
1.394234868663949811e+01 2.993680112770574198e+01
1.394664162698155074e+01 2.925703746696884266e+01
1.395419567826526652e+01 2.965072527637661537e+01
1.395612222007975056e+01 2.920283016033257439e+01
1.395706667859152361e+01 2.996965902559956163e+01
1.395923698028806470e+01 2.908617221465239666e+01
1.396318685937282922e+01 2.969264562101210103e+01
1.396343769698752446e+01 2.850098602589352836e+01
1.396873319755361287e+01 2.906189825956383643e+01
1.397174407712781630e+01 2.872467003996300150e+01
1.397541539320865667e+01 2.819130389442874929e+01
1.397720249193701036e+01 2.890204793744762668e+01
1.398692266946354401e+01 2.831268489009834255e+01
1.398819553666657178e+01 2.965318211456876085e+01
1.399315519090237814e+01 2.866191536438225995e+01
1.399701423819074009e+01 2.801103571613289489e+01
1.400095951011347672e+01 2.951069043042588547e+01
1.400306292062754210e+01 2.876502971344582349e+01
1.400668937678501358e+01 2.938916149454606241e+01
1.400899871457262691e+01 2.958441333229373171e+01
1.400935652645741669e+01 2.978149029264108094e+01
1.401618214991875355e+01 2.805343713161427033e+01
1.402187933098927175e+01 2.948166734439041292e+01
1.402313722263648899e+01 2.904144471936045235e+01
1.404093614103402565e+01 2.923595423664220760e+01
1.405014117873809454e+01 2.834862937173998887e+01
1.405537704317269920e+01 2.825692836606924985e+01
1.405601630778321010e+01 2.860612586351541609e+01
1.405605163982741068e+01 2.920274455623750143e+01
1.405956779099008003e+01 2.848335721869991488e+01
1.406647950023477200e+01 2.859003254497949342e+01
1.406722476207604089e+01 2.938704851836692811e+01
1.406976971934432363e+01 2.841052519322151682e+01
1.407319078799852008e+01 2.960404903585654779e+01
1.407506777808401388e+01 2.829006250811895384e+01
1.407652572704906468e+01 2.802335067677889668e+01
1.408344315660501778e+01 2.874306009313632515e+01
1.409044384570860942e+01 2.874690131037655405e+01
1.409365546716316508e+01 2.954058891495610695e+01
1.409861831162642964e+01 2.908273416284282220e+01
1.410717060866274863e+01 2.919384677265583150e+01
1.412787260311259274e+01 2.924515281098358344e+01
1.412849764827857868e+01 2.996794185700115776e+01
1.412849817855913415e+01 2.861531461677287425e+01
1.414314964199714630e+01 2.973012122423104131e+01
1.414335202173762163e+01 2.955861306513745390e+01
1.414513321363030407e+01 2.904247653077409552e+01
1.415412980144297883e+01 2.967487131863776284e+01
1.415581118694852059e+01 2.802822236152739066e+01
1.415670165705495265e+01 2.896734986635167886e+01
1.415725393006256105e+01 2.833641678543346387e+01
1.415734399773467622e+01 2.834306461640030150e+01
1.415823935358155516e+01 2.877318817962948216e+01
1.416307038451937039e+01 2.872786060114913198e+01
1.416852855318449222e+01 2.977832886907074794e+01
1.417367850000593954e+01 2.838963268483518831e+01
1.417826659533396771e+01 2.861631692743178235e+01
1.417977642696379093e+01 2.974007043307341647e+01
1.418040191379784787e+01 2.928271435587497251e+01
1.418820339964942434e+01 2.886699649432544135e+01
1.419920826622694499e+01 2.928022238259935506e+01
1.420226442908752951e+01 2.814843426302999418e+01
1.420387820862996087e+01 2.897441860205522346e+01
1.420423475405885938e+01 2.961600048250491213e+01
1.420924710401638968e+01 2.899797632148605331e+01
1.421258493869665429e+01 2.859888374542377676e+01
1.421348589828224895e+01 2.840917339172591127e+01
1.421626669130954923e+01 2.833294104095711319e+01
1.421999645342200225e+01 2.902448450546042835e+01
1.422055951774924942e+01 2.957567388009253051e+01
1.422622698502107674e+01 2.919069005433109609e+01
1.423897131279997197e+01 2.929155425234374377e+01
1.424074150842644571e+01 2.867754448062318673e+01
1.424272678915239432e+01 2.996948373685300737e+01
1.424357945324045716e+01 2.895145595468077815e+01
1.424835402292671205e+01 2.994577320896544492e+01
1.425063925916031238e+01 2.803896197952856539e+01
1.425108185325104415e+01 2.939300528685153679e+01
1.425224237468884603e+01 2.870935874832203538e+01
1.426249303671032997e+01 2.935000552380671834e+01
1.426270400972281038e+01 2.931183680963192373e+01
1.426486646428214833e+01 2.893701585390524755e+01
1.426637978827519859e+01 2.921705187934121994e+01
1.426860801581251437e+01 2.864189349277797092e+01
1.426869079738738577e+01 2.896667409128195203e+01
1.427463199549243811e+01 2.920312956855411812e+01
1.428155175151103506e+01 2.950815502301903592e+01
1.428374270075093655e+01 2.969990587594647380e+01
1.429093198297594647e+01 2.848671173735120021e+01
1.429414027835901635e+01 2.994193708854353275e+01
1.429768984092430273e+01 2.944491914519089093e+01
1.429916914797017569e+01 2.907667100956499695e+01
1.430119381950535917e+01 2.807512138832451143e+01
1.430253885054183449e+01 2.932647425815883224e+01
1.430524230309540812e+01 2.859636528889182472e+01
1.431340519827092983e+01 2.840225925870579005e+01
1.432225451398531391e+01 2.843792228638890762e+01
1.432535278609026719e+01 2.849692859019310731e+01
1.432584353770216623e+01 2.940943224524183819e+01
1.433844527382504275e+01 2.880649562946938858e+01
1.435029579582436021e+01 2.826874534681261864e+01
1.435307473815984025e+01 2.933998340355594792e+01
1.435668325183761773e+01 2.816056742442164662e+01
1.435741353271428089e+01 2.953162975663502721e+01
1.435814785301954899e+01 2.958329817818213314e+01
1.435967162397050423e+01 2.916118687457458947e+01
1.436076583347237623e+01 2.840982595466740790e+01
1.436684094810922829e+01 2.897165531001104810e+01
1.437200439925629247e+01 2.870792225861882940e+01
1.437349124753728269e+01 2.875000653131947459e+01
1.437559337823212502e+01 2.921081898010177014e+01
1.437572387160772358e+01 2.989864333170505262e+01
1.437916049557666298e+01 2.963274289752082424e+01
1.437987009511376790e+01 2.882734376595297121e+01
1.437992809128148153e+01 2.890769563343575399e+01
1.438017859896161710e+01 2.840998707972326187e+01
1.438369874297173823e+01 2.862314130244043753e+01
1.439097028557241664e+01 2.962465420935179239e+01
1.439158283603516431e+01 2.837648631984808389e+01


1.439226037908231426e+01 2.901778630759308086e+01
1.439263716027984330e+01 2.901838274221683278e+01
1.439266004582655789e+01 2.940375724690146342e+01
1.439330682576834874e+01 2.968173893021915788e+01
1.439684533892215512e+01 2.920185029240469632e+01
1.440341815903441969e+01 2.834965096050975575e+01
1.440740020738248539e+01 2.958993965870588383e+01
1.440838932702226671e+01 2.835331122583911778e+01
1.441015011824255154e+01 2.988627971602990741e+01
1.443063580664817280e+01 2.937784203089873358e+01
1.443261714497518611e+01 2.879603767531989789e+01
1.443529493992583923e+01 2.966762608172637528e+01
1.443591154832150814e+01 2.875944436720263653e+01
1.444241916209487719e+01 2.969943736346976237e+01
1.444599993296601959e+01 2.980997780877132541e+01
1.444945087241157999e+01 2.846501907290077682e+01
1.445407344667649951e+01 2.924103969126330682e+01
1.445484177708494400e+01 2.972875023976315134e+01
1.445939138128651535e+01 2.934457612398196247e+01
1.446376991126598455e+01 2.830348116549333781e+01
1.446783443996022278e+01 2.905726071830211055e+01
1.447014692480275677e+01 2.884060565453386360e+01
1.447349879943521955e+01 2.900157962416226809e+01
1.448180217240545176e+01 2.889093760528522381e+01
1.448196385913849049e+01 2.827621470967345374e+01
1.448223890562080030e+01 2.927579531623368680e+01
1.448866825610730658e+01 2.946339089288620627e+01
1.449021604330174640e+01 2.911539263766407259e+01
1.449565002175644146e+01 2.914094271974000705e+01
1.449717637465589526e+01 2.918605039957948577e+01
1.450189441086602571e+01 2.816508374883458998e+01
1.450195460375711676e+01 2.846881113589737566e+01
1.450592147939736520e+01 2.831471202135340448e+01
1.451179974005798989e+01 2.829057296055155746e+01
1.451704298455075737e+01 2.856417667043982789e+01
1.452108751206376880e+01 2.912817819968655542e+01
1.452156277848364496e+01 2.814832341948861583e+01
1.452216862359075122e+01 2.928161041275236798e+01
1.452846888286221905e+01 2.868230480816421490e+01
1.453399559815623121e+01 2.885041509402520177e+01
1.454009425023119206e+01 2.976028125687418679e+01
1.454083326592391678e+01 2.848681579029880950e+01
1.454588925752298145e+01 2.950370374678551144e+01
1.454668103251592548e+01 2.936634323112078349e+01
1.455066654728766373e+01 2.983267402065233753e+01
1.455670232201624792e+01 2.842718311515551122e+01
1.456100898798440113e+01 2.886201302930697565e+01
1.456176062316177422e+01 2.926324383233605175e+01
1.456849831812007778e+01 2.918528471270579416e+01
1.457195069623307759e+01 2.855084566708627136e+01
1.457678458672785915e+01 2.839395112553394895e+01
1.457869358202599486e+01 2.946608373808572168e+01
1.458194831359467436e+01 2.921033815080701146e+01
1.458213575082427127e+01 2.979679921646146568e+01
1.458466757179572326e+01 2.870701221299231420e+01
1.458845239648429448e+01 2.826681474532091087e+01
1.459250028833230672e+01 2.904931077974016063e+01
1.460991001015512758e+01 2.888869624352598109e+01
1.462050529592483628e+01 2.908872569877889802e+01
1.462346515282172277e+01 2.845053138768034984e+01
1.463281611566180729e+01 2.928171287793774269e+01
1.463934667921982147e+01 2.918532985547526337e+01
1.464079538862467444e+01 2.946026565458516444e+01
1.464229313572926294e+01 2.843928339196361321e+01
1.466251018012020424e+01 2.901174488375218274e+01
1.466782742744136492e+01 2.955765285371094464e+01
1.467103354214287769e+01 2.836116362143139824e+01
1.467429620651378386e+01 2.885998679104727671e+01
1.468082537942637522e+01 2.960937641683229060e+01
1.468218439327479352e+01 2.969065548666350907e+01
1.469736904166163782e+01 2.942652917121607103e+01
1.469837555294629716e+01 2.916473517651279934e+01
1.470192227250784534e+01 2.909333856847505828e+01
1.470237284461249949e+01 2.892512343973221434e+01
1.471285564033489379e+01 2.916750250403760347e+01
1.471671361787862331e+01 2.903852005512689161e+01
1.471702478883104703e+01 2.935940196246681211e+01
1.472715851598988657e+01 2.869087269657892847e+01
1.475552489488035768e+01 2.834782455825582659e+01
1.475699413331691368e+01 2.899473534157767673e+01
1.479185699393556419e+01 2.908602987937837625e+01
1.479214623742301704e+01 2.960675604047333209e+01
1.479633207489814595e+01 2.913898395670602071e+01
1.481860480447929262e+01 2.874882763333880931e+01
1.483426110704384904e+01 2.908224091753223917e+01
1.484388739545272173e+01 2.873331365047148367e+01
1.485359895170136824e+01 2.864852882541010004e+01
1.485768305573616388e+01 2.855085575361474071e+01
1.486629980628359604e+01 2.923422160986082474e+01
1.487061427233864919e+01 2.893446762936550343e+01
1.488346070739529914e+01 2.907206579594720708e+01
1.492392410925788582e+01 2.896256846624170223e+01
1.494268432224408727e+01 2.902472346205352594e+01
1.495081244899229667e+01 2.921610314223737959e+01
1.496177472143710574e+01 2.914043010213363516e+01


2.037592860169950004e+00 3.095800811337735681e+01
2.038200039483121007e+00 3.076720102904213050e+01
2.049291180598690865e+00 3.106541429081671879e+01
2.054971815603246377e+00 3.108649199161142462e+01
2.070464584401446650e+00 3.102710012974724663e+01
2.076200497191102112e+00 3.118250939201253402e+01
2.093330024707615422e+00 3.095320303411459406e+01
2.100014830944029853e+00 3.091690610979016895e+01
2.120007332272900058e+00 3.074494549919833730e+01
2.125204689041103823e+00 3.093763875529889162e+01
2.125336952723818396e+00 3.132294501671750808e+01
2.152674686281944361e+00 3.097368656601284087e+01
2.154374717120585370e+00 3.120660367029508109e+01
2.155589658270748998e+00 3.047286890479341537e+01
2.161923693385669143e+00 3.112822516887815993e+01
2.164143519993122489e+00 3.113446097939065282e+01
2.169691133771794789e+00 3.133232520700590484e+01
2.226922624043210064e+00 3.104173800116412707e+01
2.227223510485154101e+00 3.075534832767007387e+01
2.227394033131442797e+00 3.095914061011136198e+01
2.244004574814867148e+00 3.075575410936062326e+01
2.246607971402234671e+00 3.143044779873989469e+01
2.263483070785516027e+00 3.141281973647438974e+01
2.263612564631782842e+00 3.033505837165018804e+01
2.264030553426620962e+00 3.122527660580830400e+01
2.265243542343163163e+00 3.059995716275519584e+01
2.268684921314161329e+00 3.153195388582377134e+01
2.280249734717378907e+00 3.065817949701821021e+01
2.280400779626908125e+00 3.095130489669522333e+01
2.289317647499214736e+00 3.093661781877409211e+01
2.293783953324584068e+00 3.071982225738281258e+01
2.307146201528875284e+00 3.126191235809903191e+01
2.316091237579422035e+00 3.066129365303566345e+01
2.340281831174741534e+00 3.052097376297197684e+01
2.341683449633372049e+00 3.099744265178368252e+01
2.344214800591668091e+00 3.034082500414571371e+01
2.348836037906437468e+00 3.086702534836610567e+01
2.354216997918078036e+00 3.071701977079117896e+01
2.355145188132572898e+00 3.063751335879124937e+01
2.365089498838044868e+00 3.027733224696552838e+01
2.365126508958282248e+00 3.118539802557590335e+01
2.371543014682668371e+00 3.093579839023527356e+01
2.380053194174890585e+00 3.060744474092600242e+01
2.382227370229251129e+00 3.113356545830553301e+01
2.382777893972111372e+00 3.080683948702415975e+01
2.393247105723581125e+00 3.047155848145179746e+01
2.396047452858644178e+00 3.159512436978291205e+01
2.404842196215297268e+00 3.105864302209559824e+01
2.418185518743248608e+00 3.175135300766476831e+01
2.426075357666348076e+00 3.092650282458082245e+01
2.430647548801813329e+00 3.169179675872288016e+01
2.436151694459159245e+00 3.121732256722646426e+01
2.437638736465495892e+00 3.128299892655497061e+01
2.439113800299061552e+00 3.114390926850485997e+01
2.439135426443614030e+00 3.066275522664893316e+01
2.444774198656660680e+00 3.148431672264552006e+01
2.450639971052016808e+00 3.038433989017771708e+01
2.452285837072503583e+00 3.166176219082608156e+01
2.452466632389856294e+00 3.037889910946526939e+01
2.453795399358718932e+00 3.062841126145426784e+01
2.454624699369024832e+00 3.063650954445788699e+01
2.458061140801268696e+00 3.134982715863962355e+01
2.460879002152474015e+00 3.082052748967186062e+01
2.461693998950883699e+00 3.078248938400151147e+01
2.464487413075098665e+00 3.095446676844749589e+01
2.464677670192704895e+00 3.061988375817022501e+01
2.477636240358210173e+00 3.030942273132696840e+01
2.479929814206613070e+00 3.129384313838923504e+01
2.487704000481889111e+00 3.180686976160713897e+01
2.489725070361815895e+00 3.067080898217641760e+01
2.494477684471510415e+00 3.082489018445580697e+01
2.494793896582193860e+00 3.144531710872611541e+01
2.495369364813529334e+00 3.105431708834847626e+01
2.498406528452175035e+00 3.074591575796939935e+01
2.505304723903555075e+00 3.035290586272114410e+01
2.510088229514186864e+00 3.152940430057070387e+01
2.515419097804016069e+00 3.174706506324571365e+01
2.517484196033680899e+00 3.062427608703509208e+01
2.521397850544940589e+00 3.158395414777704602e+01
2.537716999472176660e+00 3.097165537668653457e+01
2.539511610114451035e+00 3.058479044656222356e+01
2.543274471212113141e+00 3.036259237294846614e+01
2.546356111862732696e+00 3.154807378400848705e+01
2.554238033914266293e+00 3.126123901328968202e+01
2.555751838638832929e+00 3.184831568156216619e+01
2.564005928622115960e+00 3.028349181594791872e+01
2.566999052190780617e+00 3.051079165142090943e+01
2.567976968355747847e+00 3.170572010895845594e+01
2.572023454989885494e+00 3.058800674492209026e+01
2.581320074917323737e+00 3.120695010823179416e+01
2.591536981626381131e+00 3.163243122957362274e+01
2.596038950315408655e+00 3.045567427758656365e+01
2.607586421237889862e+00 3.187115972433724664e+01
2.608071219992515566e+00 3.153580685647801118e+01
2.612190041072893987e+00 3.173429841351985559e+01
2.613423576959367445e+00 3.024866508867904002e+01
2.614948609802676405e+00 3.090601705691789647e+01
2.629822741695706512e+00 3.043471086429614303e+01
2.634958753123833652e+00 3.068042489418845165e+01
2.638107561638221910e+00 3.089405499579202541e+01
2.646163883517691495e+00 3.036429115283556257e+01
2.647787488661495381e+00 3.174264599152198940e+01
2.650907170740258501e+00 3.091528269367766057e+01
2.652171539492441443e+00 3.006534418428451261e+01
2.660878626018795767e+00 3.006137527104401386e+01
2.665611174411654183e+00 3.049895318861771898e+01
2.667241916463073625e+00 3.019221592643125263e+01
2.668262570232987851e+00 3.042472913653046263e+01
2.669717289366114521e+00 3.163034141617751516e+01
2.677855444240229588e+00 3.059340363563635279e+01
2.678520286912060566e+00 3.141642248679992733e+01
2.679313680746939763e+00 3.102741143987551808e+01
2.679405205740903462e+00 3.123765487117791650e+01
2.688852631848699826e+00 3.088541180341221093e+01
2.694369555520713000e+00 3.051172912046162367e+01
2.697259219261421759e+00 3.064395139181878847e+01
2.697299416710344566e+00 3.072982022247039779e+01
2.709214142452190277e+00 3.091315897060241014e+01
2.710551429126093037e+00 3.163304218359398590e+01
2.719030170900916588e+00 3.095902640810032125e+01
2.719320138743196669e+00 3.163646833727500152e+01
2.721044959708479816e+00 3.022327714891056161e+01
2.744113038188405795e+00 3.097760995360846792e+01
2.744597644273513826e+00 3.061897888195814943e+01
2.747953051730130714e+00 3.156374137522955081e+01
2.757464805981544309e+00 3.139234829475116229e+01
2.765185415138935898e+00 3.109706972523644453e+01
2.769358024459712020e+00 3.126556763748328649e+01
2.769622484061033063e+00 3.140905301836989238e+01
2.777237425286207095e+00 3.067119700986120279e+01
2.778413682520723071e+00 3.162138594625054466e+01
2.779655695920268954e+00 3.081341748351226073e+01
2.783170038361447940e+00 3.088434303048568808e+01
2.786499459651238020e+00 3.135396738554564067e+01
2.787319796053684851e+00 3.110892833457090489e+01
2.788558971353700677e+00 3.141049227102707420e+01
2.807511113554173487e+00 3.085004673947413423e+01
2.809470581268433964e+00 3.052710638877649174e+01
2.810572014418238673e+00 3.116601296252863307e+01
2.812245719911312669e+00 3.102605847766704983e+01
2.825792995054407619e+00 3.064262488209311641e+01
2.828713963861125169e+00 3.140153278617986388e+01
2.837902350442415678e+00 3.021166916298026806e+01
2.838565142069278568e+00 3.151283870688673616e+01
2.840028401698695859e+00 3.148626946632981216e+01
2.840670549024906677e+00 3.186510649509532911e+01
2.845902631069857414e+00 3.128105105084141258e+01
2.850403230253923059e+00 3.167872412999730969e+01
2.859549681363244389e+00 3.156973641393593866e+01
2.860217799101270941e+00 3.066212281924947192e+01




3.426476654942951949e+00 3.150652762752457292e+01
3.429048911511766384e+00 3.109733265075764308e+01
3.433837748165609938e+00 3.019742183775096578e+01
3.435226530627053521e+00 3.078118784402249730e+01
3.435266493641101704e+00 3.028464927111691551e+01
3.436244597731349604e+00 3.134458864372002296e+01
3.448381857316941801e+00 3.167115566876250909e+01
3.475178996890920580e+00 3.144626991838202557e+01
3.475951987833997947e+00 3.109902588425888936e+01
3.477914663335502699e+00 3.167131543006079397e+01
3.478133181820961983e+00 3.047443230276519444e+01
3.481512695109967748e+00 3.101516525736267482e+01
3.482334452027557425e+00 3.158774114495529517e+01
3.483833175334757115e+00 3.058293382387783765e+01
3.492291967357735061e+00 3.016860987335191879e+01
3.494023243636208864e+00 3.135281047082566630e+01
3.495604155471663255e+00 3.126906358759687876e+01
3.499457466361747038e+00 3.162551311148201449e+01
3.501078152299092139e+00 3.145032909673656007e+01
3.503279398889278085e+00 3.094717020526417173e+01
3.504062392441748663e+00 3.081128044367983421e+01
3.510644130453085765e+00 3.055582061076270861e+01
3.512172172014207838e+00 3.086069318340577539e+01
3.515464696848590087e+00 3.021337622530974798e+01
3.526706972683202768e+00 3.139236535042040188e+01
3.529475069388259723e+00 3.047675883050886725e+01
3.533268129435211957e+00 3.105695011116970505e+01
3.534353463753686864e+00 3.036701126488280522e+01
3.538652045865315010e+00 3.175366220067071055e+01
3.546337248147203081e+00 3.123374695950058211e+01
3.562459018345515371e+00 3.122744979155177347e+01
3.564387583512484525e+00 3.048681168608509395e+01
3.565403910804243459e+00 3.042265655678684411e+01
3.567220571803019880e+00 3.120864506346260114e+01
3.570055942649705827e+00 3.070731080635696486e+01
3.572422540485280962e+00 3.104030257332718534e+01
3.580048315937879977e+00 3.021850902340244716e+01
3.582233351397723364e+00 3.175524774182322929e+01
3.584126479039004387e+00 3.041889226236762411e+01
3.584183649844242314e+00 3.145990614746784075e+01
3.588879766757986367e+00 3.096073179687872567e+01
3.590070107770728658e+00 3.049322312411878144e+01
3.596554923978252383e+00 3.082919616681423847e+01
3.598527443068705978e+00 3.085733770776463913e+01
3.599114207266588039e+00 3.175099781621632289e+01
3.604086309251407272e+00 3.066144175027494967e+01
3.604854360921061041e+00 3.050643615875994641e+01
3.605184544861968376e+00 3.039477208095386018e+01
3.605789130214140936e+00 3.113639815417764112e+01
3.608740567469803651e+00 3.087730767806093723e+01
3.610523926219567414e+00 3.157720170931341030e+01
3.612279615801314847e+00 3.051776152111915863e+01
3.613050086705508868e+00 3.137509193472903135e+01
3.614305360513397236e+00 3.152559882108733191e+01
3.617957917933771306e+00 3.120288733157707739e+01
3.637695959734879914e+00 3.056870681021042202e+01
3.638539111097678358e+00 3.062066162762668853e+01
3.642865977927807641e+00 3.090093031388610001e+01
3.644178604745325956e+00 3.112671640976766341e+01
3.647567327451794128e+00 3.035128644500248996e+01
3.661366424314266066e+00 3.130642416715459930e+01
3.663050662434038429e+00 3.047732431261791319e+01
3.668849807580908617e+00 3.135821993594426260e+01
3.672842926020046583e+00 3.128716747976398338e+01
3.674646300728847237e+00 3.113272641650046424e+01
3.680128041368065261e+00 3.136752520134219679e+01
3.680516622577703068e+00 3.074915399698397778e+01
3.681185294216712034e+00 3.037293836727344853e+01
3.708865996669797216e+00 3.136859085638346301e+01
3.711580933640212798e+00 3.136695731356417483e+01
3.714190961608295538e+00 3.073325673495143562e+01
3.719925755120597977e+00 3.087698998324887611e+01
3.724556768505505655e+00 3.069547647386991329e+01
3.733850921845761839e+00 3.160880818981771512e+01
3.737198230707310387e+00 3.035409825344674672e+01
3.748517301996910689e+00 3.154081019425265353e+01
3.750826507177860591e+00 3.061032864707508594e+01
3.751005105880970358e+00 3.112176170166844713e+01
3.753849400569609251e+00 3.066950277717206319e+01
3.772612454889414213e+00 3.107162664413561615e+01
3.774539477497373952e+00 3.115954548348164366e+01
3.776402548131060577e+00 3.119434019261989377e+01
3.784167868387505962e+00 3.087166764809278519e+01
3.813193085400595983e+00 3.146867334203687605e+01
3.825182502566370601e+00 3.113047587735293931e+01
3.830400539840019825e+00 3.124303255920337818e+01
3.849458088751159579e+00 3.141655683966458312e+01
3.851937429635538201e+00 3.054060936174435525e+01
3.869095103029384308e+00 3.073729076710347385e+01
3.871860131612403499e+00 3.083665861751629222e+01
3.872275691645799434e+00 3.100508948715136626e+01
3.877993649448516766e+00 3.107424469133245992e+01
3.891202565068850650e+00 3.143529719024170532e+01
3.896836964761090094e+00 3.136914059741146943e+01
3.904548160451953631e+00 3.104379293068711831e+01
3.922548928994555872e+00 3.122872343599161127e+01
3.936440717862592642e+00 3.099498784477375679e+01
3.952332900728928067e+00 3.079430650521200263e+01
3.962642110438567400e+00 3.118872439613172531e+01
3.966434436066101910e+00 3.115913672705366366e+01
3.968567633787775328e+00 3.101868362430806059e+01
3.977344314558385108e+00 3.096597037640002270e+01
3.995192977653540645e+00 3.097627592156214504e+01




6.852749105914620387e+00 3.118635531281756812e+01
6.855880376143167254e+00 3.004548628220517514e+01
6.857657816251362171e+00 3.071026718056957705e+01
6.864668908661196056e+00 3.190267680064702205e+01
6.865737425699293794e+00 3.095401654998810770e+01
6.867841954611392907e+00 3.196920155825342391e+01
6.869273991097474052e+00 3.047670479110059816e+01
6.874649145490933755e+00 3.075845929609628726e+01
6.876268316851322560e+00 3.153401298738549485e+01
6.881150436164234385e+00 3.138251659210260414e+01
6.883117009756082538e+00 3.164290850192811533e+01
6.884791474095190544e+00 3.142502135273474551e+01
6.887463822083025988e+00 3.057916813636163766e+01
6.889905904637002365e+00 3.074822541852469371e+01
6.890615721421665008e+00 3.091296816579031059e+01
6.893617544899997895e+00 3.086724706732241330e+01
6.895045693062692216e+00 3.020510213501347607e+01
6.897479997517828920e+00 3.183964174478742137e+01
6.904340898265319382e+00 3.011190030495405168e+01
6.907322955744959359e+00 3.033955340473536566e+01
6.910840340974475637e+00 3.171787690719238739e+01
6.911548305682952531e+00 3.151942208793315103e+01
6.921493448368329027e+00 3.144331877410688847e+01
6.921613928215289313e+00 3.026849029943736724e+01
6.923419186427578254e+00 3.173656940994244380e+01
6.927127491885258337e+00 3.139989082875702664e+01
6.930052619913039003e+00 3.160542416472483751e+01
6.931434622500722398e+00 3.035093661293943157e+01
6.932670083337205469e+00 3.197008644884492767e+01
6.932843361416169081e+00 3.113507145644606311e+01
6.933474486342239729e+00 3.093244456091006356e+01
6.933910614586504373e+00 3.062831912735106599e+01
6.935195991924270942e+00 3.057542744262010359e+01
6.936365674233095469e+00 3.088147951606530839e+01
6.937923268461496207e+00 3.052203242093192870e+01
6.940567381908822497e+00 3.190643611506667554e+01
6.949118845068587902e+00 3.082758305470802540e+01
6.949285866026427172e+00 3.169827571900730590e+01
6.955975924074460082e+00 3.022376853657976881e+01
6.956089766625667359e+00 3.130345982477394884e+01
6.968067726633886849e+00 3.181999676056191362e+01
