1.405028821712465792e+01 3.235283398959045797e+01
1.405120413465266971e+01 3.188870769814842276e+01
1.405249144172048759e+01 3.244688140360467798e+01
1.405249782470130882e+01 3.175707285304519800e+01
1.405662023414226525e+01 3.297890093059385919e+01
1.405699074762252643e+01 3.252320792515612169e+01
1.406060632608775229e+01 3.153109158308821236e+01
1.406247780321277574e+01 3.266788329288410608e+01
1.406463599500019335e+01 3.216461507935667896e+01
1.407337208231024128e+01 3.257122060199164792e+01
1.407390388043849683e+01 3.221843008572279388e+01
1.407481739665760401e+01 3.119207567891324828e+01
1.408060726185477307e+01 3.251449426495587147e+01
1.409504487110976356e+01 3.286590536672423468e+01
1.410452644472313288e+01 3.188615678164896750e+01
1.410705501396309813e+01 3.183509995407497684e+01
1.410954585903407477e+01 3.177931679253829955e+01
1.410960095914117218e+01 3.133557465839665923e+01
1.411125306346384178e+01 3.132537703190365264e+01
1.411157447015354904e+01 3.160392045009770712e+01
1.411305719064102782e+01 3.172047917561669195e+01
1.411956989610439450e+01 3.215546923046890981e+01
1.413005011175391523e+01 3.262469740156542741e+01
1.413134400010662972e+01 3.238854881583035450e+01
1.413144707685361112e+01 3.203320728324274569e+01
1.413214817725192596e+01 3.132972623314269001e+01
1.414210493785326506e+01 3.201384148038237498e+01
1.414528584828325641e+01 3.195851788065613874e+01
1.414631207907864052e+01 3.230220353097828934e+01
1.414775500759132676e+01 3.117874236079904904e+01
1.415613003286270022e+01 3.273541184104571755e+01
1.415740930840195944e+01 3.174027096379946755e+01
1.416031146610435343e+01 3.194841550332023417e+01
1.416196908007069410e+01 3.188644726816334085e+01
1.416224925751687636e+01 3.192538739938694192e+01
1.416445182430694238e+01 3.194394094374125359e+01
1.416734063109847064e+01 3.211659461335085552e+01
1.417004469914534859e+01 3.293592409980703906e+01
1.417179825409315441e+01 3.154503430398088426e+01
1.417348013605974266e+01 3.167913371719135540e+01
1.417498506854719054e+01 3.162909817805768853e+01
1.417888951694166089e+01 3.256260156263769545e+01
1.418731407505477371e+01 3.114200508297323822e+01
1.419088683714546839e+01 3.158898258980988061e+01
1.419202193718117933e+01 3.212478210623292796e+01
1.420170719571928863e+01 3.220656821051552043e+01
1.421502625326002622e+01 3.143939102225805016e+01
1.421525014301413492e+01 3.230417988301625343e+01
1.421984244645461537e+01 3.104847906330163809e+01
1.422048363842739604e+01 3.189444425337971367e+01
1.422938101317891402e+01 3.178870796443687752e+01
1.423980004790390552e+01 3.214262984323373473e+01
1.425201896479959629e+01 3.285087901260270371e+01
1.426638861783644074e+01 3.219790184776369557e+01
1.426692294550944418e+01 3.120165910941747001e+01
1.426709763966511879e+01 3.236086508759746039e+01
1.426870337789995347e+01 3.145502599958773615e+01
1.428033968425562250e+01 3.227274380160395140e+01
1.428383480562091101e+01 3.287038470926933087e+01
1.428405120484212176e+01 3.200626106537917792e+01
1.428446323254243744e+01 3.218650619742358288e+01
1.429024112862186158e+01 3.289550145963166017e+01
1.429668722480994880e+01 3.180686868693686975e+01
1.430461244540325083e+01 3.111229153366973676e+01
1.430559455331190044e+01 3.231901643835303872e+01
1.430931080537472155e+01 3.289298932326823888e+01
1.431091880502631142e+01 3.122679880537773300e+01
1.431983869292843359e+01 3.125136095361651911e+01
1.432415213764127948e+01 3.214697943406209646e+01
1.432574647697217962e+01 3.181592306708558127e+01
1.432665945155360987e+01 3.225277575043293155e+01
1.433284942211485102e+01 3.280803609865098025e+01
1.434029936351868706e+01 3.163907764753412977e+01
1.434312074797658987e+01 3.277770254941218298e+01
1.434748850964966849e+01 3.218468669284969508e+01
1.434949829358866502e+01 3.235885993046463227e+01
1.435538265933912783e+01 3.184771918446339711e+01
1.435563220724038835e+01 3.111005849278507540e+01


1.304709446523552430e+01 3.216928018272061962e+01
1.305128637356094856e+01 3.190277369621752612e+01
1.305668588122349938e+01 3.204757085503179326e+01
1.306817525097667776e+01 3.231638126811618861e+01
1.307416078770109458e+01 3.162988436327610131e+01
1.309607055856789692e+01 3.173728972358106759e+01
1.311985731670266908e+01 3.230296407028455974e+01
1.312054248150228197e+01 3.175537774825017223e+01
1.313251324447615431e+01 3.168355047630684496e+01
1.313624228268934679e+01 3.228784405607368768e+01
1.314661700043878412e+01 3.204363561439019747e+01
1.315940241687200185e+01 3.210552216458290786e+01
1.317025089021919193e+01 3.211718341980373737e+01
1.318050420829333191e+01 3.201954723752834298e+01
1.318434543494894484e+01 3.168031858024066949e+01
1.319288677172319346e+01 3.238597082769707214e+01
1.319333896971596332e+01 3.196836474802416816e+01
1.319988121745780774e+01 3.208583239010591370e+01
1.321355123179958291e+01 3.164824914469907213e+01
1.322833262728459225e+01 3.245547909944276199e+01
1.323443628246641346e+01 3.228521152619541823e+01
1.323616902905488324e+01 3.187136914214404015e+01
1.325646378756948884e+01 3.221237218452601070e+01
1.325710942224295508e+01 3.235235798609677005e+01
1.326540758422837918e+01 3.141879967322966039e+01
1.327558327737317434e+01 3.244069554700813285e+01
1.327678667486852326e+01 3.265849944189999832e+01
1.327848360862397037e+01 3.208774512065065920e+01
1.328180879136973935e+01 3.154548599048378676e+01
1.329457843397689487e+01 3.222064214086604039e+01
1.329803296191720641e+01 3.247739796278938229e+01
1.330502810298913907e+01 3.231611740459527482e+01
1.330658508959383468e+01 3.232109864783932807e+01
1.330929437533601600e+01 3.259677974033935755e+01
1.333195792078035069e+01 3.247411358405459225e+01
1.333888133438431822e+01 3.141627578940548560e+01
1.334086497525063386e+01 3.166917875296132223e+01
1.334299593587220656e+01 3.233114333689943720e+01
1.335432782368550342e+01 3.148289661740079382e+01
1.336351434483596101e+01 3.213772472520554402e+01
1.337020326922833746e+01 3.224987460793296634e+01
1.337388494493081481e+01 3.183782242085438696e+01
1.337551927278121511e+01 3.126270424811147208e+01
1.338526531277422293e+01 3.207633732557687267e+01
1.338627572255307996e+01 3.123872151744637193e+01
1.338644512839849199e+01 3.153805420363084977e+01
1.338729665960909188e+01 3.255811104455548133e+01
1.338848530747255872e+01 3.195102694343648864e+01
1.339836929536640753e+01 3.216749032041892065e+01
1.339951751033230920e+01 3.167392821101428879e+01
1.341372915329225535e+01 3.221749974406773731e+01
1.341851618847143257e+01 3.238509613024957190e+01
1.342039302285155600e+01 3.155042343354425327e+01
1.342301111982503770e+01 3.153811455203116054e+01
1.342320317037046173e+01 3.243134689764411149e+01
1.342656606677020115e+01 3.157738177192246454e+01
1.345160881240418149e+01 3.239551447411638208e+01
1.345293088906047529e+01 3.189214030886613216e+01
1.345630800394572191e+01 3.173937601456130153e+01
1.345748321154343508e+01 3.209737006400762738e+01
1.346119835328533654e+01 3.203835536913771875e+01
1.347224868640167550e+01 3.243704374494993203e+01
1.347363985313696766e+01 3.161073302372397720e+01
1.347848100863315324e+01 3.210937010704849826e+01
1.347866687132510499e+01 3.163813521819712093e+01
1.348005962026516791e+01 3.127780059090696696e+01
1.348069273900826914e+01 3.215134315698870182e+01
1.349089008764555331e+01 3.155055793221870175e+01
1.349429055590292492e+01 3.210493284082011911e+01
1.350431921345074215e+01 3.172012307648869012e+01
1.351029887919846750e+01 3.247777504180743335e+01
1.352873386817060464e+01 3.199162133397924634e+01
1.353795273234934626e+01 3.133901652708878771e+01
1.353882376643644925e+01 3.208945446624877462e+01
1.353969831833303594e+01 3.252266754342468147e+01
1.354211383983343886e+01 3.112797983673351609e+01
1.355357572310335179e+01 3.273948488793777756e+01
1.355856689001646309e+01 3.186421406315194105e+01
1.355903882044428599e+01 3.212940211246814215e+01
1.356111578712083698e+01 3.236591935046619994e+01
1.357183076055943083e+01 3.278999152241605231e+01
1.357469432217592242e+01 3.196160058555701156e+01
1.357659344830300974e+01 3.167905547959278323e+01
1.358784071180885533e+01 3.257579620817193700e+01
1.358794643739387276e+01 3.252043883174938799e+01
1.359042782622063683e+01 3.244778559874999502e+01
1.359051408618489454e+01 3.222849094553522065e+01
1.359901229682129120e+01 3.146170017059793267e+01
1.361392162303441111e+01 3.172113067078027271e+01
1.361507817478305959e+01 3.195165369757662077e+01
1.361831324900152929e+01 3.191649973667394136e+01
1.362047906488697535e+01 3.191846816409043797e+01
1.362194034967188472e+01 3.128255765322826321e+01
1.362622406042727974e+01 3.221913859948946168e+01
1.363608520929725465e+01 3.136236714362460987e+01
1.363622204838145180e+01 3.126038770847278059e+01
1.364261770115829542e+01 3.123567090007737335e+01
1.364612483655079345e+01 3.264456674093763411e+01
1.364762843002932158e+01 3.129828151538182013e+01
1.365142730633655965e+01 3.197670173204047472e+01
1.365154770200261147e+01 3.166919625645475378e+01
1.366242447672441251e+01 3.164188888451488779e+01
1.366728669910990490e+01 3.122070587696909882e+01
1.366832225928770050e+01 3.196580408452218336e+01
1.367340980979707865e+01 3.127991774954356075e+01
1.368177347797688803e+01 3.259665427225947099e+01
1.369121922856989926e+01 3.238742746557178975e+01
1.369181859452835681e+01 3.284920763091690077e+01
1.369774635898479431e+01 3.153516482812035804e+01
1.369929280723371434e+01 3.288652337761891431e+01
1.370299548863591710e+01 3.197865194888552409e+01
1.370828276510263777e+01 3.228622372209044755e+01
1.371038920666358862e+01 3.154534776414347164e+01
1.371437332578381962e+01 3.212887635583849999e+01
1.371644627238768877e+01 3.133931544330604169e+01
1.371679542513033923e+01 3.246130942687124588e+01
1.371892102762865306e+01 3.162934292507708989e+01
1.372525991552147850e+01 3.148598428833794571e+01
1.372736946805567548e+01 3.183796021599437864e+01
1.372979560612137462e+01 3.202884112832325059e+01
1.373451613130468196e+01 3.257934729136984231e+01
1.374206317743919215e+01 3.130013339565591579e+01
1.374528141128171654e+01 3.208065224729893572e+01
1.375052953898875607e+01 3.210260980711397139e+01
1.375430890701518649e+01 3.193025534210978478e+01
1.375979027008891542e+01 3.135010967520273084e+01
1.376545337417313952e+01 3.244352822325303265e+01
1.376564454013643513e+01 3.232590062274018550e+01
1.376994379469966390e+01 3.140041831046000809e+01
1.377483839758832218e+01 3.209809435739293093e+01
1.377837878159686724e+01 3.235943543783148613e+01
1.378028758631518436e+01 3.136125286816653812e+01
1.378439102251046400e+01 3.283857729348181209e+01
1.378800915352127454e+01 3.265277377039264906e+01
1.379316947232904056e+01 3.264082409564736764e+01
1.379446124285171926e+01 3.213700580156095299e+01
1.379941254711591370e+01 3.212218114025230875e+01
1.380127602670109610e+01 3.207343676055234738e+01
1.380500698370844148e+01 3.151307350998019885e+01
1.380608386362821527e+01 3.134442864732734435e+01
1.380961886136000949e+01 3.281092846812943264e+01
1.381635961306457716e+01 3.146917266685049697e+01
1.381729453157418774e+01 3.208248941998677140e+01
1.382057644801629692e+01 3.109831992882735818e+01
1.382307678558214903e+01 3.131104018443033965e+01
1.382649582367975327e+01 3.182983583562842966e+01
1.382685491085858409e+01 3.218892937436596924e+01
1.382839590153673193e+01 3.109991296932298610e+01
1.382897068077528502e+01 3.259397817286909316e+01
1.383433199475840070e+01 3.149370920740951973e+01


1.137791997429586921e+01 3.027997831655723715e+01
1.138647891299723902e+01 3.020736722871357927e+01
1.139411878731095662e+01 3.137249394946751480e+01
1.139494212175835131e+01 3.178691239034510829e+01
1.140241553993890555e+01 3.158145505334438852e+01
1.141370173615637640e+01 3.091832718363855292e+01
1.142321293856693742e+01 3.066745470621633984e+01
1.142614674208167536e+01 3.179364616270769517e+01
1.144846078319995542e+01 3.186212377196908108e+01
1.144955908235753306e+01 3.058914011247643927e+01
1.145432185111024737e+01 3.132382589372194914e+01
1.145483202833725223e+01 3.135464288763649776e+01
1.146549485179276573e+01 3.062951291442682589e+01
1.147750069101471304e+01 3.061164191581125138e+01
1.149811579374002690e+01 3.043822248731823876e+01
1.149907419190465951e+01 3.032398599183451893e+01
1.150216038694066967e+01 3.065673594792691858e+01
1.150664855778049578e+01 3.178434068627086262e+01
1.151356567271317388e+01 3.130390896425311453e+01
1.152134499359295461e+01 3.087879257141444711e+01
1.152272366142142523e+01 3.122302021417609197e+01
1.152627229235918271e+01 3.053080833371570790e+01
1.153011952343235080e+01 3.080839178224557884e+01
1.153655245928240802e+01 3.183117464868255908e+01
1.153769896932939076e+01 3.126064852573522757e+01
1.153811924898815278e+01 3.120509701716562390e+01
1.154340286223937539e+01 3.056389399741365764e+01
1.155602117284229635e+01 3.035928796264383678e+01
1.156305997511219097e+01 3.121450058256493065e+01
1.157233734859311625e+01 3.063802751951466874e+01
1.157540787592200715e+01 3.119235086120133005e+01
1.157679907981444245e+01 3.156826111311248795e+01
1.157956027387163367e+01 3.108891694016954688e+01
1.158194185368552809e+01 3.105024934053517427e+01
1.158287307691711021e+01 3.177415592647472664e+01
1.158602637029997773e+01 3.157511475040463012e+01
1.159031024812784416e+01 3.065331708375713049e+01
1.159378544161409685e+01 3.069664984841227451e+01
1.159888203828481146e+01 3.090329845279231691e+01
1.160489239910415193e+01 3.164523238393744720e+01
1.161251073314067916e+01 3.118895819199794062e+01
1.162471214570987321e+01 3.161617649443091693e+01
1.162705427049184337e+01 3.087612074854053645e+01
1.163430589206219246e+01 3.071892829232076849e+01
1.164252409426553569e+01 3.166122858920374483e+01
1.165844910839620141e+01 3.160250988686290796e+01
1.166595709340755782e+01 3.071409714593379903e+01
1.166988971144242448e+01 3.103495133031355735e+01
1.167100276429495054e+01 3.150177915578293764e+01
1.167307315951067537e+01 3.028844286136645536e+01
1.167404563183856503e+01 3.167678690431167965e+01
1.168449294126757820e+01 3.077180238579115823e+01
1.168824403767867715e+01 3.139597323660902362e+01
1.168971828897831067e+01 3.147081555039950018e+01
1.169354706379754560e+01 3.078820882979684370e+01
1.170869871672117668e+01 3.133022446917590997e+01
1.171253491483127362e+01 3.133868225549533904e+01
1.171404140279611639e+01 3.159958045503645607e+01
1.171476688414445455e+01 3.120047081628538876e+01
1.171841840771758747e+01 3.102301811340512927e+01
1.172042907546265234e+01 3.121852351339449072e+01
1.172318590025305163e+01 3.075396883579355034e+01
1.172692944214583122e+01 3.157069306724567070e+01
1.173597876267120554e+01 3.044301391391186939e+01
1.173812027232179567e+01 3.138341312951240880e+01
1.174172415527977975e+01 3.145151426756673985e+01
1.175208855341708158e+01 3.058979065956446064e+01
1.175498757771215530e+01 3.153660927826300764e+01
1.176351758808132431e+01 3.131259149589763879e+01
1.178210360496195364e+01 3.071168445924434920e+01
1.179064309138006905e+01 3.121189387043804331e+01
1.180401857927760290e+01 3.159424564998394658e+01
1.180457432241935933e+01 3.096319455160541168e+01
1.182279451576335383e+01 3.101412931235850934e+01
1.182859470392208578e+01 3.053834572563045313e+01
1.183314383442595741e+01 3.103582117379266592e+01
1.183893948400270446e+01 3.052455776922802144e+01
1.184017868103417648e+01 3.079492375966428597e+01
1.185342587765187972e+01 3.048792599485248900e+01
1.185734065737168130e+01 3.066439955689951091e+01
1.186481998732693732e+01 3.073733616793568402e+01
1.190009270396220664e+01 3.138726870311154826e+01
1.190659111751082833e+01 3.066359019053142276e+01
1.190900327545487869e+01 3.078521048049018205e+01
1.191282318297494669e+01 3.109283167059715680e+01
1.193407159877679291e+01 3.075428598161805027e+01
1.194333790635252157e+01 3.116488126877925779e+01
1.194677506829452796e+01 3.098748032772982341e+01
1.195176029205640056e+01 3.108637551889296802e+01
1.195796825980893807e+01 3.083460538227314629e+01
1.196678975797857092e+01 3.108280507292445805e+01


6.003696670962648696e+00 3.107907276094283233e+01
6.015130075570079171e+00 3.096837250178806045e+01
6.017095340415616000e+00 3.086030889515611975e+01
6.022516289859377814e+00 3.102409347980816889e+01
6.054161999580824904e+00 3.110060405800892980e+01
6.064064539470309434e+00 3.130879844161941250e+01
6.067159500278828332e+00 3.098604627043420123e+01
6.068498243748370768e+00 3.104069494171083576e+01
6.085845166827454022e+00 3.127869836890783262e+01
6.094939913858571146e+00 3.073343643597203823e+01
6.110181585143889649e+00 3.093811030267051265e+01
6.116928933592745921e+00 3.091439505845299252e+01
6.120780761353535659e+00 3.061726473719075869e+01
6.133185371887067028e+00 3.115932004469402727e+01
6.134498928821805031e+00 3.066873864169673070e+01
6.143719803136301394e+00 3.077651671203219763e+01
6.147526311097133878e+00 3.080070180029042604e+01
6.153469380663576516e+00 3.084995313836876818e+01
6.158198414006109900e+00 3.083735005866708079e+01
6.162886681962769231e+00 3.145063726910714408e+01
6.169762016113214287e+00 3.071029725043115377e+01
6.176141248487450497e+00 3.078749889946614360e+01
6.191223645674679865e+00 3.130578371893752276e+01
6.198009010070523850e+00 3.093391205020061108e+01
6.207620801429935220e+00 3.064153739895015960e+01
6.209213163817930869e+00 3.098171438874055283e+01
6.219844508548930229e+00 3.125202961365355847e+01
6.235806340482962895e+00 3.159985191171285024e+01
6.269927253042126836e+00 3.052740408231801794e+01
6.273457342769118483e+00 3.153438396426718526e+01
6.274360778962886798e+00 3.040355267376936865e+01
6.277530713425473863e+00 3.121702275029071671e+01
6.283583683960161537e+00 3.048547067707688285e+01
6.285296615090018690e+00 3.060888936307184238e+01
6.297280989119498074e+00 3.077123922720868876e+01
6.309613537895605972e+00 3.135455644570740930e+01
6.315822348983810564e+00 3.056101589303027311e+01
6.323380055355851681e+00 3.095519373589114664e+01
6.324225135355319161e+00 3.100210717564659646e+01
6.338377800636756376e+00 3.128234574312479666e+01
6.346483667911043014e+00 3.144509696081531303e+01
6.350851686870639057e+00 3.073141973459330956e+01
6.363786049722331306e+00 3.116390442753263557e+01
6.371876332226140249e+00 3.116075232915565252e+01
6.376939045451679000e+00 3.108578870707626152e+01
6.385293451751219429e+00 3.151088135007113067e+01
6.385708942884583017e+00 3.125560674227901004e+01
6.388414817810596169e+00 3.028478289103328791e+01
6.392142289768832697e+00 3.049774687524530137e+01
6.399206256072913490e+00 3.137120798954828160e+01
6.411333337096782437e+00 3.176723188262781505e+01
6.411628185757295206e+00 3.134974570423829832e+01
6.417359447561793218e+00 3.098686505394983826e+01
6.425855778078025438e+00 3.165402368649023401e+01
6.426936021819145139e+00 3.047270609890192716e+01
6.430655678224276528e+00 3.028390795101431010e+01
6.432746666201711427e+00 3.081145495851684402e+01
6.432944654470304613e+00 3.157117931311756465e+01
6.438025134184972131e+00 3.024719259780386693e+01
6.439258022466898268e+00 3.033144841638716827e+01
6.439344626020501394e+00 3.146846873298467884e+01
6.440856529326572044e+00 3.067137404213509555e+01
6.442026541116351979e+00 3.073622702510248317e+01
6.461049474454966912e+00 3.082915091435204147e+01
6.461364430324595176e+00 3.056177515215168938e+01
6.479381143812188881e+00 3.092403333609307481e+01
6.487948551058717150e+00 3.054929406288274762e+01
6.490941910621244482e+00 3.164516214786452153e+01
6.517617999841046839e+00 3.027454099758884354e+01
6.522188326700717909e+00 3.102885964416684672e+01
6.528050337370570944e+00 3.018662607143528476e+01
6.539274821494642786e+00 3.034397543922410989e+01
6.540489975338214634e+00 3.181502443454190043e+01
6.542843038117821308e+00 3.124744883718560118e+01
6.542994159436294588e+00 3.157809153704038962e+01
6.546932450396158565e+00 3.187591826059806621e+01
6.547472376196505905e+00 3.141059530548668022e+01
6.550512356691783111e+00 3.084760220117383511e+01
6.562870115054945330e+00 3.174318082046470124e+01
6.566313021477983014e+00 3.104401839456722456e+01
6.577213827568871629e+00 3.134701291119252176e+01
6.583193041614609164e+00 3.022146268548561920e+01
6.585395335892807012e+00 3.072276111147138877e+01
6.589655628547466115e+00 3.029111610650894448e+01
6.594397670492913477e+00 3.110414287561393110e+01
6.601219970905495060e+00 3.149328443941016076e+01
6.601655066299360719e+00 3.065981544869062603e+01
6.609212619909190956e+00 3.106121460056308337e+01
6.611836184001189665e+00 3.015892149600496452e+01
6.612287950826932992e+00 3.098602832808456853e+01
6.617832588517710946e+00 3.029203648389193759e+01
6.621188488212460754e+00 3.088617059508225182e+01
6.623444606998766027e+00 3.059639549111506085e+01
6.631594939263957933e+00 3.162350307242056502e+01
6.639052346558964146e+00 3.070437709067070742e+01
6.640044439940878007e+00 3.144784865473439694e+01
6.641145024687697074e+00 3.100793706896611113e+01
6.653438992938616181e+00 3.065300058501950531e+01
6.653500246429557841e+00 3.094174335643248597e+01
6.657070612751264882e+00 3.165577870871372212e+01
6.660284243619984501e+00 3.089513242775616320e+01
6.670482302343628156e+00 3.190794429083529948e+01
6.676250463883851793e+00 3.052696787237220022e+01
6.679268066741903098e+00 3.138261088967870194e+01
6.679600491990036915e+00 3.039966792405486018e+01
6.680686316920485979e+00 3.011133523788744881e+01
6.682586744318553151e+00 3.051001033189957568e+01
6.687154529843137851e+00 3.118293159922632896e+01
6.687816198428337522e+00 3.155349104909083380e+01
6.688207854883827963e+00 3.132490272073197346e+01
6.695916166475543996e+00 3.023388171189588647e+01
6.696057495428908268e+00 3.052621403847389914e+01
6.700828719321139992e+00 3.080202377716274498e+01
6.704913277383872661e+00 3.194246867698861791e+01
6.705125163393502064e+00 3.075641523162618896e+01
6.710045824496027045e+00 3.027021662080454689e+01
6.713108860927174959e+00 3.149565834145905541e+01
6.716670476766790188e+00 3.073217639726893680e+01
6.723798258936303895e+00 3.135337882996752157e+01
6.726514028412180046e+00 3.026380092607930195e+01
6.731055938382912274e+00 3.123128707994817077e+01
6.731900729400396521e+00 3.138684645250877026e+01
6.732523802496540810e+00 3.141592951919962573e+01
6.737852346129723280e+00 3.058371277322359916e+01
6.740534341682208108e+00 3.105720620808968135e+01
6.746995533392526667e+00 3.146619569191101817e+01
6.751118218674218241e+00 3.157490954927699534e+01
6.751510712976018347e+00 3.089924421272460719e+01
6.755963136281603276e+00 3.131057961142740709e+01
6.758444249068125131e+00 3.129075748904660870e+01
6.762909527040113389e+00 3.116580813762774227e+01
6.763791505689154882e+00 3.163677769157183661e+01
6.774197274559728754e+00 3.093976993415935794e+01
6.776345690548263967e+00 3.022754740569697773e+01
6.786000665391966002e+00 3.045752272215338508e+01
6.789815882677833869e+00 3.142569831016020032e+01
6.790711698796562779e+00 3.164541344087880148e+01
6.792465730067759111e+00 3.118064521610687123e+01
6.795436747592777493e+00 3.080270717265190328e+01
6.796088565767846035e+00 3.130223464067175954e+01
6.802571193398296856e+00 3.031149213117902264e+01
6.804821873635990670e+00 3.101205442910179144e+01
6.819875495362145656e+00 3.176553074255530618e+01
6.824959271812740091e+00 3.111953475251866053e+01
6.835261809322136450e+00 3.153446979266642458e+01
6.841560238455635101e+00 3.013209390549451783e+01
6.842934331579893836e+00 3.123972728862278458e+01
6.844694932110801489e+00 3.129971580413650756e+01
6.845584767075210131e+00 3.068686172604908435e+01
6.846546444280433796e+00 3.082716804026622626e+01


2.863423067759386598e+00 3.118464637722517097e+01
2.868120597013710249e+00 3.106836160813890757e+01
2.872405203063606915e+00 3.003202039006773205e+01
2.875367654717475130e+00 3.075284641083265313e+01
2.876605819071428538e+00 3.064860888562616736e+01
2.879938568752058003e+00 3.047658905340280810e+01
2.881368693383644430e+00 3.160479318216807698e+01
2.887643159048101094e+00 3.035745418302055754e+01
2.889271475834018332e+00 3.164579948765637951e+01
2.891536160115261378e+00 3.074076268367822706e+01
2.895592744318707279e+00 3.186748729831802507e+01
2.896235327106743362e+00 3.056118073752628561e+01
2.896992309497094187e+00 3.040338247711930109e+01
2.897768247536960828e+00 3.112015542000436952e+01
2.898915537084526761e+00 3.168065529884620091e+01
2.901176662780716509e+00 3.032365891093524013e+01
2.901229110960701796e+00 3.064130161040736766e+01
2.929709529868396611e+00 3.021417048130916427e+01
2.930070816802309519e+00 3.031611464407061263e+01
2.933440726065120074e+00 3.128594794183183936e+01
2.939640292504936525e+00 3.121957097510659196e+01
2.940719802998510879e+00 3.034106003324259149e+01
2.943290562025937085e+00 3.007813261093565771e+01
2.956180092721877983e+00 3.175042998848090292e+01
2.967101533051838658e+00 3.072838437182915428e+01
2.968709430787105141e+00 3.164926834646914955e+01
2.970667035250937893e+00 3.117851567918247468e+01
2.983038210817003044e+00 3.106635953073915246e+01
2.983146386575963760e+00 3.057030336804189474e+01
2.986289649155613457e+00 3.068440766436881617e+01
2.988678216639742757e+00 3.160075219386120438e+01
3.002357144606164763e+00 3.052088086742633521e+01
3.002928178929228142e+00 3.080909369204559667e+01
3.004195715973858150e+00 3.040279866375260553e+01
3.011690483063980572e+00 3.115000999702441220e+01
3.013842046222090065e+00 3.169106442273735880e+01
3.016451308445372348e+00 3.145353725376370946e+01
3.019462695033900523e+00 3.121775513812154657e+01
3.019774890590976479e+00 3.172029549577512952e+01
3.021713485119466913e+00 3.001920216261155261e+01
3.021914359628831814e+00 3.019575670202987183e+01
3.023387329362408948e+00 3.021822354834526791e+01
3.023943508980129202e+00 3.144016116834209029e+01
3.026175379995736492e+00 3.146120963916275670e+01
3.030519415987100285e+00 3.129109898012402269e+01
3.036034877806656151e+00 3.045700370570348881e+01
3.036252471133704667e+00 3.125574493655447483e+01
3.038850786590492792e+00 3.085952027266187159e+01
3.039780500450657286e+00 3.006522735155728299e+01
3.049980321436295494e+00 3.069633848434000356e+01
3.050322021600679445e+00 3.152793264960405395e+01
3.054670252779623230e+00 3.171310564419424338e+01
3.057201042531624058e+00 3.098049509419706382e+01
3.058134704706231943e+00 3.177147173865980179e+01
3.058157352388087169e+00 3.032046141853840737e+01
3.059078769821887978e+00 3.111510141697671017e+01
3.063432328529307025e+00 3.131157694126858360e+01
3.066781943639815822e+00 3.173033787528715521e+01
3.066961223442999263e+00 3.072772549589523194e+01
3.067705182122022034e+00 3.079199080243007103e+01
3.076550614821213170e+00 3.023609137427809301e+01
3.081177526497983266e+00 3.070774168262469317e+01
3.083643037947402465e+00 3.168844349560049167e+01
3.092919107381848054e+00 3.095230634432558148e+01
3.093736721748852059e+00 3.134984918797923825e+01
3.097867146961664986e+00 3.021110280003825110e+01
3.108565991242052018e+00 3.162937391805650478e+01
3.108984534288571133e+00 3.151071982136404515e+01
3.109494258709077474e+00 3.066245883995738097e+01
3.116953404983040077e+00 3.135452778290729015e+01
3.117191319889574874e+00 3.072171609229447853e+01
3.119952629624449081e+00 3.109568918909183566e+01
3.121774055653277813e+00 3.061662883636662613e+01
3.124309644304238187e+00 3.135696707066198741e+01
3.128322668280587138e+00 3.101155859898013745e+01
3.129918135585238570e+00 3.050378891176025675e+01
3.131902527522759883e+00 3.147480935049006234e+01
3.141097219197963142e+00 3.022572604429532461e+01
3.153415966922352709e+00 3.125921762715557151e+01
3.154933602871366372e+00 3.177754425993277820e+01
3.156906916994957513e+00 3.155175152540229888e+01
3.157329547282945459e+00 3.194086544219225843e+01
3.161136538475413094e+00 3.067030055695609292e+01
3.161839676719290892e+00 3.095599577633554134e+01
3.164129256557100422e+00 3.098657577205089808e+01
3.171536181200827809e+00 3.170793896133228529e+01
3.175845959219517844e+00 3.170806638728469906e+01
3.176382901482025289e+00 3.029310041426993294e+01
3.176741324606199068e+00 3.136269725201557534e+01
3.178306659402008627e+00 3.087437660599228906e+01
3.183618990842236762e+00 3.036790830470864577e+01
3.187915525189647159e+00 3.152766405647990311e+01
3.190220640969974042e+00 3.073854594261516482e+01
3.198833990483955780e+00 3.157812039565517992e+01
3.203129071233854042e+00 3.083454511060881842e+01
3.208377861938271014e+00 3.177056585994600013e+01
3.213910645631504526e+00 3.087870217088678970e+01
3.216172012238093014e+00 3.031461485810024570e+01
3.219045918093696113e+00 3.086854888610652736e+01
3.222675539505353459e+00 3.078602699554161859e+01
3.233577456643640158e+00 3.007419820362657248e+01
3.234248987645077289e+00 3.147509328346941615e+01
3.236017662381621030e+00 3.091556770323687786e+01
3.241538183010274743e+00 3.065677365340655314e+01
3.243982522464113671e+00 3.143878476258413457e+01
3.252737022201848571e+00 3.081410633405065269e+01
3.255209700082410063e+00 3.168741260818547190e+01
3.255904857621636062e+00 3.192674758294457504e+01
3.256580867630102016e+00 3.052621596052480868e+01
3.259738874099739725e+00 3.136273588372394983e+01
3.262612092960683441e+00 3.025704597387868588e+01
3.263453167903184404e+00 3.011551264152405594e+01
3.266447891929164182e+00 3.093709002838995659e+01
3.269942086511154589e+00 3.111311828824647563e+01
3.280356229222794351e+00 3.121353781574272190e+01
3.292360932553121344e+00 3.088931667663036862e+01
3.294224045846313231e+00 3.018651434830588798e+01
3.294968655501657739e+00 3.081847201271815351e+01
3.301469843317017538e+00 3.046317485276850690e+01
3.308570507954296858e+00 3.170274158243570284e+01
3.309361924906917274e+00 3.170395952566529019e+01
3.321721626084952472e+00 3.126226679892291926e+01
3.334384048270610634e+00 3.058169902230693538e+01
3.335720394823208590e+00 3.026500561529468669e+01
3.347352920644084406e+00 3.034171580209738295e+01
3.349142338033899602e+00 3.086348808898682350e+01
3.351446105260855735e+00 3.039433584287256807e+01
3.352346757015665979e+00 3.077067474611340714e+01
3.353187447380919561e+00 3.171868882083782992e+01
3.357228489975039309e+00 3.128649619511249469e+01
3.357346834511219846e+00 3.137325764679547646e+01
3.358187794129958714e+00 3.009230964132948216e+01
3.359498591457775074e+00 3.021807479665932661e+01
3.359953745620475107e+00 3.085842684933178859e+01
3.366945810010672169e+00 3.135530101584329188e+01
3.371399842589561935e+00 3.181203995697521592e+01
3.374690148434384973e+00 3.095332868571946250e+01
3.377743299087921702e+00 3.155376877602854435e+01
3.382464525094335261e+00 3.054044301887763879e+01
3.383902677225891775e+00 3.080799654904581431e+01
3.384547800852111266e+00 3.070712444192577095e+01
3.390488651834175471e+00 3.138710792973470376e+01
3.396531975414355475e+00 3.146429527633462797e+01
3.405191261982543960e+00 3.186979880933176901e+01
3.406601710376856218e+00 3.087220902408433076e+01
3.409364153022249155e+00 3.049450005051117074e+01
3.413460411626846547e+00 3.079873709644121149e+01
3.413830674061124615e+00 3.172528990512422808e+01
3.415599523802137050e+00 3.027283833271528479e+01
3.415897540206675576e+00 3.018219284682535175e+01


1.301412470088516216e+01 2.913048273799951460e+01
1.302546005345557489e+01 2.918155410439938890e+01
1.303634760610366250e+01 2.926595506514280487e+01
1.306651303657177188e+01 2.903124792834533707e+01
1.308406216144531342e+01 2.937122141618781157e+01
1.309329460740237572e+01 2.882303697163356659e+01
1.309498085205414242e+01 2.906306431190376927e+01
1.309542592164311436e+01 2.922866138139079695e+01
1.310443114229711981e+01 2.899303347628706717e+01
1.311682329673759106e+01 2.923042123324308861e+01
1.311750016022843113e+01 2.889501779038511486e+01
1.312292273152205269e+01 2.866134506049917263e+01
1.312366049732493245e+01 2.934208449010212405e+01
1.313348115708597952e+01 2.922085892197917900e+01
1.314100931150625051e+01 2.875862468655681070e+01
1.315277874230213584e+01 2.881189161860444159e+01
1.315396807522694367e+01 2.890834539976062700e+01
1.316274604327135123e+01 2.927726161815419204e+01
1.316750629866814393e+01 2.905630323555848449e+01
1.317325878608614076e+01 2.854064402879140872e+01
1.318017962497545881e+01 2.907610827152514688e+01
1.318419765545629829e+01 2.928323895030532498e+01
1.318698099509529698e+01 2.878419238528076107e+01
1.318977516303165487e+01 2.860035243865845445e+01
1.321765261922262447e+01 2.916886124758479326e+01
1.322954499013865082e+01 2.924531376290607909e+01
1.324972883503854071e+01 2.909312426528218154e+01
1.325531403248635343e+01 2.910638130730257700e+01
1.325663617102851966e+01 2.907032216729227869e+01
1.325779358386530049e+01 2.836205740633731409e+01
1.325822996403504384e+01 2.879064958202461355e+01
1.325846898771841786e+01 2.961442821569296413e+01
1.325979002683740049e+01 2.870923141059448014e+01
1.326745846754744917e+01 2.932589319196186040e+01
1.326863219720658016e+01 2.885801415021180816e+01
1.327312454543676346e+01 2.848946578387476336e+01
1.327885019706404179e+01 2.862914837618213326e+01
1.328121790901349186e+01 2.906310399967168578e+01
1.329025362697697865e+01 2.910501054945373056e+01
1.329991424914310905e+01 2.895491907242221075e+01
1.330109716072398562e+01 2.874134476039663966e+01
1.330203436606686651e+01 2.897533310100325821e+01
1.330359568447644136e+01 2.854258487082974938e+01
1.330473795274265925e+01 2.933230831119160342e+01
1.331004309174763911e+01 2.924423496795496646e+01
1.331882319353934463e+01 2.935063468956045440e+01
1.332889696636726029e+01 2.869600182806723865e+01
1.333118544543222050e+01 2.921061058916815512e+01
1.334212449488978436e+01 2.880763507259113254e+01
1.334695606416240388e+01 2.847826550301498116e+01
1.335230247059096342e+01 2.869146567719297991e+01
1.335301383650520890e+01 2.869988567998130335e+01
1.335610436351510089e+01 2.826039243414684066e+01
1.336172328878416593e+01 2.894088546613433977e+01
1.336790201003757161e+01 2.942455870184427624e+01
1.337512571817512708e+01 2.883443186406473302e+01
1.339458537709688990e+01 2.951476854880730727e+01
1.339581098141508875e+01 2.846354859050370933e+01
1.339616746995825913e+01 2.911804963964072712e+01
1.339685056240901062e+01 2.936944434323661213e+01
1.340315660885603499e+01 2.924340112867620078e+01
1.340490723787229399e+01 2.851676251067580736e+01
1.343035174139412646e+01 2.895783923589806719e+01
1.343128114581574728e+01 2.881456477812526273e+01
1.345205724179549023e+01 2.927599450355668154e+01
1.345245208984395013e+01 2.970711775212134143e+01
1.345255669605897175e+01 2.874032680380488358e+01
1.346322128827929632e+01 2.927547061357354607e+01
1.348272079004306079e+01 2.923332444073516001e+01
1.348926615826460917e+01 2.877280527567466706e+01
1.349591152937901128e+01 2.825406362333652055e+01
1.350194119034234319e+01 2.841882183465563116e+01
1.350704180082472305e+01 2.875605435632766316e+01
1.351057999327045067e+01 2.820276869830219013e+01
1.351171994085259342e+01 2.918956907992935257e+01
1.351851210374009504e+01 2.915094419415424198e+01
1.352095775847073611e+01 2.840160676729012934e+01
1.352854720063682237e+01 2.897754158447241579e+01
1.353240877131976561e+01 2.921157829205879963e+01
1.353330001335905308e+01 2.901709778306149090e+01
1.353935606042680995e+01 2.934545494646850727e+01
1.354082524128102172e+01 2.955027282387238685e+01
1.354620928464318830e+01 2.938074212970875365e+01
1.354775391849485011e+01 2.981370857418338716e+01
1.354886281285955896e+01 2.888949703622178689e+01
1.355430057198910987e+01 2.937449675465708765e+01
1.356085783906625508e+01 2.848109866967244841e+01
1.356229986919348995e+01 2.813132069227044241e+01
1.357019845035492267e+01 2.812083588784757993e+01
1.358454061034480809e+01 2.940701805740757635e+01
1.358917763105969634e+01 2.937415313906810610e+01
1.358994099524363186e+01 2.869910707197903932e+01
1.359949673380613788e+01 2.861079681294098620e+01
1.360029848151150844e+01 2.816034474421726230e+01
1.360322308523685564e+01 2.809264685070109380e+01
1.361357362237849600e+01 2.921172588730424735e+01
1.361701978813691127e+01 2.943319270306317037e+01
1.361767794487007421e+01 2.858733088633048069e+01
1.362031684824570199e+01 2.955651649378413737e+01
1.362421732897051641e+01 2.963861613425944341e+01
1.362792675380119967e+01 2.990495123083218942e+01
1.363122471917465539e+01 2.954943706896507294e+01
1.363635227686324036e+01 2.975800868413931610e+01
1.363773017419072886e+01 2.855252125697569099e+01
1.363939786796950315e+01 2.945102691562936670e+01
1.364067168911541650e+01 2.922757979037557163e+01
1.365490382815083237e+01 2.959746847612890974e+01
1.366199776786501729e+01 2.931789088549140843e+01
1.366284692248553334e+01 2.918993089360715842e+01
1.366841453813661289e+01 2.887529075650730448e+01
1.367303217526160353e+01 2.849598562969304183e+01
1.367762304794119110e+01 2.912954850351890812e+01
1.367801855801632094e+01 2.945078229612364851e+01
1.368033620155891761e+01 2.881196811457217066e+01
1.369952402733732022e+01 2.940580468911498357e+01
1.370597903013800156e+01 2.946059547176804116e+01
1.370636372073890286e+01 2.870193647037432783e+01
1.370973005511541309e+01 2.981433963180782243e+01
1.371073394918329846e+01 2.813571713944970654e+01
1.371635247711299854e+01 2.853194472038314089e+01
1.371770472029418464e+01 2.875702459306726055e+01
1.372146775528881335e+01 2.938826378196124267e+01
1.372456734782533516e+01 2.868483872515675159e+01
1.372626040753976895e+01 2.939221755591152174e+01
1.372810471145297306e+01 2.842583428734881679e+01
1.373145612093007095e+01 2.903404659225078532e+01
1.373495105599573662e+01 2.939099425910528396e+01
1.373939074818561323e+01 2.864502771750342447e+01
1.373948921768735154e+01 2.950431361558140253e+01
1.375005934693333920e+01 2.952608285798852350e+01
1.375025189172652063e+01 2.835791621170425358e+01
1.376059228375252275e+01 2.840715927919028161e+01
1.377148122912233319e+01 2.968553848169624132e+01
1.377391269797978346e+01 2.887274558573118100e+01
1.377806604267735224e+01 2.934799145924075248e+01
1.377937275239434101e+01 2.889223818724814663e+01
1.378749790951855658e+01 2.894216941860980796e+01
1.379296594974762868e+01 2.988103685480765748e+01
1.379613518824898222e+01 2.956920238959697400e+01
1.379791158687793029e+01 2.940532440612087584e+01
1.380394841775612136e+01 2.933492700160516975e+01
1.380418451454346140e+01 2.848497241929588952e+01
1.380612067408162247e+01 2.962712471915400414e+01
1.380743407958513380e+01 2.896529784238659389e+01
1.381574456672915474e+01 2.932107249529923365e+01
1.381849916237961828e+01 2.887000705625192509e+01
1.383159822521550986e+01 2.935191382343834121e+01
1.383526414804260618e+01 2.836320640934122750e+01
1.383594816675782013e+01 2.956082784345704084e+01
1.384162991534493692e+01 2.877687898956801504e+01


3.534167917312125695e+01 2.936327981917799690e+01
3.534219373839498246e+01 2.902840690797761880e+01
3.534242949420179514e+01 2.990740751943013720e+01
3.534803134083220044e+01 2.934439003938910062e+01
3.534850028763998608e+01 2.986757265212624191e+01
3.535950536519379028e+01 2.946601265525820779e+01
3.536606127614891903e+01 2.875742229747901035e+01
3.536618113523700657e+01 2.980405387852122701e+01
3.537131415921890465e+01 2.851201313295852557e+01
3.537916221024756425e+01 2.907819680781845406e+01
3.538016511889480853e+01 2.832253921717053657e+01
3.538852612410489229e+01 2.956382624508738033e+01
3.540208364041933464e+01 2.951117882305520013e+01
3.540585011166684382e+01 2.813916581200709999e+01
3.541536926894993798e+01 2.840443859194319742e+01
3.542059730953899077e+01 2.936508379849865236e+01
3.542389834557349815e+01 2.909548631437292343e+01
3.542722762928803348e+01 2.867495548512929560e+01
3.544664830831573710e+01 2.912752459837403407e+01
3.545244113491662574e+01 2.938201082258711949e+01
3.545628671979653035e+01 2.980702072009846404e+01
3.546198891816445808e+01 2.924033103217018592e+01
3.546510938623858777e+01 2.961387143421330848e+01
3.546520637740524506e+01 2.894059463755167982e+01
3.546689270609208933e+01 2.948271612298269773e+01
3.546861984673771673e+01 2.924191086559605068e+01
3.546936782704207758e+01 2.820210396242266526e+01
3.547050919506295230e+01 2.944102647072550738e+01
3.548325269144739735e+01 2.859635070023936265e+01
3.549845124330531121e+01 2.821316721704861408e+01
3.551229191958041298e+01 2.970292730957436689e+01
3.551387226918227213e+01 2.898108694235282101e+01
3.551578111849880770e+01 2.900452036859947214e+01
3.551776287682908162e+01 2.890627838776565994e+01
3.552076575553357429e+01 2.935693325677041088e+01
3.552288144715380014e+01 2.892149353724795802e+01
3.553167556216993717e+01 2.885832373619594193e+01
3.554915360113796652e+01 2.867687077219122216e+01
3.555499748856557574e+01 2.909288137329551915e+01
3.555575212851956479e+01 2.848563411413354629e+01
3.556401559259870737e+01 2.960647447845992986e+01
3.557730345089647273e+01 2.947861461554524354e+01
3.558027322306917739e+01 2.937252913789845010e+01
3.558074049421360030e+01 2.903199689628145208e+01
3.558311889816303619e+01 2.884004655893054903e+01
3.558346225853082956e+01 2.933177338961221281e+01
3.558385689668838836e+01 2.903255723544185685e+01
3.558655561020737679e+01 2.955621585547027053e+01
3.558670121261394570e+01 2.955614069554091827e+01
3.559773584664060309e+01 2.945379181894489662e+01
3.560430156398413715e+01 2.942912757168016924e+01
3.561545027730630864e+01 2.834464009265370876e+01
3.561910437568842980e+01 2.841943554455825449e+01
3.561961165956348907e+01 2.914134338818652381e+01
3.563071914615496638e+01 2.925593466224422201e+01
3.563369041602755516e+01 2.886961519447267577e+01
3.563678674300524563e+01 2.878337560937923811e+01
3.564372555839324264e+01 2.902087066025662665e+01
3.565439382770676247e+01 2.898223001075466954e+01
3.567669060025964001e+01 2.919141918991707385e+01
3.568406688682539141e+01 2.853154412001905627e+01
3.568762923093638051e+01 2.902161399479982862e+01
3.569138936645885707e+01 2.905568331705873319e+01
3.569913121164042025e+01 2.919494433888850438e+01
3.570514808246435479e+01 2.903486230205624707e+01
3.571039666063436613e+01 2.878520144434071426e+01
3.571394036173841613e+01 2.894432386017185266e+01
3.572100864198893078e+01 2.934607319692936755e+01
3.572611443956152755e+01 2.877991012292166317e+01
3.572916531644963101e+01 2.944623944239122082e+01
3.573114385804890247e+01 2.959097851003832957e+01
3.573318548604862599e+01 2.895897350556608174e+01
3.574330541733672817e+01 2.843843886535134402e+01
3.574401314788772055e+01 2.944234035296990371e+01
3.574795200258240158e+01 2.957622675030638604e+01
3.575202364345352635e+01 2.928716988602029403e+01
3.575250984109007391e+01 2.932886257877513714e+01
3.578102779983933601e+01 2.891036209538360424e+01
3.579668903020258597e+01 2.866324373333290509e+01
3.579855882817719959e+01 2.929832813794556046e+01
3.581575054975339611e+01 2.954924967438165950e+01
3.582127898148782918e+01 2.862743609812402212e+01
3.582374986114217563e+01 2.929580423327088212e+01
3.583119521167526500e+01 2.897982172892018227e+01
3.583215768075186958e+01 2.857643895780104515e+01
3.583961529020597681e+01 2.872721634839359695e+01
3.585794145876754868e+01 2.857263342056570821e+01
3.586941362819732859e+01 2.933286492342780249e+01
3.587925472503437163e+01 2.859721284735665847e+01
3.588889404473808042e+01 2.879326972572095045e+01
3.591109279731814041e+01 2.867890342515425317e+01
3.591913995621750644e+01 2.932492118568360340e+01
3.595185970645938767e+01 2.893962422074414675e+01
3.595457369449918872e+01 2.929015211454562007e+01
3.597153629313739032e+01 2.885394960125257668e+01
3.598133673286454837e+01 2.914046689728647621e+01


3.480474183974722280e+01 2.851186509303630956e+01
3.481791937801072123e+01 2.881040221084421660e+01
3.482842294853507781e+01 2.840336089085090521e+01
3.482912629015246608e+01 2.903910350635992543e+01
3.484315900014023981e+01 2.992527909398264185e+01
3.484334044578269385e+01 2.876916934426404637e+01
3.484686942685290489e+01 2.832759332648944905e+01
3.484968991434758578e+01 2.951161663433601134e+01
3.484970288609402189e+01 2.898565807718193810e+01
3.485153229400902575e+01 2.856613126696270299e+01
3.485252672028448728e+01 2.900071712818967029e+01
3.485518745659634021e+01 2.917892782939241414e+01
3.485659144672985121e+01 2.924233640269738288e+01
3.487326349723243624e+01 2.866656625452560547e+01
3.487473317626561453e+01 2.866451485264492050e+01
3.488507652062820341e+01 2.889355579952808739e+01
3.488574154393429438e+01 2.875084169886905983e+01
3.489014208644827164e+01 2.947833089231168913e+01
3.489216514206914610e+01 2.847649965268921690e+01
3.489432539409330758e+01 2.957395623809300744e+01
3.489698462807669443e+01 2.977509005129570596e+01
3.490015656915035436e+01 2.848290720458814107e+01
3.490490655703039380e+01 2.819773588217567095e+01
3.490602274709314656e+01 2.862731200197840664e+01
3.490782679037339875e+01 2.830660296808732568e+01
3.491038666398259949e+01 2.949880402010627733e+01
3.491099818593504978e+01 2.967637007079547118e+01
3.491141399999273887e+01 2.813780727178793128e+01
3.491273843396115950e+01 2.804595298140216642e+01
3.491306184572550109e+01 2.988867991575450844e+01
3.491597667505659075e+01 2.858857563777272404e+01
3.491686983812111578e+01 2.971421558424812659e+01
3.492119888370041991e+01 2.863795325386212198e+01
3.492539533579489586e+01 2.859285410524489990e+01
3.492550201990822245e+01 2.854642772399410688e+01
3.493005521666850655e+01 2.921192722180752810e+01
3.493007439790813606e+01 2.949814372071994129e+01
3.493010156576133340e+01 2.971765183100743712e+01
3.494532608805580765e+01 2.923347765144296417e+01
3.494684737609129144e+01 2.987225867423032355e+01
3.495109529528809844e+01 2.881308246390431549e+01
3.495138491348396315e+01 2.914367758998294633e+01
3.495153468560226173e+01 2.872428361533387076e+01
3.495905183700649133e+01 2.932952471580108877e+01
3.496025940422664036e+01 2.863003027577522985e+01
3.496738853069192032e+01 2.884060966553400007e+01
3.497663413966610335e+01 2.889761653256923424e+01
3.498293793941422081e+01 2.905209986154621049e+01
3.498636810650096862e+01 2.928355567134007487e+01
3.498683989908525405e+01 2.989787435028051021e+01
3.498893636217811576e+01 2.984603104895575498e+01
3.499060660930361166e+01 2.893074463692351017e+01
3.499254204787610689e+01 2.828164655159116592e+01
3.499299789353784007e+01 2.964326968550126651e+01
3.499336547995880409e+01 2.938036946644308500e+01
3.499470615097263249e+01 2.951967132113637504e+01
3.499586985499578873e+01 2.911203317764151777e+01
3.499612128813980405e+01 2.832101840213905675e+01
3.500552941819665875e+01 2.833391760236644785e+01
3.500854858930079416e+01 2.903671925226379358e+01
3.501509731673117898e+01 2.984623608028893571e+01
3.501834319850726729e+01 2.928250321812143397e+01
3.501926299779745477e+01 2.941544813651771761e+01
3.502329654314828389e+01 2.877644402876518726e+01
3.503667772462493701e+01 2.875350073524447581e+01
3.503888716606180509e+01 2.994113460654968506e+01
3.504167299200404528e+01 2.920036812451637687e+01
3.504304955588943926e+01 2.987533014238503526e+01
3.504513112159470012e+01 2.853880775915450840e+01
3.504921211267757286e+01 2.831128786776471529e+01
3.506302157900917393e+01 2.913323183293653784e+01
3.506518926466922181e+01 2.826218602283363168e+01
3.506749603974653695e+01 2.830949706294586932e+01
3.506859720851305440e+01 2.909413624171608959e+01
3.506904142798234147e+01 2.875990622328228952e+01
3.506920037687153524e+01 2.887275132663517496e+01
3.507076421740252670e+01 2.941224663797965988e+01
3.508235955723482391e+01 2.803940475707797475e+01
3.508826681906999312e+01 2.944805209458868589e+01
3.508950379288514654e+01 2.920212268001413136e+01
3.509830458599051184e+01 2.821905670671836930e+01
3.509854431295838850e+01 2.894098189415154820e+01
3.510005745701662505e+01 2.953450867584320250e+01
3.510086903358804022e+01 2.895395076968842929e+01
3.510970633766221738e+01 2.851199186266070029e+01
3.511039168376392183e+01 2.983114495106493536e+01
3.511334464241915754e+01 2.893638214652624185e+01
3.512055859542221015e+01 2.989548315985749483e+01
3.512452696481270920e+01 2.959924492095322535e+01
3.512916765022888654e+01 2.900799591234795471e+01
3.513075820330790577e+01 2.931233291918928430e+01
3.513953965795466416e+01 2.833730634383755032e+01
3.513958838974100729e+01 2.825028628419945775e+01
3.514470575866749158e+01 2.825904024370964862e+01
3.514860197821633392e+01 2.804224177217149716e+01
3.516094530695128384e+01 2.848093877793341022e+01
3.516730821359139725e+01 2.883779080411817830e+01
3.516744751491842180e+01 2.857192942908387678e+01
3.516952520400674587e+01 2.923421075847259942e+01
3.517434077020779171e+01 2.873725184057025572e+01
3.518053779576921869e+01 2.891676676241742783e+01
3.518329489833948998e+01 2.991648630074346826e+01
3.518781725755443546e+01 2.951005435318000636e+01
3.519096356019579019e+01 2.939396169450139951e+01
3.519680392201216534e+01 2.838765995104493101e+01
3.519690196540850735e+01 2.959904128915226451e+01
3.520001203769815845e+01 2.841949852734006754e+01
3.520637171860657588e+01 2.969769225014790948e+01
3.520670851212418739e+01 2.916776456259504258e+01
3.521269383915962692e+01 2.821986275845438286e+01
3.521784116810292176e+01 2.858123946680089844e+01
3.521957737630366125e+01 2.960155960947232145e+01
3.522359376532353537e+01 2.957124780691436428e+01
3.522514696538464563e+01 2.932369414706267463e+01
3.523315289926868132e+01 2.803310942614866619e+01
3.523496673032767745e+01 2.860260261085512568e+01
3.524051643299983994e+01 2.870102096285113547e+01
3.524135370858075333e+01 2.893212047612016846e+01
3.524297020305749584e+01 2.974208644913817778e+01
3.525013005847470993e+01 2.899649794147944348e+01
3.525033328406152577e+01 2.863670275590508396e+01
