3.525654038932230350e+01 2.886434878845120622e+01
3.526026817149662662e+01 2.854367823871377396e+01
3.526698935861340090e+01 2.960093392769915965e+01
3.526728183367278291e+01 2.865319185371680888e+01
3.526821045717142766e+01 2.848570591357975701e+01
3.526886535434174164e+01 2.898689155499557657e+01
3.528014271864989126e+01 2.897536444858433669e+01
3.528156739642494699e+01 2.845286187456451188e+01
3.528351673669720157e+01 2.902562077314723865e+01
3.528397617526032093e+01 2.975700422038794102e+01
3.528939948509283653e+01 2.856482698611028681e+01
3.529235900718212093e+01 2.992841176235472034e+01
3.529283881676808221e+01 2.899787417949679025e+01
3.529426308365842146e+01 2.920369044031668793e+01
3.529435564105899203e+01 2.978197811396559302e+01
3.529641148198454204e+01 2.829392278823786100e+01
3.529834009724175559e+01 2.852794392860407768e+01
3.530040629057459256e+01 2.968391994523829780e+01
3.530135177049910311e+01 2.886617701855336549e+01
3.530246654057123123e+01 2.837152834996686224e+01
3.530284523599854651e+01 2.898852740855667776e+01
3.531188403492431860e+01 2.924049804339479408e+01
3.531221012900547862e+01 2.890508688819102545e+01
3.531805224661189868e+01 2.808600054285918546e+01
3.532735822283353144e+01 2.902999932385769100e+01
3.532737163549804649e+01 2.951722155256116409e+01
3.532856337274775882e+01 2.849593089071975527e+01
3.533389606691758900e+01 2.951015515982837201e+01
3.533681948567222264e+01 2.888150088825569384e+01


3.403410826537991341e+01 2.875221825517371954e+01
3.404152194765781303e+01 2.920564806178522588e+01
3.404940600144468021e+01 2.880145041622695601e+01
3.405375240071256115e+01 2.910272680940557777e+01
3.406590221097741278e+01 2.888208056217092334e+01
3.407438436520988745e+01 2.905371862637296942e+01
3.408706356481138045e+01 2.865256389032609974e+01
3.408803059464554508e+01 2.934082920431953312e+01
3.409796336752651058e+01 2.934105571489442710e+01
3.411424792374783976e+01 2.893250313484945480e+01
3.411852003968908065e+01 2.867456351507165380e+01
3.414894661930534170e+01 2.924507600763349657e+01
3.415141883816505697e+01 2.948703028080256061e+01
3.416915973130252837e+01 2.925459751986625179e+01
3.418127624124502972e+01 2.956890847112387988e+01
3.419404461022725172e+01 2.874798531321594908e+01
3.419782241463699535e+01 2.867258461816229698e+01
3.420109837614620574e+01 2.942910613805557674e+01
3.420134370798906076e+01 2.848804667905605825e+01
3.421475016212252740e+01 2.884035811830467821e+01
3.421514655499084512e+01 2.841997381815095025e+01
3.421627996236968983e+01 2.878665797457947662e+01
3.422559008309983852e+01 2.905330547071468672e+01
3.423054813531012996e+01 2.848502468462620385e+01
3.423377531555347275e+01 2.887640503335224906e+01
3.423676471806692945e+01 2.929091435390952114e+01
3.423787037654280141e+01 2.958756416652146370e+01
3.424420322451059207e+01 2.937012710669356608e+01
3.424875562045635036e+01 2.914323744855019882e+01
3.425081989007684768e+01 2.956035531203497868e+01
3.425225916900138401e+01 2.868120568289574379e+01
3.426750033529805961e+01 2.930006753157509536e+01
3.428838358257362273e+01 2.845779545745418204e+01
3.429195898643945384e+01 2.903713633132117167e+01
3.429211722445256072e+01 2.926356269998534998e+01
3.429307237061767211e+01 2.850931400375571556e+01
3.429354243224648258e+01 2.947367953945639130e+01
3.430950366901200255e+01 2.966877353616279223e+01
3.430969485759295168e+01 2.956610079584937267e+01
3.431188121729179841e+01 2.837738123567313053e+01
3.431514160946075265e+01 2.964138234102514602e+01
3.431551477129536210e+01 2.835479601585872800e+01
3.432097789289478840e+01 2.953890539394122428e+01
3.432560686013110285e+01 2.850645218289103511e+01
3.433114247111984696e+01 2.908534212768047666e+01
3.433816272651560553e+01 2.873780529563802233e+01
3.434828983301626693e+01 2.852293930617233642e+01
3.435205721990981687e+01 2.975877266779243868e+01
3.435549556367708846e+01 2.921289845993615941e+01
3.436981588870661852e+01 2.903562678535377017e+01
3.437431002950631154e+01 2.893463591745381436e+01
3.437544225127539477e+01 2.919753184688259395e+01
3.437848617613770585e+01 2.929438926514636066e+01
3.438210766883842240e+01 2.909306983420344750e+01
3.438441513672935912e+01 2.876545053944257546e+01
3.439286612855685377e+01 2.968725211161323685e+01
3.439559836435525142e+01 2.905456829055092882e+01
3.440049778567012595e+01 2.923140698879852195e+01
3.440056022424628424e+01 2.946153843386434801e+01
3.441150141840518728e+01 2.852056192209649410e+01
3.441448287854235133e+01 2.832898168082034829e+01
3.441836215458128834e+01 2.889531614947359373e+01
3.442037244102587579e+01 2.931644246127457620e+01
3.442902154424280781e+01 2.911634557396385858e+01
3.443127295260750742e+01 2.825528562216288719e+01
3.444385378348946603e+01 2.947586611567122006e+01
3.444559638804030044e+01 2.913990744855644621e+01
3.445548208676608226e+01 2.842062022965573931e+01
3.446035640643581388e+01 2.918808562368187864e+01
3.446246813809877096e+01 2.890938346478523613e+01
3.446483717874196628e+01 2.860591867847291425e+01
3.446753516699453712e+01 2.969582076919567015e+01
3.447062972645547774e+01 2.924361652029545411e+01
3.447225300846029228e+01 2.930906225601763992e+01
3.447431686942991291e+01 2.839288062987320416e+01
3.447778013453006452e+01 2.889182885835921866e+01
3.447883330170771643e+01 2.826662977903432861e+01
3.448344499391534868e+01 2.937964938818742766e+01
3.449521746439663872e+01 2.957946500573433468e+01
3.450201215036556590e+01 2.946577137516112188e+01
3.450284668622400375e+01 2.836334703168497029e+01
3.451463371989932227e+01 2.838730930294948251e+01
3.451956435075499741e+01 2.877986099346687965e+01
3.452514762130113724e+01 2.826357292497125684e+01
3.452979165799515471e+01 2.986565791370351519e+01
3.453352313754322012e+01 2.977778506322993479e+01
3.453926245440339216e+01 2.895684547662510155e+01
3.454445043141225824e+01 2.908132057737345022e+01
3.454658575748197791e+01 2.971760288849236886e+01
3.454936054582198324e+01 2.813691131182951466e+01
3.455092584809994349e+01 2.926399402187615095e+01
3.456138922991502227e+01 2.926775716849126496e+01
3.456463713587760367e+01 2.963975967110970444e+01
3.456790080162193135e+01 2.857701230965314565e+01
3.457029157141575126e+01 2.823499125048194358e+01
3.457345941747879436e+01 2.859720231733327722e+01
3.457648194847815404e+01 2.873326088338704665e+01
3.458780059377471616e+01 2.881791381089661641e+01
3.460642027151028088e+01 2.903412615119180984e+01
3.460819966236280010e+01 2.849859131160155457e+01
3.461152041578227312e+01 2.873129843408126050e+01
3.461231581200780738e+01 2.969355645806323452e+01
3.462352815618454116e+01 2.848405503990219856e+01
3.462504584119138684e+01 2.990437427175906038e+01
3.462910829979149696e+01 2.867575958987192308e+01
3.463078978281468068e+01 2.855977597432920589e+01
3.463463046835924786e+01 2.885172053617680277e+01
3.463811607296975126e+01 2.811301825557085365e+01
3.463860395029842465e+01 2.921857429314284005e+01
3.464290695167833434e+01 2.862704222308249769e+01
3.464689581692656617e+01 2.861525446963759123e+01
3.464841702962277026e+01 2.985928406260877210e+01
3.465125731403874454e+01 2.830618322071856596e+01
3.465366714347744193e+01 2.928997520428261936e+01
3.465431789329593215e+01 2.877230966217419450e+01
3.465670625666638927e+01 2.953287458570975943e+01
3.465750054039645534e+01 2.982881279386103301e+01
3.465821136810939151e+01 2.907804877561905954e+01
3.465966598762408779e+01 2.872058892616264458e+01
3.465989515146727484e+01 2.814246239017267115e+01
3.466355496841094919e+01 2.894390760932187590e+01
3.466758407464320868e+01 2.952926992524689354e+01
3.466919863145526648e+01 2.879039570138584736e+01
3.467344303644147629e+01 2.859880737722600585e+01
3.468117488378304358e+01 2.952567943515066773e+01
3.468256758674305473e+01 2.906662817589418424e+01
3.468789066650867170e+01 2.963827646179093023e+01
3.469218668952516538e+01 2.856654448628040299e+01
3.470642970240673009e+01 2.980386677304569076e+01
3.471242770652713006e+01 2.987519945461821180e+01
3.472435519454024444e+01 2.918913701298675178e+01
3.472764728464967021e+01 2.809153623837394775e+01
3.473156496614691946e+01 2.947193951992230154e+01
3.473165804229834208e+01 2.977605256500299191e+01
3.473573811861805893e+01 2.837233006488946785e+01
3.473990514494914095e+01 2.914959291847623035e+01
3.475109484113777114e+01 2.955591732795703308e+01
3.475122180510851422e+01 2.942546982661701094e+01
3.475290194945667821e+01 2.938712118471454104e+01
3.475362464133955598e+01 2.973125695326292472e+01
3.476045392983724014e+01 2.864069069503616305e+01
3.476352045586941841e+01 2.861081238296199203e+01
3.477622285410081560e+01 2.924218738528971429e+01
3.478822832534778087e+01 2.895308310230305082e+01
3.478945633409485794e+01 2.956013580811377750e+01
3.479011278234744253e+01 2.971096229663064392e+01
3.479470524567544487e+01 2.845215963091536082e+01
3.479613346962779730e+01 2.902395737238746776e+01
3.479857419536121199e+01 2.956139399198841389e+01
3.480279360622948559e+01 2.818411182689824912e+01


3.082644330655240950e+01 2.803549232196607832e+01
3.083083600599048069e+01 2.967374780428265524e+01
3.083453496324587917e+01 2.930167733121319529e+01
3.083843092715832057e+01 2.847812186944147328e+01
3.084109578234153304e+01 2.863016361963362399e+01
3.084381852918984279e+01 2.851910149929580029e+01
3.085123190161258222e+01 2.865153620439665971e+01
3.085715442987424240e+01 2.873561224395975344e+01
3.086033910741399922e+01 2.917401455902997753e+01
3.086218791149302731e+01 2.953218933780133426e+01
3.086669610563734523e+01 2.804013376709545824e+01
3.087627127167128904e+01 2.960684956073465912e+01
3.087793233776592317e+01 2.874969865853431727e+01
3.089368252580469942e+01 2.920293309673219184e+01
3.090410219639652212e+01 2.951717469609074485e+01
3.090429102413170881e+01 2.895752327188579756e+01
3.091234840088261038e+01 2.995198867028374323e+01
3.091495019691196688e+01 2.927340950888692817e+01
3.091973962050304436e+01 2.927054148023425029e+01
3.092273468812296500e+01 2.987764823985019191e+01
3.092326438851521786e+01 2.819437182647346063e+01
3.093104763512062405e+01 2.845086541491667376e+01
3.093403133749901102e+01 2.921201848206758100e+01
3.093750006596955515e+01 2.861204897501637490e+01
3.094373096394559042e+01 2.990292391296036101e+01
3.094567936181222123e+01 2.899933993867295712e+01
3.095023710888268198e+01 2.834389242629077543e+01
3.095071746011263869e+01 2.969570921638370109e+01
3.095221484460788730e+01 2.815377485700910043e+01
3.095390372017110536e+01 2.933381150768076395e+01
3.095458355767327063e+01 2.866835303887122066e+01
3.095773789612448113e+01 2.865849138519072881e+01
3.096571174679875682e+01 2.961013135965900389e+01
3.097799731007867052e+01 2.931767080054873631e+01
3.098013506372753056e+01 2.859809243919519162e+01
3.099887683325295029e+01 2.977940510529088058e+01
3.100378634610629192e+01 2.940391815851510415e+01
3.100564043444660101e+01 2.902796070966001096e+01
3.101402508156134985e+01 2.800264960848562978e+01
3.101454496802512750e+01 2.814178227766683449e+01
3.101814245477742560e+01 2.881466586854977763e+01
3.101844298302024683e+01 2.845118578410497889e+01
3.102735622318684250e+01 2.844780332782687537e+01
3.102814297464421145e+01 2.994076696435966056e+01
3.102909827721586566e+01 2.876599744204681031e+01
3.102912541779399191e+01 2.972821903399312049e+01
3.105008332786318093e+01 2.943973052432225046e+01
3.105726793728279489e+01 2.827062908584125722e+01
3.106068298124535687e+01 2.816666515389005099e+01
3.106154856626071137e+01 2.956772902792861757e+01
3.106248051809874156e+01 2.828735630572798954e+01
3.106716856159593831e+01 2.944398846866047847e+01
3.107895527781614931e+01 2.876877647312818098e+01
3.109131454893794455e+01 2.855512869780141472e+01
3.109744127749083731e+01 2.828717663587498876e+01
3.110011681278028561e+01 2.942752972988476046e+01
3.110183381749097720e+01 2.881557666139036655e+01
3.110279827052355017e+01 2.809974240921411237e+01
3.110590276409446275e+01 2.916695764928274670e+01
3.111061522638317456e+01 2.890661040997140319e+01
3.111138960172372592e+01 2.948498789270092502e+01
3.111642397383814185e+01 2.966011450317843412e+01
3.113345639298533030e+01 2.952064605011155507e+01
3.114834342102346909e+01 2.861622936274893902e+01
3.115696289641082828e+01 2.997491769247641713e+01
3.115910679389224569e+01 2.911903036524744337e+01
3.116084402998771452e+01 2.981048660143052942e+01
3.116197193654299014e+01 2.914108666433304151e+01
3.116708939144513124e+01 2.973550306777746499e+01
3.116960852099792234e+01 2.805342904647362801e+01
3.117702848140929106e+01 2.927407491304491671e+01
3.117767881016451881e+01 2.946618030359121221e+01
3.117861603579821050e+01 2.920109121905615268e+01
3.117984872272273478e+01 2.933414437052939761e+01
3.118208880446772469e+01 2.805827555279123331e+01
3.118273353447099083e+01 2.828525463255767747e+01
3.119002062304685552e+01 2.941436176446967110e+01
3.119196153793606641e+01 2.833079899544542357e+01
3.119771916201795747e+01 2.829107444312801789e+01
3.119872420205074448e+01 2.912918025310003500e+01
3.120062832743923664e+01 2.815111534173252039e+01
3.120142421899606688e+01 2.805933506956988666e+01
3.120211611638426774e+01 2.952567511075352158e+01
3.120602430957267259e+01 2.990139344287122114e+01
3.120719871834525705e+01 2.843350649506867001e+01
3.120764659713988110e+01 2.846764370032895997e+01
3.120881583668446879e+01 2.810218078707212186e+01
3.121000861826437855e+01 2.854480072057542372e+01
3.122368114132425632e+01 2.850608925745234146e+01
3.122429530880283366e+01 2.954156501457874384e+01
3.122751547555548868e+01 2.942580325207090652e+01
3.122946181773308538e+01 2.819445094214420777e+01
3.122998043545829816e+01 2.863963688324701806e+01
3.123178177113010534e+01 2.941858290548689681e+01
3.123887119409887347e+01 2.993453730752161235e+01
3.124430364371033519e+01 2.967844767401349060e+01
3.124431722675500112e+01 2.867597881333052712e+01
3.124877656292349215e+01 2.831185888720220589e+01
3.125041191784111305e+01 2.901589122235460749e+01
3.125093636429995669e+01 2.892033832555457806e+01
3.125312410095994764e+01 2.900185161507217657e+01
3.125657795483075319e+01 2.882648423485732181e+01
3.126150199408451158e+01 2.861479839081526322e+01
3.126290015472051564e+01 2.813860970849203724e+01
3.126451579717922158e+01 2.952611056664446920e+01
3.126552988402746536e+01 2.960436249111740281e+01
3.127736968230185255e+01 2.966544245093106724e+01
3.128981804107516496e+01 2.828578690039433496e+01
3.128998849698740159e+01 2.892646265375838865e+01
3.129206972841876677e+01 2.819012979293579946e+01
3.129902207193008579e+01 2.915414015038943063e+01
3.129917057343489972e+01 2.851514305279380679e+01
3.129971325665657744e+01 2.816826913101732544e+01
3.130432018809633021e+01 2.944677806025308087e+01
3.130814417222855894e+01 2.833159918331926264e+01
3.132175432299000306e+01 2.901822912224608331e+01
3.132864250471541467e+01 2.866798269976569813e+01
3.133146744145499696e+01 2.967032619225841472e+01
3.133197787793123723e+01 2.866061543474027573e+01
3.134028240590496850e+01 2.880967315528686967e+01
3.134993382256384464e+01 2.956217902870467640e+01
3.135307152479532888e+01 2.883805398232880890e+01
3.136155552701934823e+01 2.888424055085221553e+01
3.137417402189983662e+01 2.846616667091014108e+01
3.137813221533927432e+01 2.910521045927880834e+01
3.137951646059325128e+01 2.917108062315604045e+01
3.139319796865797230e+01 2.902218619303504710e+01
3.139565512220848120e+01 2.862076069220850982e+01
3.140336690504567230e+01 2.979805774866996870e+01
3.140384097227101989e+01 2.884378142070911721e+01
3.140432167501277050e+01 2.847574096819433009e+01
3.141636418428852906e+01 2.917645301782803813e+01
3.142626915882290106e+01 2.823270789386697288e+01
3.142900498437615298e+01 2.883258833578763358e+01
3.143050396793993073e+01 2.875880184616652713e+01
3.143221545809421968e+01 2.845236250988940441e+01
3.143579943973182722e+01 2.829145633891883094e+01
3.143580423949472902e+01 2.815549456698344244e+01
3.143976860162017672e+01 2.983981726628983466e+01
3.145209584941427750e+01 2.953762459247641559e+01
3.145274412664819152e+01 2.826378667583594861e+01
3.145332707565730956e+01 2.979340120447337270e+01
3.146675238717336853e+01 2.865321489063903471e+01
3.146716352665288596e+01 2.882389711781315000e+01
3.148891627181582820e+01 2.864622067774908132e+01
3.149131283633088785e+01 2.914054690788848845e+01
3.149735679002075983e+01 2.951452505135005566e+01
3.150389992967680897e+01 2.860058895577570937e+01
3.152000823251688999e+01 2.857382701608220188e+01
3.152795607911647480e+01 2.834876841273770509e+01


7.300391291814395167e+00 2.737477729135515503e+01
7.309382862261932345e+00 2.700654022752956962e+01
7.315425632005970513e+00 2.656410064592758502e+01
7.319173817915967106e+00 2.607948002540705446e+01
7.323417241590382432e+00 2.751610564602172460e+01
7.326310984716121411e+00 2.704322390730377634e+01
7.328426173091433959e+00 2.712075275053323864e+01
7.336431219995581898e+00 2.618991245989738914e+01
7.339488621509884680e+00 2.717590715475547469e+01
7.342834843917634302e+00 2.623165247580773496e+01
7.343676026861416517e+00 2.763833890639892488e+01
7.351381753292908883e+00 2.766397393445596720e+01
7.354183763875741242e+00 2.648129420770607823e+01
7.357503185871209439e+00 2.662031198973512502e+01
7.362726203957417503e+00 2.714866861248643559e+01
7.365632070178612878e+00 2.721943279024313256e+01
7.368142758033053852e+00 2.634943641705332595e+01
7.368569913004838767e+00 2.690618228117189048e+01
7.368725393382689504e+00 2.777370815139083149e+01
7.377274129328302621e+00 2.643106470299880328e+01
7.380319203441745302e+00 2.738545920805040623e+01
7.387729010706324040e+00 2.652381383907522761e+01
7.389880905820385593e+00 2.728256667462569496e+01
7.398685683537368440e+00 2.739394717748709951e+01
7.406723069760472455e+00 2.668429913106014695e+01
7.415009172973393348e+00 2.770803560696114332e+01
7.418150828561166144e+00 2.748031976170111790e+01
7.420967917570600036e+00 2.649484983043744180e+01
7.421624408719245558e+00 2.717742536497258143e+01
7.427512568520956648e+00 2.626188027327053121e+01
7.430329490721288899e+00 2.697747362837917962e+01
7.431742204978617039e+00 2.748739002098060880e+01
7.437610378986329707e+00 2.655541474063353036e+01
7.441761963714615291e+00 2.613722623882259199e+01
7.442844144805187412e+00 2.653904904181496249e+01
7.445354030785159338e+00 2.713386622986368479e+01
7.456739475447167642e+00 2.732931654380281117e+01
7.457570631707241660e+00 2.719753453837620683e+01
7.458005608840919010e+00 2.735604005432474040e+01
7.459385444171427793e+00 2.739049722406433318e+01
7.470107149812795555e+00 2.636600193752081367e+01
7.474153242746081283e+00 2.649230171069848794e+01
7.479516438157647329e+00 2.718587534954708573e+01
7.479668119063184406e+00 2.738755991128321554e+01
7.483154880733371428e+00 2.675194467291839118e+01
7.487119899657027844e+00 2.642976335511740160e+01
7.488560977115709782e+00 2.687353260820465195e+01
7.490960186800352361e+00 2.617810570764839539e+01
7.492167715994985322e+00 2.631047456688885333e+01
7.496574419075022533e+00 2.710491993837144165e+01
7.501183683026532378e+00 2.618032389147506223e+01
7.504499597268251776e+00 2.731920499631748100e+01
7.510193956312798846e+00 2.772784365997150147e+01
7.510961445918558077e+00 2.664038021417628599e+01
7.520818723149287344e+00 2.721392240960891939e+01
7.521717349944094799e+00 2.702978049165175634e+01
7.522471072158927186e+00 2.759269365935912788e+01
7.531881012860848656e+00 2.618319099466000566e+01
7.534822896224890876e+00 2.781607857527379579e+01
7.547099264240021199e+00 2.636047534985793916e+01
7.550926114492483521e+00 2.681860962365376011e+01
7.551766668999506216e+00 2.749513032884869546e+01
7.557809970580983361e+00 2.664465854129365141e+01
7.560422085538470505e+00 2.765830884312191529e+01
7.562316790900614372e+00 2.780520745263367388e+01
7.572697843142609742e+00 2.657808670960530861e+01
7.575101939430455289e+00 2.683347357844070302e+01
7.581846908120007278e+00 2.645801594091986075e+01
7.587859890246816619e+00 2.692964307549863534e+01
7.591490192136673087e+00 2.738881411225072426e+01
7.601075917085309719e+00 2.630261329964454831e+01
7.601204047592323931e+00 2.736458268313925757e+01
7.611059451608634063e+00 2.636877357090513385e+01
7.615732989875787950e+00 2.687258051876629850e+01
7.616567091674103729e+00 2.639963424479044463e+01
7.622311197997953869e+00 2.717543105780850254e+01
7.624472434515000785e+00 2.700316930339598187e+01
7.634604056653013338e+00 2.654866938406047439e+01
7.639580507891365002e+00 2.734752750385595377e+01
7.641393662597014469e+00 2.761224139343055839e+01
7.642030071024182192e+00 2.680065875666283404e+01
7.644929186920852437e+00 2.709430884494949865e+01
7.647056286242913004e+00 2.667018602256122861e+01
7.647309264902722781e+00 2.738837506851686854e+01
7.651302385358517810e+00 2.686123247361989286e+01
7.652017046124742095e+00 2.632052699268306739e+01
7.654102995943022236e+00 2.632526251809487761e+01
7.671416042945872427e+00 2.634502555003991731e+01
7.674528152810259130e+00 2.760851165172969957e+01
7.687825126678052179e+00 2.768822346009698876e+01
7.698589146425028673e+00 2.692941063540783375e+01
7.698701712649767437e+00 2.752764301348893028e+01
7.705575152577578635e+00 2.691991737467100521e+01
7.705781596809249123e+00 2.727699504305576284e+01
7.708497279499769483e+00 2.680368155825020082e+01
7.715309947377400057e+00 2.708392613615723477e+01
7.734101522201904721e+00 2.688639649484943916e+01
7.737693610607610850e+00 2.757830622918121222e+01
7.745520595375419148e+00 2.743856862811124486e+01
7.748899892455064276e+00 2.653002749187226428e+01
7.759505306914038059e+00 2.663452789393676312e+01
7.762701261389405971e+00 2.705400717505391484e+01
7.779960364640230885e+00 2.755118426811389298e+01
7.788906348198756824e+00 2.725045171233255559e+01
7.789059394646134393e+00 2.653021110947792138e+01
7.804482095962958610e+00 2.676129808318284020e+01
7.805597658888030921e+00 2.698434045087765298e+01
7.817144003283454268e+00 2.723353663761985999e+01
7.827140193946661384e+00 2.666560168648960527e+01
7.834435611733121974e+00 2.743414639850243120e+01
7.840434716531433423e+00 2.747377615509200410e+01
7.841689237290347947e+00 2.673202937076499097e+01
7.845645069691832063e+00 2.729504706771466971e+01
7.852106589447446439e+00 2.661513137360008940e+01
7.868378374171975942e+00 2.656221224935567804e+01
7.870839720632893943e+00 2.730865961009446607e+01
7.875105187117474870e+00 2.747293985969285757e+01
7.884772724851710990e+00 2.736612452145288543e+01
7.900360686702259549e+00 2.675499819642909571e+01
7.904534351614915799e+00 2.682797032138418913e+01
7.914372801231202459e+00 2.710378827647408428e+01
7.943430963359836561e+00 2.696097451728598671e+01
7.962688501687694931e+00 2.684186965405031344e+01
7.969534009476732628e+00 2.724281948225885586e+01
7.977616005258967746e+00 2.706579599303146111e+01


6.017902483393951840e+00 2.711273043054626086e+01
6.033376269354540966e+00 2.722998893094281314e+01
6.063740400962403854e+00 2.700274236054186261e+01
6.070241116997065589e+00 2.713079990203570802e+01
6.105986272882592658e+00 2.660104151099995562e+01
6.112006074586746607e+00 2.697028665658198676e+01
6.119795662469284636e+00 2.662411248540259123e+01
6.135169882981592160e+00 2.650412486416094282e+01
6.138067060963253496e+00 2.700229840007992976e+01
6.144434778197195968e+00 2.714411465999584294e+01
6.144828396973374574e+00 2.668226458033328541e+01
6.146504585809349663e+00 2.737714232658518654e+01
6.153081435150970613e+00 2.648402188973247107e+01
6.154922807460764922e+00 2.725750044156445284e+01
6.176841107464642988e+00 2.716114327806173279e+01
6.188453144779188619e+00 2.739290199930705683e+01
6.212411199119951988e+00 2.707347627932091783e+01
6.218165155897703578e+00 2.734078840726691340e+01
6.219308879796111356e+00 2.710666105716297736e+01
6.229723820233614262e+00 2.694614843807611138e+01
6.232503327906318447e+00 2.656585511473519290e+01
6.235150026019768532e+00 2.706540693968074507e+01
6.235670256505254194e+00 2.691145484640448160e+01
6.241264446816660261e+00 2.730898346086248196e+01
6.243668408203355114e+00 2.635287369973141480e+01
6.252582246370958607e+00 2.661006642671000932e+01
6.268179834951021157e+00 2.690858108626801126e+01
6.270671462205169355e+00 2.662328017495242349e+01
6.290775202043097813e+00 2.697645664952194622e+01
6.293640874357119941e+00 2.760750557526842996e+01
6.301988812695866748e+00 2.755744552934790548e+01
6.303883988544952466e+00 2.674003365156012180e+01
6.321024973529807411e+00 2.671905440828677669e+01
6.332361702315171037e+00 2.757077394500979750e+01
6.336034771743381810e+00 2.671580955230417587e+01
6.342696743055980413e+00 2.722959707477914293e+01
6.350794230200301982e+00 2.655161000609314925e+01
6.352174108530640240e+00 2.735243816493297331e+01
6.356328573991266495e+00 2.754587874164534966e+01
6.360044156930204196e+00 2.705284070993129220e+01
6.363771014672799708e+00 2.666638028068658883e+01
6.371904231385975059e+00 2.697156034001335811e+01
6.375858478867306722e+00 2.667498741774949877e+01
6.377853922116817564e+00 2.776443470735171815e+01
6.383243897437493430e+00 2.765182037108492707e+01
6.394405335144118574e+00 2.707929840859254611e+01
6.400012986359468137e+00 2.704547932212972228e+01
6.402368479291745018e+00 2.772716979916983959e+01
6.404009848987451292e+00 2.738360619621911951e+01
6.404267073537191379e+00 2.740462752069900887e+01
6.420340199246779456e+00 2.737859078545948677e+01
6.420820661915852767e+00 2.727633500482481566e+01
6.421981260958713911e+00 2.693441182536346190e+01
6.428216900475800522e+00 2.651015460928216072e+01
6.429610268592327316e+00 2.770956256540292273e+01
6.433650691336233685e+00 2.720252656964544968e+01
6.438020704547247952e+00 2.725093835295598765e+01
6.440153201823401119e+00 2.773557211799512601e+01
6.441863014022055189e+00 2.721845622836126921e+01
6.447600956584609300e+00 2.700194056393489461e+01
6.448995882359688459e+00 2.691814791311753297e+01
6.449918610310159117e+00 2.683536750536472226e+01
6.453772486575916290e+00 2.645318332447978449e+01
6.457669670751326585e+00 2.645344980762826381e+01
6.467952704505592010e+00 2.652521673460791263e+01
6.478341785441317668e+00 2.681782316690119217e+01
6.480333832300846808e+00 2.666862256012938559e+01
6.482436051787707321e+00 2.671623747720770581e+01
6.487805626858303754e+00 2.753315976794988629e+01
6.491966066804292446e+00 2.660016411331537611e+01
6.493304214303511124e+00 2.657067676508098231e+01
6.495009429765572051e+00 2.678378336703011442e+01
6.496978902240127418e+00 2.715242609398837459e+01
6.502963521877836328e+00 2.719042676246430545e+01
6.505622683362573433e+00 2.661084327231394653e+01
6.506185768693081073e+00 2.767838147525736048e+01
6.506300604995502113e+00 2.617673101005828329e+01
6.506616952448054825e+00 2.735113870307070272e+01
6.514202211972346390e+00 2.673779757442174088e+01
6.514259859034030598e+00 2.737179821896281950e+01
6.519864375451732030e+00 2.629765942080441476e+01
6.522929519407340671e+00 2.612312689475449545e+01
6.525617651359553406e+00 2.757763027676660528e+01
6.531372878881865240e+00 2.684773950781669782e+01
6.534357143240495880e+00 2.753696166439764426e+01
6.541262091773530685e+00 2.703154759086111625e+01
6.542568818716110179e+00 2.739822697470160406e+01
6.546943357249998208e+00 2.647001812014834954e+01
6.548241519037981462e+00 2.688098489706727534e+01
6.549165220895548423e+00 2.633516846033617753e+01
6.552479995251577982e+00 2.703812278912665690e+01
6.555369931693711294e+00 2.735656446872711811e+01
6.555887149084531629e+00 2.649732593230949718e+01
6.556901880667875382e+00 2.738765345628894110e+01
6.558377081834857236e+00 2.664101162956404778e+01
6.560796409595964107e+00 2.787449481813911234e+01
6.560979859909746637e+00 2.789673960590226187e+01
6.562791666999156170e+00 2.715943070820357264e+01
6.566610271650076491e+00 2.667743809372665353e+01
6.574985842792781199e+00 2.686087311087977980e+01
6.579231612729063983e+00 2.663274192927530137e+01
6.580611799061098388e+00 2.619591357024939526e+01
6.582204300278462483e+00 2.649107074799814754e+01
6.583277303632140587e+00 2.627007511124399031e+01
6.584639732716236260e+00 2.770974540567580036e+01
6.591847000810531654e+00 2.667837135681212501e+01
6.592189540796464797e+00 2.666232192641046339e+01
6.596790139400978248e+00 2.760834538074248101e+01
6.598348884595899300e+00 2.656208492641928487e+01
6.598537141248955962e+00 2.752353540043997171e+01
6.611292309409262380e+00 2.686723940020854684e+01
6.613827130567070611e+00 2.701086649901569459e+01
6.618017449433939881e+00 2.664157709508451788e+01
6.618079768646144778e+00 2.755863655466166051e+01
6.618378243694405860e+00 2.655430083232978333e+01
6.624807970183728578e+00 2.657493591358224805e+01
6.629276025913572568e+00 2.690167775713869602e+01
6.631281570482403076e+00 2.659833382676078628e+01
6.632690975995672922e+00 2.740052563115184014e+01
6.633849620806311798e+00 2.674082733655568234e+01
6.638334703476463261e+00 2.718678567909746135e+01
6.643793004517097422e+00 2.679106218907498160e+01
6.648756707270747413e+00 2.708812019614021338e+01
6.648968832005324181e+00 2.642814723420888257e+01
6.653903380736388762e+00 2.671487519133980015e+01
6.654623172758131311e+00 2.695553327976654856e+01
6.662105838057867047e+00 2.772267914737113159e+01
6.662157969787273259e+00 2.657605031858834010e+01
6.662851383427912388e+00 2.734214433433555058e+01
6.664506211073671693e+00 2.753162190365503292e+01
6.666696227004536013e+00 2.671792413855463622e+01
6.670508946310607534e+00 2.665084767461092596e+01
6.682947397074916474e+00 2.787966951963434781e+01
6.684537261520802076e+00 2.721453227323687329e+01
6.687637810855987297e+00 2.634094147970291999e+01
6.687943475967174756e+00 2.770081835310037022e+01
6.688518729161163634e+00 2.779729569784869980e+01
6.697870747838137184e+00 2.657856572644158888e+01
6.698120162801764366e+00 2.726970688202944615e+01
6.700037181443413203e+00 2.655313362781461350e+01
6.701200563966678736e+00 2.754246923316744144e+01
6.705190127968309710e+00 2.720887442371153142e+01
6.721563775111415673e+00 2.616541540014919320e+01
6.722256097051498180e+00 2.699183892206046664e+01
6.724377813620495026e+00 2.721150956260410680e+01
6.726468873337565491e+00 2.641649499775447651e+01
6.726774784909192562e+00 2.706554854325952419e+01
6.739198513439736971e+00 2.729396244043914876e+01
6.739690289398134304e+00 2.771120367443672805e+01
6.749156407421564197e+00 2.628413650981317673e+01


4.442776966885324086e+00 2.698115696648235229e+01
4.454051807928438578e+00 2.624441939779729083e+01
4.460306121925280642e+00 2.724931523042111436e+01
4.462476167713806952e+00 2.640798293296486676e+01
4.465513718894287720e+00 2.767532836660689455e+01
4.470109806101185690e+00 2.720179579226903499e+01
4.477029484550291372e+00 2.749799382795937674e+01
4.477339681155230622e+00 2.697186806205336751e+01
4.482283653409918855e+00 2.703323824576157364e+01
4.482453749699330636e+00 2.781001043875906120e+01
4.489055554213690513e+00 2.689888968161803007e+01
4.489106182923498167e+00 2.630227602849899071e+01
4.490659188293951942e+00 2.720441457201685864e+01
4.500138847391466967e+00 2.742405065913691331e+01
4.504658409914775063e+00 2.741843393516758809e+01
4.509954669994968413e+00 2.699249320050241252e+01
4.510290602517129877e+00 2.621511178844357559e+01
4.516157995384912027e+00 2.743676049922722271e+01
4.517352671927255869e+00 2.686112955731684337e+01
4.519800375000915693e+00 2.761041292558142857e+01
4.524673200427326236e+00 2.617866189429047807e+01
4.525806936168231154e+00 2.636327483737692390e+01
4.527630697239541036e+00 2.709796819153410397e+01
4.531071101498560516e+00 2.679111401007840598e+01
4.535177970448550866e+00 2.662175827759019953e+01
4.537212590696489301e+00 2.667547792070891433e+01
4.538177495214528179e+00 2.713607836927797479e+01
4.545056067495854002e+00 2.744806783838946274e+01
4.548718481835072325e+00 2.735552853950373375e+01
4.549324203653972276e+00 2.766684241456168181e+01
4.556308122509724612e+00 2.621025023779557728e+01
4.558365233657014848e+00 2.704442516771217342e+01
4.565866210814788495e+00 2.709951171511322698e+01
4.566020689517788611e+00 2.760112151154961779e+01
4.570465432304959386e+00 2.649688290587050687e+01
4.581864561602964514e+00 2.634247288715816637e+01
4.582431925362086211e+00 2.737404910421967585e+01
4.586818595809541321e+00 2.779033823978298301e+01
4.592592354055325288e+00 2.661681130675775009e+01
4.607986677538514542e+00 2.746038989261935725e+01
4.608147124665327610e+00 2.740504718058956612e+01
4.611540877277232831e+00 2.745349067768736973e+01
4.615637021227653847e+00 2.771042832986101700e+01
4.624088819337146106e+00 2.654799739015670568e+01
4.629544930889974097e+00 2.721598107376138032e+01
4.631791601273192782e+00 2.634221866361641418e+01
4.634605624964581949e+00 2.642480177174151024e+01
4.639579947315502828e+00 2.764591027477026230e+01
4.650647683178828373e+00 2.712674783803189626e+01
4.655287800836734213e+00 2.647825539394629502e+01
4.656489537356564234e+00 2.679560127820782611e+01
4.671675926489554875e+00 2.626624088845048277e+01
4.682639331966163887e+00 2.675251320522741949e+01
4.704637540896892567e+00 2.743679004398983068e+01
4.716551533814785202e+00 2.683092042760988605e+01
4.718215103499437291e+00 2.685539319509673462e+01
4.722441515684714375e+00 2.701898177052814631e+01
4.724876120471473762e+00 2.756528764810009591e+01
4.731932892499441934e+00 2.691104470005211269e+01
4.747889971332332593e+00 2.721275048074970826e+01
4.765108638842711741e+00 2.714802679434815857e+01
4.769637732518304141e+00 2.760729321969780159e+01
4.780326519049442169e+00 2.671428653977864442e+01
4.786425445757611641e+00 2.645942804220672429e+01
4.796377709362597663e+00 2.677644036865611454e+01
4.803207913147059749e+00 2.691645963162514832e+01
4.805816760851358893e+00 2.736153853745142328e+01
4.807717590066610924e+00 2.695543526959489711e+01
4.818947443749715731e+00 2.651555702902762590e+01
4.829676604736028445e+00 2.755587640921580928e+01
4.832587168534858257e+00 2.663950629290759764e+01
4.832709645277344812e+00 2.677620428970327637e+01
4.848523597644432748e+00 2.706756462324256063e+01
4.851898818680680847e+00 2.672298463433050486e+01
4.856109547962361717e+00 2.651145575292185796e+01
4.860028983869395525e+00 2.728329490691464088e+01
4.884055206762105250e+00 2.659649094706823291e+01
4.895224829773077602e+00 2.658948959888949304e+01
4.896645237379255278e+00 2.686248049505868707e+01
4.900422010165746300e+00 2.730201628401707481e+01
4.907300748632486886e+00 2.690710708047626554e+01
4.913413767703133317e+00 2.660596650874073532e+01
4.917884520384948388e+00 2.663870530123286073e+01
4.917889222479820077e+00 2.720642645759931710e+01
4.933273809002510113e+00 2.672252267691079908e+01
4.944487711307346878e+00 2.667285441797042722e+01
4.946411653297011490e+00 2.698041579734396933e+01
4.949167764150637083e+00 2.679936449814094246e+01
4.952677600062765251e+00 2.705547287898683351e+01
4.953104697584477023e+00 2.694200268470318349e+01
4.987123694333890356e+00 2.715831585846795804e+01


3.006078984892000427e+00 2.710734379769206015e+01
3.090193925171106581e+00 2.690948844309808052e+01
3.092152053815790058e+00 2.700610759730950150e+01
3.095487524819223069e+00 2.739310541150321043e+01
3.096013106700747475e+00 2.685808853821549746e+01
3.098324140095601642e+00 2.697619926939370316e+01
3.106221856784435076e+00 2.700961876426005048e+01
3.130013102576781669e+00 2.666846260553313996e+01
3.132366950177415177e+00 2.685745070884771124e+01
3.139110072854778277e+00 2.707682581234619335e+01
3.156342894265660171e+00 2.697473390499455803e+01
3.156636823046844231e+00 2.650644661084582765e+01
3.158325523320108630e+00 2.737493541618779958e+01
3.159685341596401020e+00 2.677492669927259072e+01
3.175981378854543014e+00 2.664893727366870024e+01
3.189708752058540764e+00 2.717408420533318036e+01
3.193130837804937450e+00 2.738731980994799997e+01
3.197542631327421336e+00 2.749069117576322796e+01
3.199928763606481041e+00 2.653902888594661746e+01
3.214748906861720990e+00 2.729055410536534509e+01
3.219304061563544206e+00 2.745699117411459866e+01
3.220100260394050729e+00 2.727935577863918937e+01
3.222624570023253199e+00 2.653830698777758101e+01
3.222720733321286168e+00 2.740083390115729500e+01
3.223282934082756235e+00 2.725838887518594333e+01
3.233320587505122301e+00 2.731220667505853683e+01
3.236013542234871920e+00 2.656171419240606824e+01
3.241598221273200853e+00 2.711976932413229946e+01
3.248565824754407583e+00 2.701244704312510336e+01
3.258244126036039745e+00 2.751872242800327584e+01
3.281318899266661759e+00 2.754764478222035606e+01
3.286251147718729726e+00 2.630225372881906054e+01
3.288031752483414838e+00 2.717148342759020707e+01
3.298418678062745357e+00 2.644023008309566336e+01
3.301302656444582873e+00 2.726731146797809657e+01
3.305516433868690207e+00 2.642799225631967985e+01
3.316051896279306632e+00 2.641765000569965238e+01
3.322394364054276572e+00 2.640464647590885860e+01
3.322551672079961715e+00 2.648986018669632614e+01
3.325266481696285581e+00 2.672494134512947284e+01
3.325854273679012429e+00 2.678232883117407326e+01
3.327028470086052181e+00 2.726450761678926327e+01
3.340440255881459208e+00 2.772540193445635026e+01
3.344193691274935265e+00 2.744343040507867926e+01
3.348999738182085295e+00 2.737519931979354482e+01
3.363965028589259720e+00 2.633565028387004148e+01
3.364532278121455722e+00 2.678910883967956025e+01
3.367716717402013948e+00 2.762865924145938479e+01
3.367931926351933392e+00 2.740061067799113204e+01
3.370599149318897148e+00 2.756878627948112737e+01
3.381475051196313863e+00 2.758398633684945978e+01
3.381994634973350067e+00 2.674722744422785325e+01
3.383519990674920486e+00 2.710147854242510590e+01
3.384750451046875774e+00 2.770491499814746206e+01
3.385900101032162990e+00 2.631628292876727571e+01
3.387092122558410079e+00 2.740622660573455605e+01
3.391548970978454314e+00 2.665257648779962096e+01
3.392145998039037824e+00 2.729446185151059723e+01
3.404873969909535170e+00 2.698728401764581264e+01
3.412184724615605180e+00 2.661424669215061556e+01
3.414371411078783503e+00 2.660301382582136753e+01
3.415241785760069870e+00 2.683637020445829080e+01
3.424357060168508937e+00 2.765113138997120501e+01
3.426761096948757412e+00 2.729190522804824681e+01
3.429604459864582733e+00 2.682353714184145943e+01
3.431226845275916038e+00 2.725293214656116803e+01
3.432973691025412499e+00 2.627697555462456691e+01
3.449996230727865765e+00 2.733198204995098024e+01
3.455915307193879293e+00 2.650108562165233295e+01
3.459451768572801900e+00 2.653415302078524363e+01
3.478287705148704667e+00 2.670924606364296849e+01
3.478811382944746899e+00 2.725776294377634557e+01
3.484974776881019753e+00 2.703907434316228020e+01
3.487779380014150554e+00 2.632542562564767152e+01
3.499304528935219594e+00 2.752008367748327800e+01
3.516461175787247928e+00 2.657561381265957223e+01
3.520420792489369344e+00 2.762741715056800373e+01
3.520434542186102522e+00 2.772185863902106817e+01
3.525351185440559476e+00 2.748955539783339219e+01
3.534893948704226574e+00 2.736143950691047877e+01
3.546189239975759744e+00 2.726033156332954022e+01
3.550866824168354530e+00 2.788250947882068331e+01
3.552489528724115608e+00 2.673326043002090202e+01
3.553725885437193810e+00 2.772361533041148363e+01
3.558098200223644980e+00 2.768604952084728765e+01
3.562781420972592539e+00 2.784142843697550873e+01
3.567379808255643159e+00 2.758962776219967239e+01
3.569959537488524681e+00 2.760626639489145617e+01
3.577026587698662663e+00 2.700681338489838623e+01
3.580907470095638256e+00 2.712167398259794737e+01
3.590772947416706717e+00 2.710321261879722599e+01
3.594391187214504235e+00 2.688213152713177934e+01
3.599709433201888853e+00 2.725457313312065821e+01
3.601885996244929888e+00 2.655758620518375324e+01
3.602596538832923301e+00 2.736446870787093033e+01
3.608359118722694436e+00 2.701193486130742727e+01
3.609874496491388030e+00 2.637910132128685703e+01
3.616484746648945592e+00 2.615606768708231655e+01
3.616841512359731947e+00 2.693829549325708328e+01
3.628178960889266946e+00 2.638690535918664537e+01
3.629567640241898374e+00 2.744894697387153570e+01
3.634273538608790766e+00 2.712793061385846372e+01
3.636305100670215840e+00 2.752380147480762318e+01
3.639543946006098540e+00 2.607359631222918495e+01
3.643294906009095335e+00 2.751992743642428962e+01
3.643772950384127185e+00 2.636710839251658456e+01
3.647097453589298155e+00 2.633109802340799988e+01
3.648774344294003047e+00 2.670235126208770282e+01
3.654079129026187367e+00 2.663459400719404613e+01
3.655204076020753146e+00 2.621386001453401704e+01
3.658418881711222870e+00 2.677314230068701306e+01
3.661545371951804295e+00 2.695395403242737942e+01
3.665395318696579530e+00 2.777127463483455472e+01
3.669958005221940933e+00 2.634477084040619843e+01
3.673272736370147840e+00 2.661837754065823347e+01
3.679943718340839887e+00 2.719107266136212075e+01
3.681951064610264890e+00 2.617760519182148826e+01
3.690950095850655810e+00 2.613438229208648877e+01
3.692317152440243611e+00 2.667031686783312949e+01
3.702655834965296044e+00 2.764500181435065329e+01
3.704540784904855943e+00 2.706003374442435216e+01
3.705270103240083213e+00 2.628724837121519542e+01
3.706413232270944214e+00 2.611734985409493248e+01
3.706596759968109112e+00 2.662045617141599863e+01
3.712815255717174967e+00 2.758350419181394386e+01
3.717617614049958608e+00 2.670427065679911749e+01
3.719286349080118015e+00 2.743721481566046094e+01
3.722792671824046717e+00 2.698134298928304986e+01
3.724629086462832195e+00 2.782108958244299046e+01
3.727001029805932397e+00 2.653422307815403514e+01
3.727892814322188553e+00 2.663941291025199476e+01
3.730730486123210010e+00 2.722033291116045106e+01
3.735659971529715850e+00 2.794033416066247710e+01
3.741006506453008917e+00 2.685038471049329445e+01
3.742043164152220491e+00 2.740945147725733833e+01
3.742341672705646438e+00 2.640906570779902296e+01
3.748597956306594092e+00 2.645929670821924873e+01
3.750852491886063067e+00 2.607297941469395042e+01
3.750916140304600077e+00 2.783723006995442617e+01
3.762570272051422915e+00 2.735016053656807955e+01
3.763051996934371868e+00 2.754914048494622492e+01
3.763601398545317611e+00 2.689310172284134381e+01
3.764555715190761820e+00 2.669609136284350726e+01
3.765730963077312587e+00 2.686308334465360659e+01
3.771575392803760085e+00 2.771925294278438656e+01
3.777065400374932658e+00 2.660054849757563744e+01
3.778588586315151154e+00 2.644070316680198829e+01
3.781052375936233112e+00 2.792010572745409647e+01
3.785413009829886821e+00 2.720171379132488809e+01
3.790448003961373047e+00 2.662353403585765221e+01


3.327592570319409759e+01 2.573478346515270232e+01
3.327630035962407362e+01 2.462802601062294272e+01
3.328073426623512887e+01 2.473046852504205262e+01
3.329166059084590046e+01 2.561382363540783658e+01
3.329217356923302873e+01 2.553462636738714053e+01
3.329275013954867291e+01 2.507578981481945135e+01
3.330104161928043993e+01 2.406766008230669129e+01
3.330510226416662789e+01 2.453662772266243408e+01
3.330969212004023916e+01 2.540638184630802243e+01
3.331590062592788115e+01 2.437249974335913905e+01
3.332674178306535850e+01 2.445472805074131273e+01
3.333398268255177754e+01 2.484839807616248564e+01
3.333847752634671480e+01 2.549006359320233628e+01
3.334146426742071156e+01 2.545972362274715906e+01
3.334310984133028199e+01 2.434668127772683732e+01
3.334343213510887693e+01 2.569722401539478085e+01
3.334427293998001574e+01 2.409175116049553367e+01
3.335422958299690777e+01 2.429107676209556033e+01
3.335427178869154119e+01 2.580506556723016942e+01
3.335598900716022541e+01 2.568739206088436688e+01
3.336836474603119029e+01 2.474939628073797593e+01
3.337219637750795442e+01 2.507952466086290855e+01
3.337529920679361339e+01 2.553535798769663145e+01
3.337555738751918000e+01 2.590373177436674368e+01
3.337735750080027231e+01 2.421239248613613171e+01
3.338157499907886461e+01 2.463609948415840378e+01
3.339190737693034805e+01 2.409436577543963054e+01
3.340596749841174073e+01 2.514079242544245929e+01
3.341039248494976732e+01 2.472476870863466658e+01
3.341043631665234415e+01 2.541315710330205491e+01
3.342348761419270176e+01 2.478307297475629767e+01
3.343388534121969968e+01 2.427341864918681225e+01
3.343523346714419375e+01 2.452243903069695818e+01
3.343597480227347063e+01 2.544478712601156190e+01
3.344014403876436603e+01 2.411847169179401362e+01
3.344344724880838982e+01 2.569416738688140356e+01
3.344947870895564535e+01 2.488132415159141075e+01
3.344991430769616869e+01 2.555923302774959183e+01
3.345880530437744937e+01 2.548591349518572002e+01
3.346087882168863104e+01 2.418625256300857629e+01
3.347901453817905804e+01 2.571795802833901590e+01
3.348251829637268884e+01 2.562299040314688980e+01
3.348834280465473512e+01 2.515954557891835819e+01
3.349033215576758238e+01 2.484189443395956332e+01
3.350210399927932059e+01 2.488605439376111050e+01
3.350940274691986076e+01 2.457775800839849012e+01
3.351040824680701036e+01 2.549108860205029004e+01
3.351344646767125823e+01 2.490584757948473538e+01
3.351422383078062239e+01 2.488197322245243015e+01
3.352094740258932859e+01 2.532283931495933160e+01
3.354232679754107949e+01 2.474138481461591610e+01
3.354309532018855577e+01 2.507083750380216003e+01
3.355189776606255947e+01 2.441112399875227013e+01
3.356373507331257855e+01 2.561844105040666264e+01
3.356676155100616654e+01 2.471568568710938152e+01
3.357079701688761020e+01 2.418224109541752043e+01
3.357884894420089239e+01 2.551528581930621087e+01
3.357892854015712203e+01 2.438113838006029965e+01
3.358781799674331126e+01 2.446712320208984082e+01
3.359466772871770956e+01 2.451065014576167655e+01
3.361509842583473784e+01 2.518041188737786129e+01
3.361775195475778588e+01 2.517818324233425642e+01
3.363305993879946243e+01 2.567088141672063983e+01
3.364012120834622976e+01 2.472681044351919155e+01
3.364188598260535912e+01 2.522502481003606789e+01
3.364587085728288685e+01 2.515140872941921657e+01
3.366028566172011693e+01 2.487622527907649683e+01
3.366591142130666725e+01 2.459731478025650020e+01
3.367205239630013835e+01 2.454727205767233755e+01
3.367591641028168681e+01 2.535803928018943054e+01
3.368483872700456061e+01 2.546014741574879281e+01
3.369371243907962565e+01 2.532415424792588610e+01
3.369585601702916478e+01 2.502254851062995300e+01
3.370054334161614662e+01 2.539045464371957905e+01
3.370561673460725416e+01 2.434725727416011409e+01
3.370769221395347870e+01 2.435370289650727926e+01
3.371094181975403359e+01 2.432595609884929644e+01
3.371396692928914973e+01 2.536194114759102902e+01
3.372338444889630438e+01 2.495548402063067428e+01
3.372804677527835793e+01 2.479679335120538397e+01
3.372888002020630438e+01 2.546659607460924590e+01
3.373547496290003522e+01 2.495436154024953623e+01
3.374206953173769108e+01 2.474085689428625656e+01
3.374840714087193305e+01 2.439990057515613486e+01
3.375377292117877204e+01 2.502724911333004343e+01
3.376137691460460388e+01 2.521869949637306618e+01
3.378636304329636886e+01 2.494180697758750753e+01
3.379292959237146476e+01 2.477866926270442605e+01
3.380147940670799755e+01 2.469232750055725845e+01
3.380546349665331718e+01 2.553493328354712588e+01
3.382097564948289659e+01 2.477376515734214379e+01
3.383157161724440698e+01 2.549490559651880517e+01
3.383492819083236469e+01 2.495037505270498102e+01
3.383721369057950312e+01 2.527150027413289735e+01
3.384125352275827225e+01 2.545034924579156765e+01
3.386723192526981308e+01 2.501501397082480693e+01
3.388420378916600129e+01 2.518167458540570181e+01
3.388959155618876906e+01 2.486776166846108183e+01
3.389420307036741775e+01 2.541459794754736379e+01
3.389945622389196700e+01 2.541234846824334426e+01
3.392471942537872565e+01 2.506832107086824024e+01
3.392888294739709210e+01 2.493741483990825714e+01
3.394826835216374405e+01 2.476969067958257043e+01
3.395668206283202295e+01 2.523576043505264010e+01
3.396734778815672229e+01 2.520446011548729004e+01
3.397672092268479815e+01 2.500645088092326773e+01
3.398763919142056267e+01 2.495101571446155830e+01


3.201824716456983566e+01 2.497079675462389048e+01
3.208646473226266949e+01 2.473131042008142089e+01
3.209147544429558963e+01 2.515215259479743182e+01
3.209279117408325277e+01 2.481188153930428797e+01
3.211117392171814089e+01 2.502009312356948811e+01
3.211664731893586122e+01 2.489698970037841974e+01
3.214544279540106686e+01 2.473475463361137727e+01
3.215510916048837231e+01 2.517917113967865461e+01
3.215973861807226086e+01 2.512397433064218788e+01
3.216302574270360992e+01 2.547652914706275595e+01
3.216671949757231630e+01 2.543846137402934104e+01
3.217280712858964620e+01 2.529733990317457071e+01
3.217356104750584933e+01 2.487155944895739523e+01
3.217460328614548359e+01 2.449763478508875991e+01
3.218338273297685959e+01 2.491164968402596003e+01
3.218542845488492787e+01 2.526459393852975666e+01
3.218757654052558337e+01 2.495514256543012976e+01
3.219015895302344177e+01 2.484696928755944967e+01
3.219587091569596993e+01 2.481628516656355643e+01
3.219738084424815838e+01 2.518602256169199549e+01
3.220397513803968081e+01 2.559197094899028357e+01
3.220472015101161389e+01 2.503785806731979591e+01
3.220800165901765411e+01 2.521007606614482910e+01
3.221517301823489987e+01 2.450324324585033864e+01
3.221878741343383012e+01 2.465476034760744639e+01
3.222644749545334975e+01 2.557588248864760772e+01
3.223347107445376025e+01 2.456715080034200582e+01
3.225218382699451780e+01 2.545481671829913850e+01
3.226264068187290945e+01 2.439392765515127692e+01
3.226785293505059826e+01 2.540298191257389604e+01
3.226937946588954276e+01 2.463816601123259176e+01
3.227118088552629160e+01 2.469894555790821045e+01
