1.109038731479407858e+01 9.085550630261060689e+00
1.110665703345394206e+01 1.016235412046552788e+01
1.110686885602589768e+01 1.015788458267448746e+01
1.110910364300369224e+01 1.060520262061629460e+01
1.111267203959365801e+01 9.217152866637754016e+00
1.111529781038574427e+01 1.014886909332945919e+01
1.111590322653947105e+01 9.782193064923541570e+00
1.112240517814346319e+01 1.046907085723830200e+01
1.112422957249358824e+01 9.944131276554712073e+00
1.112593097265324005e+01 9.811678833953424217e+00
1.112619323884598366e+01 1.026663741958969034e+01
1.113475056002524077e+01 1.077234668160622988e+01
1.113832435871731796e+01 1.014578835002126134e+01
1.114474061714566488e+01 1.051342768247102555e+01
1.114476953793957570e+01 9.539965680981183027e+00
1.114563979737705601e+01 9.782981403439617196e+00
1.115374153028936810e+01 9.495075031716510239e+00
1.115665041145287439e+01 9.252504613255510435e+00
1.116272192559432774e+01 1.013448606775890326e+01
1.117057088219041106e+01 9.862150493176640609e+00
1.117770788573081830e+01 9.056989331703281465e+00
1.118381328251741280e+01 1.082720280617298592e+01
1.118724092331933662e+01 1.055943357381185699e+01
1.118864651041711333e+01 9.920485090867162015e+00
1.118904316206797134e+01 1.018015954820351432e+01
1.118906533013616311e+01 1.052991377203123591e+01
1.120500888344981050e+01 9.859111862821157146e+00
1.120669833634558188e+01 1.076496995531667977e+01
1.120991217236750437e+01 1.068356068614164656e+01
1.122308033548266515e+01 9.584624142256485513e+00
1.122315193254098631e+01 9.845730958144802258e+00
1.122475922071117793e+01 9.284004308174937492e+00
1.122920574066480093e+01 1.012467286961724611e+01
1.123144103104286984e+01 9.563078378846695315e+00
1.123472537472158983e+01 1.021600566320772252e+01
1.123526777276895139e+01 1.010223303973697639e+01
1.124942393048499412e+01 1.052172165291587902e+01
1.124966945709385868e+01 9.402129404105865618e+00
1.126020154297311393e+01 9.933491849833517406e+00
1.126165432802424959e+01 9.544416423250225989e+00
1.127324502626346892e+01 9.444297655757107890e+00
1.127411306596640550e+01 1.007190240535932979e+01
1.128005825881410473e+01 1.032846579012568711e+01
1.128462002181966461e+01 9.923347286130434597e+00
1.129144635772031258e+01 1.000916565175010398e+01
1.129161682128538224e+01 1.030978234218207845e+01
1.130422660660277501e+01 9.172614215025657103e+00
1.130796415566379487e+01 9.871541739368517199e+00
1.130866300758400200e+01 9.262472315758623509e+00
1.130966598798327283e+01 9.914840757642636504e+00
1.131236596900757974e+01 9.459149561745759272e+00
1.131553989399221294e+01 1.057360878414862171e+01
1.131880534990606257e+01 9.873579449198178537e+00
1.133574964558412113e+01 9.708544870386790038e+00
1.133862028679731893e+01 1.045913904836056929e+01
1.133911075536435753e+01 1.037583269567284638e+01
1.134876541521598270e+01 1.006073392205469652e+01
1.135446934200484392e+01 9.491816768536526894e+00
1.135962044295968809e+01 9.843213212942062640e+00
1.136188864673003884e+01 9.609567779976428525e+00
1.136217188019193181e+01 1.072675350754260748e+01
1.137146284794020268e+01 9.666705856594772328e+00
1.137283867027497131e+01 9.266105698135397972e+00
1.137731236004616342e+01 1.080503608815739902e+01
1.138548128152005212e+01 9.681179313923903962e+00
1.138758120537257668e+01 9.317179670597262486e+00
1.139821797537664949e+01 1.031031443903670919e+01
1.139892510863016462e+01 1.028535413607729154e+01
1.140309000165034803e+01 9.119964238813816237e+00
1.140702647293637106e+01 9.388760260385435430e+00
1.140821647890277468e+01 1.058915136159763293e+01
1.142806713472896796e+01 9.711943960095858586e+00
1.143525635044812105e+01 1.029654458361862090e+01
1.143623902175472651e+01 9.921387520753240707e+00
1.143951061343266318e+01 9.263190410746261705e+00
1.144144887105239228e+01 1.032785196671662753e+01
1.144531365346231233e+01 9.611924430986148238e+00
1.144834543328586385e+01 9.787789293867279028e+00
1.144861868635445035e+01 9.126640656703665755e+00


6.875917054627988634e+00 1.085442424787129667e+01
6.877954020241340061e+00 9.353240780467670490e+00
6.880124494472248387e+00 1.085735927152987834e+01
6.901278495470758223e+00 9.710156912424475095e+00
6.913534183591422355e+00 9.676994574853662101e+00
6.918721394321973861e+00 9.545869343874166191e+00
6.927334806942344159e+00 9.999822858986092911e+00
6.931671413905818646e+00 1.017726350725093454e+01
6.932381758429901453e+00 9.347494760485684395e+00
6.932592555117465416e+00 1.011863934742922133e+01
6.935796745332109658e+00 1.010886748049435369e+01
6.939115667161161127e+00 9.397916518051429691e+00
6.940985805302586797e+00 9.373226328479457692e+00
6.947337441535519353e+00 9.174812319800375704e+00
6.949723568791777772e+00 1.059946903379247729e+01
6.952560759417661274e+00 1.048424077275895350e+01
6.965444682831196666e+00 1.030259349740905783e+01
6.966117058744483614e+00 9.995277306280465623e+00
6.967704869285327618e+00 1.030103388027329991e+01
6.976249523300953825e+00 9.609775515126953493e+00
6.978446546933553485e+00 9.299327979231902574e+00
6.985084330566765587e+00 9.046586862080104652e+00
6.991423335406850015e+00 9.328744985913532517e+00
6.991495257835879329e+00 9.130902069143859379e+00
6.992128254550353361e+00 1.064618668294266968e+01
6.993139103818363900e+00 9.058834903455318610e+00
6.994557374162350349e+00 1.037405667755466254e+01
6.997687397706966905e+00 9.913755041363442544e+00
7.000332141444583378e+00 1.069321040985885318e+01
7.001608958581859277e+00 1.075740204357326490e+01
7.005273185127736113e+00 1.007995852845045803e+01
7.007602369864543768e+00 1.020357119787312428e+01
7.013185446096743547e+00 9.729084551470618791e+00
7.014049258941277287e+00 9.484363639981365779e+00
7.034965497620743413e+00 1.021655597883818345e+01
7.038868056677431539e+00 1.053283987060680360e+01
7.044823800398217095e+00 9.089956917304972350e+00
7.047519316535297840e+00 1.030904166674323541e+01
7.049432953526681089e+00 9.853369654079850548e+00
7.064683398306435436e+00 1.077786192606160220e+01
7.067447433938053081e+00 9.251226219487673319e+00
7.068994897455319837e+00 9.976251235450444455e+00
7.069391210788906754e+00 1.033864170095789170e+01
7.073935900611892258e+00 1.067484258891908588e+01
7.078464609542835184e+00 9.143342941992376183e+00
7.079673300005095093e+00 1.068289359150952045e+01
7.086011401429652246e+00 1.046152108504423239e+01
7.087308802459781454e+00 1.027608655411139615e+01
7.089773261158524242e+00 1.084648946629479482e+01
7.090908530992270364e+00 1.036020638619968182e+01
7.093909417572488607e+00 1.013303656342663039e+01
7.100500063787433369e+00 1.053817080997935918e+01
7.106485852132830239e+00 9.578569419901503679e+00
7.109639866733956204e+00 1.042410129691720400e+01
7.110222747843957691e+00 9.572655494466577153e+00
7.117676386872258121e+00 9.689492901432432248e+00
7.121866532060964872e+00 9.930854743896070147e+00
7.129679119746193727e+00 1.059582812568932653e+01
7.131521912572664768e+00 9.864496195136238654e+00
7.131596050425193845e+00 9.266506490130650420e+00
7.143691176649748620e+00 1.070921488689052303e+01
7.147765217730880138e+00 9.435028926665824045e+00
7.147952516707426263e+00 9.290133485690686754e+00
7.148241860371431500e+00 1.043969566220951428e+01
7.151314354585188049e+00 1.031587021233385926e+01
7.156552955167804875e+00 9.459937793854647836e+00
7.160231131279879868e+00 1.014274517388902908e+01
7.174611226176645040e+00 1.043144130332002106e+01
7.180384913224180821e+00 1.065729291357975939e+01
7.181820267104944477e+00 9.831702619510025443e+00
7.185325686685818170e+00 1.059404849582367447e+01
7.185804871344402045e+00 1.041197939655867621e+01
7.186502568303466454e+00 9.179934684495165698e+00
7.187340190228462156e+00 1.075853311058863682e+01
7.194932371917303726e+00 9.306421027245391997e+00
7.203449186902289192e+00 9.903955576098926628e+00
7.203481363694069550e+00 9.382774125989962855e+00
7.204380284422522429e+00 9.085737464568065747e+00
7.211951953355274725e+00 1.075506336581739042e+01
7.213048958150833023e+00 9.227760521909216251e+00
7.219310842836915043e+00 9.517520507513157924e+00
7.224368202836052077e+00 1.031503284014370792e+01
7.227993847772996361e+00 9.212270529141969533e+00
7.229025492699602928e+00 9.836539166786677058e+00
7.234712391387842167e+00 1.022155729489052156e+01
7.238465090343711772e+00 9.393467647057823555e+00
7.241109262971296090e+00 1.040779597689722813e+01
7.245695451083168592e+00 1.027819427024730103e+01
7.247335274401597083e+00 1.006021852226350610e+01
7.254537143622916240e+00 1.086062100347142945e+01
7.254706910830759803e+00 1.021968767613291185e+01
7.257704346713487631e+00 9.513000292601320851e+00
7.275820713451707888e+00 9.779798906940072811e+00
7.277151531322008537e+00 1.090691864207038186e+01
7.282542745921071869e+00 1.067280627922417757e+01
7.284072580704650690e+00 9.802409780558495100e+00
7.284263748317584053e+00 1.010064148335646550e+01
7.285086822189772882e+00 1.092138731473978908e+01
7.286198121881841239e+00 1.022682513715312425e+01
7.296592576620297699e+00 9.752948854004065637e+00
7.297865974420274071e+00 1.006468193439144798e+01
7.304180709690392348e+00 9.759803053601093126e+00
7.318792765412804435e+00 1.017614420873264258e+01
7.321689655578622613e+00 9.372346859763922566e+00
7.322575467065277621e+00 1.030462756204321551e+01
7.324614443500852445e+00 9.410591160958308166e+00
7.328713299748631727e+00 1.006081949711510148e+01
7.328947454152076268e+00 9.530251767864244883e+00
7.331554942183741375e+00 1.069877001388920768e+01
7.333829442235296092e+00 1.006887481688622543e+01
7.339607041135279175e+00 1.089849830119764995e+01
7.344810805505474605e+00 1.003619821056960681e+01
7.348777474982771452e+00 9.751543415303162377e+00
7.353408461975631916e+00 9.211880881432023216e+00
7.353956893911623993e+00 1.027269457806797703e+01
7.368657164263014536e+00 9.995809406494206684e+00
7.370694580713636590e+00 9.883469950970035001e+00
7.371887536884713654e+00 9.984809209175287137e+00
7.376412617059684429e+00 1.049481706255753899e+01
7.385152567630338005e+00 9.279901916840524123e+00
7.387115072884491873e+00 9.553428047979677373e+00
7.395980915576334525e+00 1.037855790938999334e+01
7.399279303434926902e+00 9.819676225488301213e+00
7.411567598502423415e+00 1.025246417507097085e+01
7.430537020011144911e+00 9.567002159295665109e+00
7.443904629293436770e+00 1.027639674881757337e+01
7.446562443679140664e+00 9.224465203935473312e+00
7.454966199660382209e+00 9.951591010012769800e+00
7.465167370505623623e+00 9.853731214094292312e+00
7.472501394785446394e+00 1.003587773517939574e+01
7.474175120677866602e+00 1.039191846347404713e+01
7.475921094398156441e+00 9.671185748631353718e+00
7.480592216184777321e+00 9.450061932016364352e+00
7.488430521269377138e+00 9.946766025384308207e+00
7.497795730179533713e+00 9.907376001169430069e+00
7.500992869651554429e+00 9.601448041209875939e+00
7.502985130069636632e+00 9.683609291187142531e+00
7.503799944073481498e+00 1.035366886451849133e+01
7.504469808899139061e+00 1.034450239054450549e+01
7.506108314473343590e+00 9.991264484976188243e+00
7.509224217311753158e+00 1.021691437929865920e+01
7.512961117096887520e+00 1.005177359861126973e+01
7.515594127361975296e+00 1.017401628381690060e+01
7.518965088788823081e+00 9.437271595592971352e+00
7.522378587601418864e+00 1.006658703924125753e+01
7.529936458478680983e+00 9.447111099218897579e+00
7.537703288479447039e+00 1.049228140034162671e+01
7.550804606028847843e+00 1.063212652690654991e+01
7.556463308116322608e+00 1.062631411851043772e+01
7.557909062970176173e+00 1.035268336973800807e+01


6.050978552709389113e+00 1.021476194749888045e+01
6.064142236153549526e+00 1.004453205298477592e+01
6.090069440646962207e+00 1.015243532977242502e+01
6.094223664387351747e+00 9.871595434509899292e+00
6.100678068478611493e+00 1.002602797635011989e+01
6.103985662813161461e+00 9.900424057438469205e+00
6.115280624155076339e+00 9.764161071910521628e+00
6.130499064294665068e+00 1.028525973731006182e+01
6.138530119660385864e+00 9.546930534523319523e+00
6.148889993040384638e+00 1.006009675167743644e+01
6.172504981520586576e+00 9.972767250901624081e+00
6.178293895900843324e+00 1.007016370068156341e+01
6.195365626195783015e+00 1.022551774999641694e+01
6.196456163804588968e+00 1.024356547704819675e+01
6.197312262998303289e+00 9.974505491850749195e+00
6.210801276247778446e+00 9.523284952831879480e+00
6.213674907923394386e+00 9.415995495260963466e+00
6.215498039948945674e+00 9.752995007730719479e+00
6.218525430657578568e+00 9.503751732064188218e+00
6.242907391892699387e+00 1.000029966973826667e+01
6.246510979302643207e+00 1.061664725504561346e+01
6.259266545147093019e+00 1.015551009505078817e+01
6.276681658679197362e+00 9.773760171237295680e+00
6.279617630960710351e+00 1.060578879119791651e+01
6.328647414110056602e+00 9.533651356585467695e+00
6.330012246898506945e+00 9.732821500414944538e+00
6.347244039908835234e+00 9.880319775239929214e+00
6.347334456506810163e+00 1.044151741927187871e+01
6.356024651782615109e+00 9.239113446130172491e+00
6.362269679642333031e+00 9.853590743116814821e+00
6.364046170450473383e+00 9.948292308750740887e+00
6.368402935826830813e+00 1.057186592669029679e+01
6.378379109863558050e+00 1.062754743489794151e+01
6.387697135845118446e+00 1.017241784144731298e+01
6.390614678669145121e+00 1.019542059140283641e+01
6.392212944704499300e+00 1.061888612841731927e+01
6.398572651602051131e+00 1.018724240102682366e+01
6.400481577769143726e+00 1.002503201650606357e+01
6.401060573837553669e+00 1.021418494887439721e+01
6.401156803835527320e+00 9.333299377688051734e+00
6.412288696615414452e+00 1.012398916729575760e+01
6.422069183474987675e+00 1.021457728636146456e+01
6.422162654048029218e+00 1.018913655931363671e+01
6.426352258026592601e+00 1.058367539778218536e+01
6.431623328874546353e+00 1.004262187585922383e+01
6.442813809419245530e+00 1.044266596565168648e+01
6.452000518520430994e+00 9.499008944962540113e+00
6.462447178226126354e+00 1.083381774934532515e+01
6.467081959680293757e+00 9.983714683247578492e+00
6.477244382074208495e+00 9.367174545662887652e+00
6.477818183772084737e+00 9.823557378526277972e+00
6.485893859605877942e+00 1.068000034818382282e+01
6.490168498664035113e+00 9.431939329420362839e+00
6.493937277624006299e+00 1.018795005496731321e+01
6.493995893547618081e+00 9.995815470314726170e+00
6.495002986157468072e+00 1.024449614313793155e+01
6.495185348068189590e+00 1.060079109183996415e+01
6.495327293217505016e+00 9.455159181080666997e+00
6.495939633999831209e+00 1.035000626122589296e+01
6.505317858001713915e+00 1.068822216363003008e+01
6.508296001082545246e+00 9.359345723174655518e+00
6.508773990249549612e+00 1.017140849577174855e+01
6.514854625509096664e+00 1.026357793233991522e+01
6.515279955145101276e+00 1.042021625624472136e+01
6.516799414762311393e+00 9.200895441952336995e+00
6.520594515692714310e+00 1.030253585547316675e+01
6.535029070769103221e+00 1.074949389250205734e+01
6.536667654412277706e+00 9.786829034618314438e+00
6.537700744721003154e+00 9.335125565124693381e+00
6.538249520753575794e+00 9.971095515596344327e+00
6.540130184450500650e+00 9.675530215377357024e+00
6.543605046735022412e+00 9.981878656377059400e+00
6.554153666508601539e+00 9.552313832162628415e+00
6.560565566604487309e+00 1.026742122510747635e+01
6.561503607785141412e+00 9.473141062688219094e+00
6.571138701077654076e+00 9.136440318411032990e+00
6.575819802458899410e+00 1.064397066462798058e+01
6.582875054043283214e+00 9.460578169087700218e+00
6.583962558795787956e+00 1.080451525185688766e+01
6.586390215555301353e+00 9.706629351491402602e+00
6.586802687422206759e+00 1.061435280208688781e+01
6.590791715900824244e+00 1.062599764962961402e+01
6.593242750847676525e+00 9.325031190254112090e+00
6.596249711139918759e+00 1.030698966743849354e+01
6.600689644005750978e+00 1.011002519156298796e+01
6.603723414099730071e+00 1.082218811454694141e+01
6.611422637238198341e+00 1.044868406365442759e+01
6.618142324410461796e+00 1.012797610253779901e+01
6.619701946356546074e+00 9.918372903641868632e+00
6.626874745903825747e+00 9.635217601555584821e+00
6.628594670449029280e+00 9.793628831323168527e+00
6.628633780119246310e+00 1.087126186756187707e+01
6.631582877962835632e+00 9.455586237182881604e+00
6.631692060722617299e+00 9.808383024230819203e+00
6.636952414597147687e+00 1.028484111859699013e+01
6.641291073749409080e+00 9.397870335896110205e+00
6.649034317431047114e+00 9.553566445724737122e+00
6.653862170877613558e+00 9.611014839245116903e+00
6.655508434816884034e+00 9.840693473541433534e+00
6.657604051790496413e+00 9.472760520200484535e+00
6.657676259577747224e+00 9.983175036231578758e+00
6.661964389544171361e+00 1.038980548322856023e+01
6.663300634163044300e+00 1.002730943512483108e+01
6.666590523736346974e+00 1.002824664521648224e+01
6.667604836628861165e+00 9.858145313627440842e+00
6.670090286931924517e+00 9.100460538407164179e+00
6.670600435668727179e+00 9.743118595996746123e+00
6.675109703913994608e+00 1.069164309687585224e+01
6.675498205282258901e+00 1.026987829411548070e+01
6.680139668063975300e+00 9.459559700892494760e+00
6.681710786481359854e+00 9.132720320274673398e+00
6.690569420605436690e+00 9.935348414191556898e+00
6.698822094800010341e+00 1.043648601024104750e+01
6.713253121448787830e+00 9.663442556540273287e+00
6.718071550927685820e+00 1.002518424434824063e+01
6.725309767776272096e+00 9.709518717027652457e+00
6.726552445605533670e+00 1.086874383490811802e+01
6.748689533902836324e+00 9.915038404180611664e+00
6.748913934471544529e+00 9.699747148828786081e+00
6.755317416908310335e+00 1.092865197537092747e+01
6.757128304006966069e+00 9.949162129820464884e+00
6.757166272114404570e+00 1.000455646012299304e+01
6.758629088658034689e+00 9.854731857988999977e+00
6.765720638548452293e+00 9.853266551143116558e+00
6.777149410447603550e+00 9.536832877694655153e+00
6.785722140794422153e+00 9.154739457330377306e+00
6.791088471272731297e+00 9.376671327766967323e+00
6.794721043165072416e+00 1.091565508371420457e+01
6.796338073110772982e+00 9.463161344714299261e+00
6.799468557536010316e+00 1.057815679746717308e+01
6.802841365578605526e+00 9.281237603570778205e+00
6.806871404417013771e+00 9.774551328313542342e+00
6.812993876813951744e+00 9.226124410191463454e+00
6.818265825047732598e+00 9.487903579707680279e+00
6.821230055553861860e+00 1.026557408958084139e+01
6.822253349029939073e+00 1.002167830678440907e+01
6.832685567998017184e+00 1.029499057747977631e+01
6.837331818580777210e+00 1.046158884549204338e+01
6.837451729102221876e+00 9.405456650543074559e+00
6.839866258909341745e+00 1.093132997974142562e+01
6.840210915337301856e+00 9.795605193695243074e+00
6.843102334805784892e+00 1.037115329316234380e+01
6.853052980121110416e+00 9.698592271528863051e+00
6.853821609682397842e+00 9.497441551418900119e+00
6.854806024163972999e+00 9.052251534361703378e+00
6.858290570443233314e+00 9.021396325601031663e+00
6.859962961168062812e+00 1.082349404945614957e+01
6.861205689187813483e+00 1.077191047232754073e+01
6.863269062248077645e+00 1.024966097908295737e+01
6.866562896172101027e+00 1.005283019775006892e+01


1.021994593939305584e+00 9.975032665761325745e+00
1.040316238834087859e+00 9.853360025444754200e+00
1.057552162649929350e+00 9.736894601776993952e+00
1.068903730955518272e+00 1.011606063549948864e+01
1.071865513616927501e+00 1.004696237985178620e+01
1.085454445363999598e+00 1.013062489177352887e+01
1.118717102381597384e+00 1.032125834031762146e+01
1.147433345080740574e+00 9.649645894721052386e+00
1.151160586791628138e+00 9.530395058273999354e+00
1.155510356036363540e+00 1.018288482232533099e+01
1.155759994044350147e+00 9.725032777090365954e+00
1.161095138624193890e+00 1.018877984861231845e+01
1.176595323020810380e+00 1.006012118338496464e+01
1.178394359942683156e+00 1.054430785297845219e+01
1.180874322148822708e+00 1.042832794761284454e+01
1.189184115930344898e+00 1.013790727400671621e+01
1.194442994091811094e+00 9.998897542486879786e+00
1.209698055534952132e+00 1.026769657222801158e+01
1.209967307603234232e+00 1.000637417383174999e+01
1.211372312955543595e+00 9.958791118340544202e+00
1.212531698244185607e+00 1.025723627457219322e+01
1.226639166331518815e+00 9.923651221408219314e+00
1.229454220125276276e+00 1.001947675136746163e+01
1.230529311934642767e+00 1.024976152617206360e+01
1.230870216128829187e+00 9.572897396368780676e+00
1.236662295600307937e+00 1.014812539701551053e+01
1.237871441233432623e+00 1.053147401061181299e+01
1.242695975883986836e+00 9.621611468960775682e+00
1.260865711910184483e+00 9.430090002481101408e+00
1.262788618454553591e+00 1.011921346776980357e+01
1.272937379143523895e+00 1.052311330661489386e+01
1.276489963541138195e+00 1.065507186847925425e+01
1.277051635804198337e+00 9.993416716305549841e+00
1.279472133755381158e+00 1.054100732145780484e+01
1.292600779130110400e+00 9.733611255100340642e+00
1.299990801873138313e+00 1.009183031701985911e+01
1.311774271244085854e+00 1.022905434153269333e+01
1.311864130196187972e+00 9.424092952485755958e+00
1.317910600597394843e+00 1.025440438297365020e+01
1.321009474777832260e+00 1.008988504506647210e+01
1.336883312078249508e+00 1.051026330497733241e+01
1.342926544525106181e+00 9.265757971223434808e+00
1.346243159529189715e+00 1.014167844511159089e+01
1.352502119367441136e+00 9.441634448237183008e+00
1.364727080350658817e+00 9.879846179829812058e+00
1.372535189624076724e+00 1.017626152216312008e+01
1.377092139900387036e+00 9.704591314010848180e+00
1.383450594687552826e+00 1.050878477094085284e+01
1.387039612110330333e+00 1.050804769753836077e+01
1.389335910729563084e+00 1.030449314049368503e+01
1.398178566316865989e+00 9.463683638755398420e+00
1.406791775756263352e+00 9.392185130288924100e+00
1.407229173827646562e+00 1.055005379422819800e+01
1.422791723492983440e+00 1.050529881131987331e+01
1.424403220808211135e+00 1.007187315951956208e+01
1.429126187111991353e+00 1.055678412131079114e+01
1.434515415460322352e+00 1.033770444233856622e+01
1.438856031390150614e+00 9.731693097105299728e+00
1.449721058295343923e+00 1.051438541384592540e+01
1.450602299369597503e+00 1.008824768334749145e+01
1.451084976979908348e+00 9.454238594610140822e+00
1.451363062282367888e+00 9.297899760836235927e+00
1.460376636845367671e+00 1.019560918885614953e+01
1.463168746973577239e+00 9.771572744423526302e+00
1.463770870434715876e+00 1.047683382565128341e+01
1.469778000509970983e+00 9.569930758031890861e+00
1.474209888967532578e+00 1.006589348679508156e+01
1.474665381265387154e+00 1.024787138505548612e+01
1.475301731752774570e+00 9.171097833359862506e+00
1.478770720733759703e+00 1.023835938364195464e+01
1.479381922110835523e+00 9.814991351821085175e+00
1.491298191608971369e+00 1.024399176972152503e+01
1.492816628206201868e+00 1.050716059552019566e+01
1.494440436090270552e+00 1.076378929309437282e+01
1.504481969283568032e+00 1.008262744162949787e+01
1.509619569398510164e+00 1.018861628770290118e+01
1.510632115317104285e+00 1.051825671746940394e+01
1.512892750224531513e+00 1.050510819148612995e+01
1.513849304324333955e+00 9.943732292561337616e+00
1.524942692560027790e+00 9.192386216281127176e+00
1.527359692496596200e+00 9.326830835300400580e+00
1.529838772926203072e+00 9.652328633288268733e+00
1.535190914449298560e+00 1.014646964666082951e+01
1.537948649825888525e+00 9.645908815802807013e+00
1.541858144787451312e+00 9.201042763383000533e+00
1.553494885448545526e+00 9.806556721111377328e+00
1.558299203079128725e+00 9.981147357444786650e+00
1.561726263128677461e+00 1.075899584969169887e+01
1.563289064859231692e+00 9.236294621643219571e+00
1.565757823627107026e+00 9.717084088549029275e+00
1.566753344265377157e+00 1.057099463414808405e+01
1.569622337128188994e+00 9.410854058358248508e+00
1.577580521849433870e+00 1.067224119267758198e+01
1.578615956535079468e+00 1.020251475214578996e+01
1.585266916126887526e+00 1.071523818363843006e+01
1.588861495543757218e+00 9.415826037675003590e+00
1.588980859938001089e+00 1.073313830850037220e+01
1.605224626808554156e+00 9.182305489459803738e+00
1.606387492771402359e+00 1.030754251316779602e+01
1.619328152303275425e+00 9.111847451382613983e+00
1.626895505075683257e+00 9.365536810588810823e+00
1.639936058047036571e+00 1.014520558445830289e+01
1.644059606539060026e+00 1.027283063307175581e+01
1.657770711330803559e+00 9.645974826746513742e+00
1.660347507777693021e+00 1.021443831795115109e+01
1.665666053175860473e+00 9.282892925080705737e+00
1.670247933839359211e+00 9.952019601997031728e+00
1.677629038866198075e+00 9.794599888067210713e+00
1.677982805870483318e+00 1.089126453609433476e+01
1.681237834303484391e+00 1.035227659783050491e+01
1.684540413719495255e+00 9.188746574445817217e+00
1.691167379485775113e+00 1.047740557145060691e+01
1.694926384456039159e+00 1.029814374364125129e+01
1.697095558934059056e+00 1.012434974084779249e+01
1.699051037380647777e+00 1.004566465978823331e+01
1.701809323447628586e+00 1.054552244394507632e+01
1.707168112086583589e+00 9.894077756525073042e+00
1.710971714064494442e+00 1.057185068045971299e+01
1.719240350276145968e+00 1.090367181589422430e+01
1.723632087341549823e+00 1.008122441604045250e+01
1.734746099330829905e+00 9.863092792810963516e+00
1.737607698914878984e+00 9.835331535460699826e+00
1.739332642761025616e+00 9.797295408294536045e+00
1.744193786074721420e+00 9.765966775209490081e+00
1.751142322690764086e+00 9.854765371030723031e+00
1.754115667498206355e+00 9.766097415070900567e+00
1.756293502861706157e+00 9.909075793766296769e+00
1.759410162402444522e+00 1.028161620566545942e+01
1.761104651814441979e+00 9.240967856983417050e+00
1.761481863007592352e+00 1.049316254661339798e+01
1.771026742127231435e+00 1.024789791705502928e+01
1.776039336381967093e+00 9.159526760420149571e+00
1.777816825528392375e+00 9.319627743093210626e+00
1.786943779148219003e+00 9.910682410419925148e+00
1.787844567821647246e+00 1.006969224938857899e+01
1.794668950615092573e+00 9.401752240490843349e+00
1.798735718409901763e+00 9.586761540593863984e+00
1.806619100000573797e+00 1.041592914269610759e+01
1.808133675602892509e+00 9.682901779420662436e+00
1.810866074591644725e+00 1.054430731826667156e+01
1.814385601472310761e+00 9.556212669556421346e+00
1.814527744476989835e+00 9.636399625350474452e+00
1.817106897032889190e+00 9.034790772982567830e+00
1.819754422268368366e+00 9.992578117803827098e+00
1.823294483599151139e+00 9.889936129263919184e+00
1.824625842954499921e+00 1.044134281907874318e+01
1.835821948735401055e+00 1.063200104296490522e+01
1.840348943553822281e+00 9.051173372559071950e+00
1.841138233190276585e+00 1.004828907010414163e+01
1.845309753964406108e+00 9.917921432153784522e+00


1.846908223425679507e+00 9.916111264452450058e+00
1.849692069222965474e+00 9.355926987350539292e+00
1.854106825563899275e+00 9.560455468775218790e+00
1.856141703999632409e+00 9.709175523201771796e+00
1.856888055605892429e+00 1.003235899628519689e+01
1.858075772213681365e+00 1.017203880535852711e+01
1.862769287864539436e+00 9.548619249257173536e+00
1.864034966737235566e+00 1.084299064677031055e+01
1.867452552266505528e+00 9.528210116728974555e+00
1.868618248058807829e+00 1.090237348145542740e+01
1.869630072923760933e+00 1.052205209018171317e+01
1.872837681507126595e+00 9.289771714422679239e+00
1.876335321991287497e+00 9.508015110467688658e+00
1.876369980030560658e+00 1.038727137006758738e+01
1.877176827172147178e+00 1.062733088876420062e+01
1.880088869969775978e+00 1.012898832508171054e+01
1.880935678315466486e+00 9.953745919053581304e+00
1.885971280036331965e+00 1.006513779651652207e+01
1.893692653307073037e+00 1.059703379484767893e+01
1.896891134901691034e+00 1.005364754222761725e+01
1.910825961610263413e+00 9.298064278947149930e+00
1.911265910347000663e+00 1.092070573431294633e+01
1.914905513323185371e+00 9.529612519311291052e+00
1.915254097335790551e+00 1.005993607284852587e+01
1.916294392803287616e+00 9.040484739000934411e+00
1.924749278893786997e+00 9.471217992807911656e+00
1.925857925263575909e+00 1.098928358020425300e+01
1.928878961295808159e+00 1.086167481043532668e+01
1.930358452527413338e+00 1.065627478396431371e+01
1.933996614826931415e+00 9.114487793719916908e+00
1.934517005955366686e+00 9.472287543161234780e+00
1.936024695645961913e+00 9.545091510796424927e+00
1.938261728680615414e+00 1.001402214309822547e+01
1.953751143591633710e+00 1.033557544246387927e+01
1.954493798625751122e+00 1.041386705203693452e+01
1.956962611380101302e+00 1.043723892895933147e+01
1.960313403356750417e+00 1.013923806203024824e+01
1.963385641256114367e+00 1.048061445862928842e+01
1.965919601079459289e+00 1.019605735509944999e+01
1.971425948943687168e+00 1.028874839863814827e+01
1.976645818450517567e+00 1.070663293316843223e+01
1.976679350990979023e+00 9.300187647074556807e+00
1.979768954600980901e+00 1.004471523782277664e+01
1.981914887814377746e+00 1.031428931461910459e+01
1.982190357819748616e+00 1.090596988409703449e+01
1.989695003665571837e+00 1.091581752094153224e+01
1.996415555862560476e+00 9.496005430294319538e+00
1.999813425024598246e+00 9.480423043677600248e+00
2.003043182316416981e+00 1.026841646321872936e+01
2.004100303993182397e+00 9.273071499758000158e+00
2.007929013018677988e+00 9.890503320033520396e+00
2.008166088463489984e+00 9.450970723186456368e+00
2.008758149101151247e+00 1.000800260076949577e+01
2.012852259678410860e+00 9.431868810367117106e+00
2.019072447470076082e+00 1.094641850119436732e+01
2.022130896593670180e+00 9.155436350324530181e+00
2.022261661452062320e+00 1.031647715275898847e+01
2.026234981375806932e+00 1.049634208601042751e+01
2.026967505850153728e+00 9.518354314120218262e+00
2.027161854366622773e+00 1.017737823358646843e+01
2.034045405439566689e+00 1.048714951449932009e+01
2.038187056692124521e+00 1.014247154632104220e+01
2.040034084152654081e+00 9.961338520768096672e+00
2.047099264116305939e+00 1.054999273515041125e+01
2.048545687426977846e+00 1.042338908750986626e+01
2.051428114207195730e+00 1.011696334417365861e+01
2.053543573768448205e+00 1.063124794424281561e+01
2.054834769454868759e+00 1.002837887345024903e+01
2.062899824779219848e+00 1.025433819914379363e+01
2.063134432197404777e+00 1.016403390626112646e+01
2.069347482508161917e+00 1.082199771886938855e+01
2.074726482745627099e+00 9.345354212836641139e+00
2.074957236589231258e+00 1.095543138040655506e+01
2.076327218510958250e+00 9.294462848167178493e+00
2.083111973714656617e+00 1.024415186253000876e+01
2.084177575683554551e+00 1.046266875511826022e+01
2.086842376823890621e+00 1.044841898550164494e+01
2.091175377564052251e+00 1.038201688224035379e+01
2.094778051324307278e+00 9.411827813527276376e+00
2.099504350237786809e+00 1.076565507503953967e+01
2.101239318692509794e+00 9.452335956618988178e+00
2.110266233271000935e+00 9.552216684499841293e+00
2.110600549779316104e+00 9.867315022777237488e+00
2.115296387531236277e+00 9.487635368289033977e+00
2.126489751554280438e+00 9.757640329569360560e+00
2.130468732847540902e+00 9.401664389964587087e+00
2.139380237144531627e+00 1.067252005980171425e+01
2.140302788166716930e+00 9.615066508742517115e+00
2.140513107847787477e+00 9.681698426897654031e+00
2.145224335951505079e+00 1.085457449588415102e+01
2.150943973074751714e+00 1.013307067915441806e+01
2.154502135411436203e+00 1.059093302467592679e+01
2.160628735304666037e+00 9.137131597517541337e+00
2.162835691103688784e+00 9.970428507240463034e+00
2.164905674475003039e+00 9.651958260176707327e+00
2.167502759518479039e+00 9.573165244899337623e+00
2.171962110902464271e+00 9.751534011580258010e+00
2.173250691850591387e+00 9.522136272818841007e+00
2.175713224887624087e+00 9.727068678016509651e+00
2.177771070932689845e+00 1.097638354086453383e+01
2.180436865598792906e+00 9.092731575318827808e+00
2.185269669224206623e+00 9.993025946055583475e+00
2.188839378849989803e+00 1.063105600414734297e+01
2.188982459430477867e+00 1.087236832938334175e+01
2.189492636700255623e+00 1.083671258345886201e+01
2.192596557816249625e+00 9.883573033904385241e+00
2.193935573435740860e+00 9.854214401812241064e+00
2.193936032809228109e+00 1.050561898604217781e+01
2.204783341992208712e+00 9.621462751663383273e+00
2.206409266595878105e+00 1.016445424191116231e+01
2.207203243925816238e+00 1.074750328962010570e+01
2.208985633419136452e+00 9.658840979489147216e+00
2.212329835923724897e+00 9.853911238854905719e+00
2.212417701826062899e+00 9.144055835165618262e+00
2.216429331884613330e+00 1.002361228361429646e+01
2.228512275773178786e+00 1.030412140831438705e+01
2.231849043959674095e+00 9.108735840116569449e+00
2.235877798188727006e+00 1.060145149609383708e+01
2.238031571236023698e+00 1.016079981744466920e+01
2.250495315144049879e+00 1.006457985775240971e+01
2.252289955303045321e+00 1.019636319935127133e+01
2.253167164064455719e+00 1.027581321343176235e+01
2.253539964102675430e+00 9.329641525762664145e+00
2.271849068484204981e+00 9.928538931982295423e+00
2.286216856358515237e+00 1.017348513239942598e+01
2.287921571696386103e+00 1.071129376657556165e+01
2.289567258348777390e+00 9.167935774252313763e+00
2.292363189055916628e+00 9.296050083039578027e+00
2.294511833389513367e+00 1.039244172182691095e+01
2.297474984842386547e+00 9.939013157336374249e+00
2.315567808748002943e+00 9.508625962031841183e+00
2.318735646218798241e+00 1.079436921210879241e+01
2.320480529681315573e+00 9.754191879326878478e+00
2.322265587795424580e+00 1.007354963895701339e+01
2.323330622360470610e+00 1.089275610620305201e+01
2.323630070724738594e+00 9.688917704021491772e+00
2.335220241701210675e+00 1.007099764673875342e+01
2.335568081348750713e+00 9.958615318652109138e+00
2.340966721705026288e+00 9.872304514648199358e+00
2.342769125931101648e+00 1.036521804286186921e+01
2.349214476658501916e+00 1.071162797697048852e+01
2.355245687216753758e+00 9.429105716995248798e+00
2.356024096909939747e+00 9.099606228255165519e+00
2.357603975106544958e+00 9.604585835615745637e+00
2.360154227534010385e+00 9.319991055460064899e+00
2.361201298443646124e+00 1.008921884557421755e+01
2.361316349403757897e+00 9.772694695419453126e+00
2.362102787960724815e+00 1.024047895857049362e+01
2.375435255263794510e+00 1.039985205588157413e+01
2.381734540393649180e+00 1.062706020301830279e+01


2.392023870494726090e+00 1.051808414365634903e+01
2.404275740181398113e+00 1.058564343305751798e+01
2.404881195679361650e+00 9.114672423809055957e+00
2.410698002831178854e+00 1.056760421606736600e+01
2.418731911085419739e+00 9.768381393512305166e+00
2.422605834630692900e+00 1.070154734126485074e+01
2.423234855073143290e+00 1.038984178595552521e+01
2.439497069940666840e+00 1.026404161949291804e+01
2.440398991890198044e+00 1.014312394801788209e+01
2.442388545461851912e+00 9.618597954847874831e+00
2.449489209257504463e+00 9.492737041328529912e+00
2.449606727267066297e+00 1.063109905196525773e+01
2.454751491013557718e+00 1.077220563971335032e+01
2.467670055743408142e+00 9.546765498059265553e+00
2.475318131988386572e+00 1.026814190018822082e+01
2.476461542914110137e+00 1.063350210469187118e+01
2.488931855198285525e+00 1.041146736993135313e+01
2.491571407403731619e+00 1.083208217223829806e+01
2.495525012824425737e+00 9.406096221436891724e+00
2.500105376484914377e+00 1.027299275950416479e+01
2.502661019436565493e+00 1.026043618562177429e+01
2.503987230746036019e+00 1.032646854032963191e+01
2.506773304205690778e+00 1.033651179349520710e+01
2.506932646245261243e+00 9.488152802149210530e+00
2.507060670503382660e+00 1.024401866359077928e+01
2.508644221093706772e+00 1.001966152154436251e+01
2.513801161726858524e+00 1.000978667658462129e+01
2.515676636839507374e+00 9.338657813070149416e+00
2.523088151667550960e+00 1.004467655006718019e+01
2.525961802942432222e+00 9.740267696738875713e+00
2.535563671804819563e+00 9.957281770661209563e+00
2.544528723266054726e+00 9.300620680569144483e+00
2.546251984835762094e+00 1.076536526637228874e+01
2.548646285631023467e+00 1.045282116117593318e+01
2.556662640673228459e+00 1.080572364341189839e+01
2.564566003727891452e+00 9.781477446883556581e+00
2.570772774324615817e+00 1.074878647445149760e+01
2.572350679753043767e+00 1.058096384252661970e+01
2.572534824910337470e+00 1.064367983326751954e+01
2.573126739734226565e+00 1.076581929244092883e+01
2.574592513620610923e+00 9.461681573732123596e+00
2.574868763076032518e+00 1.002400854981623723e+01
2.580809910740931024e+00 9.417006050077707968e+00
2.581873782328704792e+00 1.040397124337841106e+01
2.590404810439534522e+00 9.957173577362873118e+00
2.597824602310961239e+00 1.010683905673896987e+01
2.598532864717778335e+00 1.022472954246278753e+01
2.598962970274428130e+00 9.475451475496509346e+00
2.616025447712493790e+00 1.033117552452333321e+01
2.627167991060551433e+00 1.008027079474558896e+01
2.633415743314780677e+00 9.426465993446091929e+00
2.637063924223251199e+00 1.011970031738842302e+01
2.643378094221411345e+00 1.028763023648866870e+01
2.648204670108130987e+00 9.553523454823809047e+00
2.648687023051532474e+00 9.399819327441761629e+00
2.655851454728026528e+00 9.930743656003345521e+00
2.657044755909040212e+00 1.051911298500907321e+01
2.657513267491845799e+00 9.931379516617754533e+00
2.659817004635892879e+00 9.799942196992859067e+00
2.671359456686019929e+00 9.959718117212991828e+00
2.674164883520900204e+00 1.071182753651964070e+01
2.687707488887826290e+00 1.023309136162951205e+01
2.701633411756242609e+00 1.056712205274442162e+01
2.702984171007136283e+00 1.000700423882608803e+01
2.703986479308659874e+00 1.011632440709042058e+01
2.709948618927937147e+00 1.031323139140735456e+01
2.711258420390190604e+00 1.006347261504370039e+01
2.717454393290303472e+00 1.002573638890602936e+01
2.718516727719566539e+00 1.059498634702999453e+01
2.723542461454130148e+00 9.352848672539005648e+00
2.729901116747273093e+00 9.374669273179328854e+00
2.730753289768005132e+00 9.707923612042520745e+00
2.732296358301146366e+00 9.820249834257040789e+00
2.749654874982499830e+00 9.733530976710765614e+00
2.750172285688978313e+00 1.014401907144261550e+01
2.759356579453582814e+00 9.834395569927833591e+00
2.767630549639360726e+00 9.800925955554484759e+00
2.769898379418391343e+00 1.022608553922029273e+01
2.772164613251048237e+00 9.579397096792005684e+00
2.781604115203830219e+00 1.032236533731975214e+01
2.784838004359559527e+00 9.870364051239860714e+00
2.796050415391567512e+00 9.407332600456220106e+00
2.796928300649461185e+00 9.935943041960216604e+00
2.800526601060078669e+00 9.648889597460829748e+00
2.800920475427873590e+00 9.906840368894176407e+00
2.804144555062617172e+00 9.649034514649713401e+00
2.814769749272246990e+00 1.020323974262401023e+01
2.823357048701717886e+00 1.029442179659153389e+01
2.825898029840357317e+00 1.021202320396456464e+01
2.828287010818753000e+00 1.011446734606317399e+01
2.830134307091584756e+00 1.024036076722993904e+01
2.832482592509417252e+00 9.603687078492963991e+00
2.844721903500598170e+00 1.004429738152255425e+01
2.870147306401345855e+00 9.821971803017659042e+00
2.884179985967185722e+00 9.638695411571326588e+00
2.884657048941700275e+00 9.667416899927511409e+00
2.908604431905483345e+00 1.008522594955914364e+01
2.918163443463017703e+00 1.036673060188895512e+01
2.924492608032675633e+00 9.776440185090780943e+00
2.953550732855098282e+00 1.025682050092345854e+01
2.961724629579961743e+00 9.908304829235902389e+00






7.561188587152406271e+00 9.615350166515183261e+00
7.563523673488397492e+00 9.642321383522475031e+00
7.566775997067468396e+00 9.753651574744365504e+00
7.574432760254552477e+00 1.074236920531458139e+01
7.577328310506267428e+00 1.022242147197432338e+01
7.581651378099884653e+00 9.511006784261352820e+00
7.583072653752636505e+00 1.067265848274680273e+01
7.588054484046569570e+00 9.951549930738222471e+00
7.604387557263638797e+00 9.844391286345832270e+00
7.605624268351871109e+00 9.712670859569820792e+00
7.605963021652859979e+00 9.224033452193642901e+00
7.614815724083871196e+00 1.026115829697877047e+01
7.617263730043206671e+00 1.013773847376803694e+01
7.620132107907158669e+00 1.027376019278378827e+01
7.621972412694993260e+00 9.865902531740882608e+00
7.623126848524824695e+00 1.057202603785596651e+01
7.623902046695429924e+00 1.027230917055788950e+01
7.629481890367191710e+00 9.854441840564035715e+00
7.630336507192831519e+00 9.864356381914639371e+00
7.630529252664613793e+00 9.753853925537423919e+00
7.632113466696644366e+00 1.030272664760108725e+01
7.650343123303837700e+00 1.063805207353254545e+01
7.651459368106643844e+00 1.008842316569152686e+01
7.651724031033171336e+00 9.268622603784546499e+00
7.653408634348289219e+00 1.054180700884830735e+01
7.662680252361803390e+00 9.904865517616746828e+00
7.667791374279565808e+00 1.061983682646792282e+01
7.669737110768571675e+00 1.005497832837515659e+01
7.675119506233856193e+00 1.070377752555878459e+01
7.696875060812097935e+00 9.465158559089106305e+00
7.698029955465621299e+00 9.930363774315839720e+00
7.703153347272342799e+00 9.932110302860502671e+00
7.708022726460481699e+00 1.061649927395033188e+01
7.712457281763803962e+00 1.015716232752866333e+01
7.717232774128627959e+00 1.018014334018054257e+01
7.721977079764484664e+00 9.403100956980614100e+00
7.730197667161835540e+00 9.517514158709929006e+00
7.730727060222656100e+00 9.676605668107260527e+00
7.733749036113672481e+00 1.009650753477476393e+01
7.743712412827873592e+00 9.850673259458519126e+00
7.746175677627798350e+00 9.543559008852183112e+00
7.747272375113078979e+00 9.913208659745484042e+00
7.754679984710509899e+00 1.022221895252747181e+01
7.762962026408720462e+00 1.037268454192465583e+01
7.776713373769240434e+00 1.040673367337270250e+01
7.783966438402210031e+00 1.012560180250512865e+01
7.828271067052869903e+00 9.599724103923358953e+00
7.830752531401761196e+00 1.003542623519799903e+01
7.832609383865668740e+00 9.987310980898875812e+00
7.873076867051291394e+00 1.045449513183237933e+01
7.893969029656020986e+00 1.041296163087116433e+01
7.898352532333765552e+00 1.012164793780128491e+01
7.900332839257553807e+00 9.579193858701135156e+00
7.901519501355931396e+00 9.620748329962450995e+00
7.911376715786315295e+00 9.693815800328664523e+00
7.932378120293284596e+00 9.906388635308486457e+00
7.965179153476333873e+00 9.921179796289514741e+00


1.000183749589318261e+01 1.002298973185072839e+01
1.003524844658880966e+01 9.934099180416582797e+00
1.010938439487683738e+01 9.940429805525793583e+00
1.012355077587670138e+01 9.958119244854357177e+00
1.012830356280101896e+01 9.830361101210842278e+00
1.013222431116906108e+01 1.001801905419642758e+01
1.014007052406780041e+01 9.521226862305105954e+00
1.014080808505228859e+01 9.710609422026109883e+00
1.015766591779342853e+01 1.025811514806537517e+01
1.017725762684807833e+01 9.937870532542886437e+00
1.019388121384618451e+01 9.921282692276061965e+00
1.020592555854046779e+01 1.009578213882212161e+01
1.021176289537621784e+01 1.030072017862113753e+01
1.021228991302227307e+01 1.001369831490999474e+01
1.021421909818379703e+01 9.740203994164852830e+00
1.021437882857098067e+01 9.903713625232837714e+00
1.021784265113339707e+01 9.452546952736334163e+00
1.022184711807237889e+01 9.942593076185442413e+00
1.023180191640662073e+01 1.037676162420113890e+01
1.024487641833309759e+01 1.037355910792838465e+01
1.024522794771818290e+01 1.006103037141602741e+01
1.024860054631750472e+01 9.666683635626172943e+00
1.025104146862339682e+01 9.586776942196346241e+00
1.025127386397297080e+01 9.560422161405126573e+00
1.025549479195164793e+01 1.006958537801983411e+01
1.027139473418998072e+01 1.066992329429754527e+01
1.030130066065110128e+01 9.481264362357315179e+00
1.030932311197390128e+01 1.006378802520000626e+01
1.031114964930459799e+01 9.686111147895326567e+00
1.031346479631653779e+01 1.003864987832607270e+01
1.032528964931791471e+01 1.008813706973627689e+01
1.034277288393332661e+01 1.029433738111145047e+01
1.034353627686586741e+01 9.928317868137364499e+00
1.034807227099375559e+01 9.833595609818583938e+00
1.036104876820392562e+01 1.007459625578161422e+01
1.036317172370039330e+01 9.626374353190442434e+00
1.037229498125816285e+01 9.981108568470526521e+00
1.037944513292901405e+01 1.057728887680231544e+01
1.039956220972373302e+01 1.003653041597514850e+01
1.040396807228087894e+01 1.014181284452313569e+01
1.041451363978324096e+01 1.019198293624545215e+01
1.042098198727511793e+01 1.029656502567915766e+01
1.042108907026688591e+01 1.036061332704538529e+01
1.042542464039098071e+01 1.067187454866676433e+01
1.043201606344094401e+01 1.009010157032120247e+01
1.044075407257852994e+01 1.048307234863741044e+01
1.044747128869402886e+01 9.468507670661304942e+00
1.044843141668773256e+01 1.018734838854582136e+01
1.044944174426000139e+01 1.051343454432100977e+01
1.045737602059052129e+01 1.010081701996681502e+01
1.047052589875852391e+01 9.948700537953513390e+00
1.047134461930561855e+01 1.034632309570628550e+01
1.047281769625306502e+01 9.805943799324094101e+00
1.047744083150488414e+01 1.047490751325838332e+01
1.048458248253029090e+01 9.861951591758947089e+00
1.049305280199933854e+01 9.882695175703041457e+00
1.049775610240915924e+01 9.288529890949030587e+00
1.049851917983555971e+01 9.146851245874962899e+00
1.049872932681667415e+01 9.874895025701027507e+00
1.050048911555118636e+01 9.668229063982938243e+00
1.050565351493595756e+01 9.158268378650921804e+00
1.050625513145404177e+01 9.477551455588058005e+00
1.050812684779087647e+01 1.066997716626645243e+01
1.051308379572092377e+01 1.056390482302252565e+01
1.051653643364547186e+01 1.036074456681914135e+01
1.051853735623320851e+01 1.016059374362321321e+01
1.051945410188501562e+01 1.007136055716872747e+01
1.052069901463067048e+01 1.050897514672524657e+01
1.052205242883472636e+01 9.308481136947571954e+00
1.052324550173935691e+01 1.071203324121596445e+01
1.052608311591615120e+01 1.008442870231215949e+01
1.054306320962285071e+01 9.521521933034225782e+00
1.054405254860723851e+01 1.053816217394581933e+01
1.055123734783603773e+01 9.199249769733448545e+00
1.055354827012036623e+01 1.024143044017381143e+01
1.055503416953313689e+01 1.018791415139220469e+01
1.055724624063714323e+01 1.076355651032258365e+01
1.056563566303725565e+01 1.060214918333520018e+01
1.056813132453054571e+01 1.008524387019802226e+01
1.057814736156027458e+01 9.330577428428462383e+00
1.058172665529026624e+01 9.649830406805067540e+00
1.058573565237737846e+01 1.049369452245690404e+01
1.058722002285169594e+01 9.288647009516493469e+00
1.059082736374098488e+01 1.068415749785232904e+01
1.059082861417090271e+01 9.513223832334217533e+00
1.059342750428146651e+01 9.244402131346063811e+00
1.060887277168686360e+01 9.132388723091699134e+00
1.061131341494748703e+01 9.876147552619412906e+00
1.061275656118183264e+01 9.743428897157546231e+00
1.061661994344353310e+01 9.965012381228637750e+00
1.062495696676401380e+01 1.001432037684679521e+01
1.063004026636080290e+01 1.089336900076147252e+01
1.063272950896045366e+01 1.034368264493982892e+01
1.064200417999749959e+01 1.003817268187743217e+01
1.065980537881447532e+01 1.028915194909590447e+01
1.066836620829868565e+01 9.081693940403019027e+00
1.067326350136254476e+01 1.016410995707412823e+01
1.067830915847403261e+01 1.000390005515466996e+01
1.067874857110470188e+01 9.106504849212910813e+00
1.069014745425358726e+01 9.253959156487089999e+00
1.069105216315631601e+01 1.056538177270175893e+01
1.069253712090780617e+01 9.907072585377052931e+00
1.069825614938747016e+01 9.895046389109314333e+00
1.069898660857293571e+01 1.074294310062507840e+01
1.070259916859562921e+01 9.627235060154642809e+00
1.070599066436134628e+01 9.253313092671062279e+00
1.071173368185560371e+01 9.575411601377629367e+00
1.072196020767288971e+01 1.064875789518546512e+01
1.072587762802510625e+01 9.508112895563108680e+00
1.072639865243001722e+01 1.094598808156795045e+01
1.072741075719700987e+01 1.043680175339740401e+01
1.073027165409085093e+01 9.359921088456157889e+00
1.073062154684987668e+01 1.006729187468734565e+01
1.073235428845592665e+01 1.057162127494631498e+01
1.073628284079199169e+01 9.277058224103015505e+00
1.074469986145130207e+01 9.861184767398750495e+00
1.074520339014208936e+01 9.631893611303468106e+00
1.075262448933708370e+01 1.086266378330062565e+01
1.075576346770538727e+01 9.919687610839654113e+00
1.075719059871476624e+01 9.438556322562451584e+00
1.075889878088083940e+01 9.564601081303331753e+00
1.075970344468327689e+01 9.484598063461870510e+00
1.076325297116924773e+01 9.661373236319045432e+00
1.076378964408243633e+01 9.799855529051315628e+00
1.076641140004396391e+01 1.053079847255642321e+01
1.076741407974276044e+01 1.043078501082340814e+01
1.077435124440402348e+01 1.029768148151059926e+01
1.077670001995434745e+01 1.010954677627491627e+01
1.077811694696694822e+01 9.843567502483791642e+00
1.078077183149921936e+01 1.079479852494732484e+01
1.078230388046999089e+01 9.159985980356657009e+00
1.078264346067646429e+01 1.033789557560588612e+01
1.078280420684197871e+01 1.091408476664788729e+01
1.078697383486785100e+01 1.023351006770881355e+01
1.079220700636652275e+01 1.028332742435435065e+01
1.079249403088751080e+01 9.778202060923010919e+00
1.079324719422344536e+01 9.852441662636246988e+00
1.079803638817472944e+01 9.753263782882173771e+00
1.079890047330374436e+01 1.088086597321029281e+01
1.080471663677121086e+01 1.036040740096656343e+01
1.080963311441163377e+01 9.832390462213210114e+00
1.080974038219073563e+01 9.439182329373782210e+00
1.081105253901583296e+01 1.062485206072720523e+01
1.081364879547548163e+01 9.590486275828672191e+00
1.081540198092944216e+01 9.023647130194687449e+00
