1.082143822915577402e+01 9.745137552888788690e+00
1.082163548838091316e+01 1.013103570642098283e+01
1.082271826026659767e+01 9.784939065863991203e+00
1.082819186226593544e+01 1.097024943178530165e+01
1.083118452147480504e+01 9.532942278007103809e+00




1.145463518374779177e+01 9.131279589349473369e+00
1.145973634291341448e+01 1.004660327224422112e+01
1.147112335409291362e+01 9.560871921507562377e+00
1.147784684699453983e+01 9.198119928405523282e+00
1.147902478958577355e+01 9.275959835099598649e+00
1.148014031423667802e+01 9.940324832613647743e+00
1.148291427346689808e+01 9.645991629361093445e+00
1.148365531887423963e+01 9.568959886740129761e+00
1.148448513559789674e+01 1.039227375010964494e+01
1.148493842631447315e+01 9.854049300118910892e+00
1.149308163114362635e+01 9.250416925478056385e+00
1.149692675435607470e+01 1.038069556567193352e+01
1.149866050217976188e+01 1.020421635920311232e+01
1.150003245822485276e+01 9.481901644531323115e+00
1.150221227075991770e+01 1.001278846172500359e+01
1.150298935105819531e+01 1.050969141719540545e+01
1.151206256473481382e+01 9.862182268161943099e+00
1.152015249076991488e+01 1.058653261139436630e+01
1.152259662978248933e+01 9.711301554625610066e+00
1.152401791130763442e+01 1.009175600476962487e+01
1.152580283535663597e+01 1.023440690917378504e+01
1.155068839307143058e+01 1.048264603291511143e+01
1.155430412561771369e+01 9.351263429462548515e+00
1.155481277030658660e+01 9.501547159659761377e+00
1.155763730696072855e+01 9.301552902981468307e+00
1.156037298707530780e+01 9.518586709473931151e+00
1.156156551144642464e+01 9.917230539200852846e+00
1.156353137942256559e+01 1.028820895090374066e+01
1.157010528064017940e+01 1.000311118817475275e+01
1.157904998451138923e+01 1.045552195916460292e+01
1.158819225407686382e+01 1.014811378583754298e+01
1.159688854836897143e+01 9.335912034124772774e+00
1.161623089372928952e+01 1.027019021333010862e+01
1.162032555758552732e+01 9.223845047389239937e+00
1.162988929366868085e+01 1.011370878620406266e+01
1.163586048401516315e+01 1.055310032773566675e+01
1.163642511992040873e+01 1.064172467950574585e+01
1.164062427634677199e+01 1.045074482072226729e+01
1.166897025752908590e+01 1.065767511130524348e+01
1.167952345925427515e+01 9.641947847374025216e+00
1.168346959631511517e+01 9.803560648372362962e+00
1.169894045993587817e+01 9.310393091651237185e+00
1.170638827057156739e+01 1.016813600607871848e+01
1.171094816544929884e+01 9.547571903223282419e+00
1.171497520470411580e+01 9.851799301174118284e+00
1.171820983080178280e+01 1.036695021207588319e+01
1.173277680177647753e+01 9.756972747544125468e+00
1.173936129087977065e+01 1.021021311844761748e+01
1.173943641973369267e+01 9.746289114946673493e+00
1.174652822271617225e+01 9.827315476587527243e+00
1.175478573374182645e+01 1.005709310383369903e+01
1.176602748483764493e+01 9.574627203934106490e+00
1.176972097504086712e+01 1.004065774404636002e+01
1.176994408438841511e+01 1.030566719679826448e+01
1.178527692980862085e+01 1.012539284175148069e+01
1.179190245782852386e+01 1.027942949445607645e+01
1.179349694019596129e+01 1.053380374777261430e+01
1.182502170295585309e+01 9.656086547146381704e+00
1.184354075037971299e+01 9.836671784114779271e+00
1.186935502214091187e+01 1.041513875288226565e+01
1.187335307118300953e+01 9.791224443969639424e+00
1.188240854914652900e+01 1.037916536670916656e+01
1.188255643908926729e+01 1.035594627491839859e+01
1.188614966470957413e+01 1.040158231691782653e+01
1.189854363541942028e+01 9.615239060749049216e+00
1.190212827278743646e+01 1.025906268776713226e+01
1.190614348008056922e+01 9.938430852015823547e+00
1.191345349666910636e+01 9.695227615891665707e+00
1.193835066166272441e+01 1.010649485510125523e+01
1.194674784700651138e+01 9.747266954107116632e+00






3.031947674693890704e+01 4.755339156161613623e+00
3.032164120212760139e+01 4.581291173496445879e+00
3.032426484376853892e+01 5.191530183441398272e+00
3.032616260820379139e+01 4.207287585204443126e+00
3.033416654665014178e+01 4.587069118419903724e+00
3.033450375954881295e+01 5.802784702114959003e+00
3.033834645280496645e+01 5.913959683692823432e+00
3.033911565799147070e+01 5.602929341960456888e+00
3.033957236237781885e+01 4.781729969436439021e+00
3.034871499084878366e+01 4.351858789457212495e+00
3.035014195419521599e+01 5.145078944243595132e+00
3.036737154671960326e+01 5.353411177612597882e+00
3.036925396530378052e+01 5.899183950624407480e+00
3.038393004249796903e+01 5.326924361631820481e+00
3.038655421498713594e+01 5.471862489954468778e+00
3.039090874044547164e+01 4.945705318178253762e+00
3.039588560471788270e+01 5.661641200284590170e+00
3.039654789730428064e+01 4.285913550711258679e+00
3.040072193342849260e+01 4.775639193476050259e+00
3.040444477728103578e+01 5.849960751361784617e+00
3.041194163081807034e+01 5.136520802534137786e+00
3.041337291771821683e+01 4.247703771654212090e+00
3.042515092111426966e+01 5.256972396004798043e+00
3.042600430018733348e+01 4.428235923439329369e+00
3.044187491046264782e+01 5.690437092871190039e+00
3.044628559373028409e+01 4.814968079234781761e+00
3.045068881656403903e+01 4.833757083717996395e+00
3.045307528936979935e+01 5.069173555771883777e+00
3.045392962427051131e+01 5.188861357587002843e+00
3.047745541786842693e+01 4.925934887522025463e+00
3.048204759523632745e+01 5.814788054949660889e+00
3.049779759338091623e+01 4.216713943064698711e+00
3.049904812930787301e+01 5.117094368348539923e+00
3.050969539237501493e+01 4.777123948975222412e+00
3.051154588083262098e+01 4.964493750445113207e+00
3.051676389990868188e+01 4.759890980924541992e+00
3.053217671214112272e+01 5.137530195351493134e+00
3.054212583393971769e+01 4.714585230184641595e+00
3.054254107796070983e+01 4.921945209923512365e+00
3.054474178266741546e+01 5.173951368495869119e+00
3.054474846148312039e+01 4.663348874483346229e+00
3.054892767203649839e+01 4.771424639202791695e+00
3.055328267327311309e+01 5.563780165880624295e+00
3.055958736884169369e+01 5.576933013113549720e+00
3.056562041805807439e+01 4.733672547396802877e+00
3.056611384989884073e+01 4.178433450170398800e+00
3.056667016561374339e+01 5.206268398028511157e+00
3.058019040520257903e+01 5.096393306669956047e+00
3.058133401096617376e+01 4.609299953298455321e+00
3.058689611925864327e+01 4.535719927810109908e+00
3.058833137072597808e+01 4.799141991915261585e+00
3.058916891312962605e+01 4.606820629442609061e+00
3.058960154380867635e+01 5.745542375110691324e+00
3.059199458646612868e+01 5.318830675832535881e+00
3.059433003908290516e+01 4.717831499560833031e+00
3.059973492737866607e+01 4.642839505527818211e+00
3.060754320426944375e+01 4.630367041531947336e+00
3.061112389158640212e+01 5.382162453126572821e+00
3.061252360886896184e+01 5.630772029260300293e+00
3.062985975943944439e+01 5.558992366355444581e+00
3.063754011355631590e+01 5.154678445502899997e+00
3.064210287280784328e+01 4.258033235828420970e+00
3.064361682032828327e+01 5.280988652696857244e+00
3.064766376975502027e+01 5.241857118000579518e+00
3.065286114971361187e+01 4.625098371888878290e+00
3.065549852475539439e+01 4.731945596024098144e+00
3.065567671852137011e+01 5.321409631206059920e+00
3.065915333853478941e+01 5.601782604899417706e+00
3.065977955789551146e+01 4.992755050157179575e+00
3.065989948562853584e+01 5.721462314130683069e+00
3.066310639341177691e+01 4.698034221345825934e+00
3.067013164496680133e+01 5.169278932563842410e+00
3.067475922128345189e+01 5.286215887794856627e+00
3.068456539492983737e+01 5.383718127281859722e+00
3.068934584133038612e+01 5.154435742328117520e+00
3.069032766416386693e+01 4.512919889881065849e+00
3.069997227231489134e+01 5.283971008897640154e+00
3.070170315232270397e+01 4.588538603499820567e+00
3.070420252644131409e+01 5.398236987062436931e+00
3.070834714791579501e+01 4.309974484843412057e+00
3.071029937377367958e+01 4.694858650224466246e+00
3.071092033070479843e+01 4.690124983963379179e+00
3.072194758595373187e+01 4.832605887443502723e+00
3.073694237084339065e+01 4.385720328610346996e+00
3.074248183089277831e+01 5.549509270851721077e+00
3.074800746151570507e+01 5.327438288004954003e+00
3.075987822650677117e+01 5.108623709294940696e+00
3.076421331768324663e+01 4.972459686001311496e+00
3.079174067364191458e+01 5.090050248551836631e+00
3.079778324078433727e+01 4.602273855352631671e+00
3.080380338984623734e+01 5.409915201484775338e+00
3.080395436610983140e+01 5.008781944600321445e+00
3.080836090481346901e+01 4.628195326498212303e+00
3.081115619028844321e+01 5.271724745602837103e+00
3.081165174850710287e+01 5.282642406295118498e+00
3.084047530008492544e+01 4.825106365822001919e+00
3.084442816272050081e+01 5.419772768949956188e+00
3.084525182928343767e+01 4.791017286398262520e+00
3.086415532775610160e+01 5.050735879843812448e+00
3.086814651715130253e+01 5.341978088284750292e+00
3.087620612902409789e+01 4.922681944400679299e+00
3.089332820985496397e+01 5.408242984780718743e+00
3.089474453309978941e+01 5.243223917578548665e+00
3.089781948103634690e+01 4.749156295399186156e+00
3.090009433008660267e+01 5.224646548152930947e+00
3.092265354643304320e+01 5.071172086412572888e+00
3.095112336883386561e+01 5.277819671620320285e+00
















3.283150985078285089e+01 9.740398861613801529e+00
3.283651415365134341e+01 9.120421097564992863e+00
3.283853049602870300e+01 9.971759395385014102e+00
3.284108909521566488e+01 1.092764662190315939e+01
3.284146045325067576e+01 9.787064944415284629e+00
3.285250689951157455e+01 1.088600316724750172e+01
3.285275710969816032e+01 1.031340968158429838e+01
3.285874501801546188e+01 1.024384417763508992e+01
3.286331450554971667e+01 1.092326297385158362e+01
3.287125177711857305e+01 9.119984248870588672e+00
3.287295130448583080e+01 1.039368812856229418e+01
3.288049061601042666e+01 9.307505733371426615e+00
3.288202692410638406e+01 9.414636002634690470e+00
3.288209615917649842e+01 9.943727727139263450e+00
3.288973676389890954e+01 1.039581460742949304e+01
3.290113099295127341e+01 9.282000287745031386e+00
3.290172819208572008e+01 9.855763925437520001e+00
3.290698931225016111e+01 1.022320420645115036e+01
3.290829936014187496e+01 9.331077238065157431e+00
3.290978031168564399e+01 9.996647604814237198e+00
3.291374676246133646e+01 9.987502253000355878e+00
3.291748227695775597e+01 1.052779727430619872e+01
3.292250865961486994e+01 1.024837231191740372e+01
3.292283305875498911e+01 1.018169784601913896e+01
3.292358131767822016e+01 9.322152549464846061e+00
3.292447856955317320e+01 1.077588588405013503e+01
3.293064011551775394e+01 1.050649416793165614e+01
3.293310671410507240e+01 9.279017684115320463e+00
3.294447130200752127e+01 1.093829747224413396e+01
3.294752106792599733e+01 1.072937845100944187e+01
3.295681494204495010e+01 9.075106347946496399e+00
3.295695947109355473e+01 9.889716386627371847e+00
3.296310622204300955e+01 1.040076559457811278e+01
3.296634050628238555e+01 9.268313315643091244e+00
3.296635560267544918e+01 9.539478130823431101e+00
3.296784952773284516e+01 9.125498459832984466e+00
3.296880005343570019e+01 9.693239099103799106e+00
3.296882537296079363e+01 9.337854612362676221e+00
3.296927502595641357e+01 9.987844461444899125e+00
3.296930253075410633e+01 9.961270630726689390e+00
3.297563368568481224e+01 1.002655994408869056e+01
3.298236052170087618e+01 9.520419221944280253e+00
3.298691818238211937e+01 9.889474199941197696e+00
3.299243102064718869e+01 1.004332122120025339e+01
3.299815423227997258e+01 1.042776979020499795e+01
3.299830666780659527e+01 9.612631958580143632e+00
3.299868161193639793e+01 1.039125761439354534e+01
3.299962705443581257e+01 1.036656749870809868e+01
3.300653048874395523e+01 9.481229075815527096e+00
3.300661217896511346e+01 1.004405671133851641e+01
3.301583900678063088e+01 1.038349929609938016e+01
3.301692380296079676e+01 9.335095453922757969e+00
3.301774390645669399e+01 1.086213985112412495e+01
3.302410018559286442e+01 9.456725328774131967e+00
3.302888914714766599e+01 1.041495943299629623e+01
3.303013076324601371e+01 1.057673473390172525e+01
3.303117950337863107e+01 1.023483278122180984e+01
3.303724919446226238e+01 9.976187362129627090e+00
3.303830135056567485e+01 9.677521673339729347e+00
3.303908740277832123e+01 1.081516426011260457e+01
3.303924649180832063e+01 1.017534992059267474e+01
3.303934796766516513e+01 1.015292457168765061e+01
3.304019813194550181e+01 1.043854232189896791e+01
3.304449861446858705e+01 1.073563907770939885e+01
3.305096384882278215e+01 9.963909134181587746e+00
3.305473751872744970e+01 1.064577787027245037e+01
3.305622091956589514e+01 9.828445022952148946e+00
3.305697688010959467e+01 1.001419505900593698e+01
3.305830909568706488e+01 9.655689926387919897e+00
3.306111844727624316e+01 9.249612485654784777e+00
3.306360828484699255e+01 9.662833572561797979e+00
3.306688032266431776e+01 9.475162754238068530e+00
3.307355254620605933e+01 1.057422912864394071e+01
3.307588014192553771e+01 1.001071688653609471e+01
3.308009372515363111e+01 1.000994291059107688e+01
3.308224229010971129e+01 9.162570423456539714e+00
3.308236693800900952e+01 1.069630622182900304e+01
3.308930580451274039e+01 9.527231858478273807e+00
3.309555670238851377e+01 9.326010148184584736e+00
3.310044405526300437e+01 9.913556357780871409e+00
3.310136509773607827e+01 1.082606999256702451e+01
3.310356371802114239e+01 9.520839235733497219e+00
3.310421807638353187e+01 9.943921302880559310e+00
3.310746127531478322e+01 9.944530801822613952e+00
3.311208565851518415e+01 1.028277020011122644e+01
3.311314239292723016e+01 9.785178677539448699e+00
3.311736360321560824e+01 1.043477520023120242e+01
3.312014123370595087e+01 9.109917939326665604e+00
3.312800274364276731e+01 1.023859993433927329e+01
3.313687305641461478e+01 1.022878173651326961e+01
3.313699959749536816e+01 1.024806404117767045e+01
3.314263237460707501e+01 1.012055740003211568e+01
3.314530294361276219e+01 1.034626912137737698e+01
3.314832827196289600e+01 1.006022933184059731e+01
3.315025904948034707e+01 9.895677707666798995e+00
3.316035085217561118e+01 9.915692497213036916e+00
3.316131481079648324e+01 1.058365093329607376e+01
3.316617435646005418e+01 1.055886036496117164e+01
3.317018132290758814e+01 1.043634528800676087e+01
3.317292412900405196e+01 9.720149175558375987e+00
3.317621842172514590e+01 1.059274985679791392e+01
3.317689502736194385e+01 9.588994890964963602e+00
3.318734047650495711e+01 9.125882805397811381e+00
3.318837076705741396e+01 9.783150486157792258e+00
3.318982589171996977e+01 1.045539305383954165e+01
3.319015776864215184e+01 1.009224432399085636e+01
3.319033311558458621e+01 1.003808405910075763e+01
3.319330352366157655e+01 1.097138141394699140e+01
3.319482358610229511e+01 9.980846601675757768e+00
3.319558847580113081e+01 1.017256121868067353e+01
3.320255461787773044e+01 1.033122145475881837e+01
3.320815844861766664e+01 9.091363454439370884e+00
3.321220310168573064e+01 1.059431221811313151e+01
3.321540153930319406e+01 9.934427477305431964e+00
3.322113030583192739e+01 9.298216452921941766e+00
3.322139112273121242e+01 1.035463534128316532e+01
3.322289650886654755e+01 9.394182265943811672e+00
3.323540041384671895e+01 1.020293506850586951e+01
3.324083011362743179e+01 1.079894081416693830e+01
3.324261566677654400e+01 9.801626442105181525e+00
3.324702449157854289e+01 9.346147088731772357e+00
3.325164782037669653e+01 1.002629697559409827e+01
3.325960581728296717e+01 1.049918433591223632e+01
3.326643172124290970e+01 1.018634599474527214e+01
3.326763008936120514e+01 1.095288591605995521e+01
3.326883740431546244e+01 9.592074900256850611e+00
3.326884334250122777e+01 1.080756414739374094e+01
3.327033429023237687e+01 1.070490269859648969e+01
3.327845989673588889e+01 1.039547263898669804e+01
3.327978309219228947e+01 9.768910771464687670e+00
3.328568918314613967e+01 9.948687114244620489e+00
3.329149089277299112e+01 9.912372751479672672e+00
3.329495202232777018e+01 9.230354113797464066e+00
3.330843505755640166e+01 1.035885089705483786e+01
3.330929083039783478e+01 1.027998821769619120e+01
3.331199760447003655e+01 1.051605503597505731e+01
3.331210097118287905e+01 1.043518657767658553e+01
3.331552047941601558e+01 9.738481053910154728e+00
3.331741782862785328e+01 1.044832299242829698e+01
3.331821519854798197e+01 9.222177693961345568e+00
3.332385090672952543e+01 1.047154629359544842e+01
3.332482040439179372e+01 1.078683451254999959e+01
3.332840308889172576e+01 1.039529511033267717e+01
3.332997088635201521e+01 1.048266952539151298e+01
3.333063152167941467e+01 1.044476231768834396e+01
3.334032934703796514e+01 1.031787359059729958e+01
3.335474336673221529e+01 9.335767763193922875e+00
3.336178876034585983e+01 9.685968678289745171e+00
3.336313845670894551e+01 1.015963020331027522e+01
3.336427937145207068e+01 9.927776788001470010e+00


3.336662819411197489e+01 1.018857799674628595e+01
3.336802861070817272e+01 1.065943239692993316e+01
3.336974187913909162e+01 1.001267083716249040e+01
3.337054031088317885e+01 1.034013082071857248e+01
3.337237472021075035e+01 9.921490078668378843e+00
3.338000793451321613e+01 1.063622909142779172e+01
3.338329568464007480e+01 1.032894671833513200e+01
3.338370600647128583e+01 1.092156591329755777e+01
3.338602490065897399e+01 1.054586336165373872e+01
3.338623586028757728e+01 9.832940990943621173e+00
3.339231580578791636e+01 1.030049514107490971e+01
3.339738201837366205e+01 1.004860494145915872e+01
3.339965641019644238e+01 9.729864861926893482e+00
3.340192294094018877e+01 1.009214227236286376e+01
3.340213481515102245e+01 1.088098459834310638e+01
3.340295378090661416e+01 1.001333745004213149e+01
3.340919171051428549e+01 1.082792466948797383e+01
3.341306752237264988e+01 9.825647977761787999e+00
3.341349857221688069e+01 9.611100883260153438e+00
3.342693449025496477e+01 1.078181926972546556e+01
3.342987647724246614e+01 9.568720122931360095e+00
3.344877924182237194e+01 1.045947349198072018e+01
3.345063779809790105e+01 1.016999835071179348e+01
3.345420227732952156e+01 1.007119284719135699e+01
3.345786112030954484e+01 9.139864864922945031e+00
3.346282116964383846e+01 1.036848925231018015e+01
3.346333833892452247e+01 9.649627451358949060e+00
3.347126687462761652e+01 1.065738973585346905e+01
3.347306885241937380e+01 1.086222000439302349e+01
3.348374036988636249e+01 9.400350302654478796e+00
3.348775703789711145e+01 1.022997266538800609e+01
3.349556820927656986e+01 9.495678242172594707e+00
3.350073321200225251e+01 9.662043621809914384e+00
3.350268544211753863e+01 1.028872161989828626e+01
3.350474884409216969e+01 9.446710406236908497e+00
3.351060422062764843e+01 1.018480078164200364e+01
3.352074712752074959e+01 9.857964080093308823e+00
3.353195624403998920e+01 9.789076891575220429e+00
3.353512390215856698e+01 9.758505397357982503e+00
3.354060920466690732e+01 9.767577794924216406e+00
3.355116186029876246e+01 1.039443930998653087e+01
3.355853913061824301e+01 1.079529145714106164e+01
3.355926338863053360e+01 9.743739520084769623e+00
3.357169304812722288e+01 1.027781592334255834e+01
3.357280600948850235e+01 9.597015337591203732e+00
3.357597733461263090e+01 9.315356687697335047e+00
3.357961968248594786e+01 9.754388005835705755e+00
3.358403414069531578e+01 9.586973487952256789e+00
3.358895677401824287e+01 1.022796741281782928e+01
3.359297239771392896e+01 1.021351311741888424e+01
3.360375820258839497e+01 9.835684826068584741e+00
3.360381838425986700e+01 9.930357979929624435e+00
3.361173060536881962e+01 9.308096984202679280e+00
3.361344525055926624e+01 1.041511867557424864e+01
3.361580981590695671e+01 1.049191157222699822e+01
3.361791843373638500e+01 1.076623416681588807e+01
3.361833034369335138e+01 9.444050912268057374e+00
3.361959967032008478e+01 1.070916525502766525e+01
3.361988524542906021e+01 1.026477253356405406e+01
3.362076098827634496e+01 1.003301522959839254e+01
3.363525412849017471e+01 9.977098149729606291e+00
3.363852903898956725e+01 1.075597763441653143e+01
3.363872875491129832e+01 9.271836990983935323e+00
3.363915695140097029e+01 9.296966009105506856e+00
3.363942983926648367e+01 1.039392946001750495e+01
3.365653347594172828e+01 1.016748303767658790e+01
3.366079612045580660e+01 1.022812069102182875e+01
3.366844835731943419e+01 1.054852626844390961e+01
3.367630238201640935e+01 1.035315243420367715e+01
3.367673545916961331e+01 1.041471631667484665e+01
3.367959575273239636e+01 9.740402054718687808e+00
3.368599548078825023e+01 1.031562150480726459e+01
3.369360631318483712e+01 9.363354204364155109e+00
3.370142844047482811e+01 9.887138977517436089e+00
3.371436768755785351e+01 9.711782538241523710e+00
3.372153243971479952e+01 1.014033414112145337e+01
3.372305603435360410e+01 1.040936982372463859e+01
3.372479871062230217e+01 1.009780231023960262e+01
3.373378146257920918e+01 9.715103085534467553e+00
3.373378929305977891e+01 1.047900564945070023e+01
3.373696093248746308e+01 9.858402322726650624e+00
3.374409185628105234e+01 1.040543593498976449e+01
3.374493579112381525e+01 9.888619903252454435e+00
3.375325279491529074e+01 1.033877978914686047e+01
3.375826389180515008e+01 9.889299423880141049e+00
3.375945599097818217e+01 9.986120892325843101e+00
3.376809214052192232e+01 1.045034179983361255e+01
3.376839015590483228e+01 1.004589948757779894e+01
3.376933662328598729e+01 1.022062000522905478e+01
3.377055146876573843e+01 1.038021459443099204e+01
3.378239293368548601e+01 1.008602926171342062e+01
3.380842020116745061e+01 9.485137452032809335e+00
3.381268026344101685e+01 9.544608531992336609e+00
3.385321113011198690e+01 1.016788957652502212e+01
3.386297144637820367e+01 9.705701288097239754e+00
3.386360762495019827e+01 9.564155111912539198e+00
3.386673934740503711e+01 9.886140279196567349e+00
3.388753919099151801e+01 9.917073555219502623e+00
3.391285719988339764e+01 9.603732360887482500e+00
3.394789307170473336e+01 1.017903853560624583e+01
3.397397322220543714e+01 1.002128019740406550e+01
3.397702688712874419e+01 9.830520470226778329e+00
3.397703496346618834e+01 9.840220753909150631e+00


3.602619910466698627e+01 1.007741675271219250e+01
3.606659415666531743e+01 9.820935248231510428e+00
3.607544919126672056e+01 1.020190178377233003e+01
3.608923521289655412e+01 1.034545281786057735e+01
3.609324054627050771e+01 1.006102563946889994e+01
3.610877812815409271e+01 9.608209752172065521e+00
3.611589638523839341e+01 9.768104766487105906e+00
3.614140784874830814e+01 1.012854702508144555e+01
3.614897445811780585e+01 9.523581645429231912e+00
3.615215611300873633e+01 1.011209371675882096e+01
3.615250753632290781e+01 1.039386082572827696e+01
3.615492485991627802e+01 9.813835075576896827e+00
3.615889662263442261e+01 1.015874500343003284e+01
3.617666094322787274e+01 1.023781811100993266e+01
3.620470599835608994e+01 1.026452189711271323e+01
3.621082607283990029e+01 9.635019016753917143e+00
3.622835407536717156e+01 1.044366510130163661e+01
3.622880862867071272e+01 1.042117030116671472e+01
3.623722179064337467e+01 1.015821382163738384e+01
3.624030524860306457e+01 1.015992937539866681e+01
3.625076562437936190e+01 1.018227300347346720e+01
3.625499282221805686e+01 1.063611763624415474e+01
3.626652269004996043e+01 9.382000685176727472e+00
3.626978924877950305e+01 1.006772029775407873e+01
3.628572304925849323e+01 9.502683549164546051e+00
3.629099335873633692e+01 1.040959332488464639e+01
3.629275847726571413e+01 1.064237507874517696e+01
3.629750906465203286e+01 9.976893500002566029e+00
3.629786660719575764e+01 1.045085845586272377e+01
3.629940164622988874e+01 1.038267821991216877e+01
3.631378913667300168e+01 9.452008263690583334e+00
3.631423847592071041e+01 9.911005372665789181e+00
3.634296500544298425e+01 9.304550419891256752e+00
3.635219441409699925e+01 9.563291559407806730e+00
3.637136495588731577e+01 1.015221660622276900e+01
3.638447780590968961e+01 9.424398870991778310e+00
3.638852320438891041e+01 1.052005433683055635e+01
3.639380045461808777e+01 1.032656905144754589e+01
3.640453878888910566e+01 1.012977840247874006e+01
3.641056549878765480e+01 9.198459920833627734e+00
3.641100895809576343e+01 1.018961134057625806e+01
3.641331128147749752e+01 1.033982209477914971e+01
3.641730425105746605e+01 1.011650145847108284e+01
3.642148326310239526e+01 9.466443053338174707e+00
3.642459469854098586e+01 1.046459984131614362e+01
3.642718362216847083e+01 1.033713207541714496e+01
3.642745205349917370e+01 1.056057600695509002e+01
3.643103389844623763e+01 1.045414207903201920e+01
3.644426371563323386e+01 9.339864324889269653e+00
3.644470281837288184e+01 1.010376786885172784e+01
3.644990161550596497e+01 1.007206487836886666e+01
3.645364594387202573e+01 9.212584093651061679e+00
3.645547104898368929e+01 1.043391554738450466e+01
3.645903341419459309e+01 9.329992991759990417e+00
3.646098042039995590e+01 9.445383684488792397e+00
3.646275470559358922e+01 9.735964422353619696e+00
3.647645984989548396e+01 9.818809702754187185e+00
3.647964972831547925e+01 1.031870409354083051e+01
3.648500322787865002e+01 9.252571154967201394e+00
3.648659026162241759e+01 1.031224124593569513e+01
3.649033545230466302e+01 1.069781019535982303e+01
3.649100312021018055e+01 1.014521851830207133e+01
3.649317667861237879e+01 9.796552131494500770e+00
3.649512225645358399e+01 1.018354361947455367e+01
3.649880603299090609e+01 1.048106197849971544e+01
3.649906644304760306e+01 1.086542739030203819e+01
3.650276322649811789e+01 1.005129805164620116e+01
3.650297906579092455e+01 9.267078509787218366e+00
3.651093176940685225e+01 1.064444082754022425e+01
3.651210057282249721e+01 9.918450908908944541e+00
3.652454797752916704e+01 1.068169249309069002e+01
3.652903880200011599e+01 1.029262850206107949e+01
3.653011168933498709e+01 9.857799038913414691e+00
3.653959977643056334e+01 9.135265795312641046e+00
3.654745543283205222e+01 1.017271547547024824e+01
3.658317356435316015e+01 9.443934653157425529e+00
3.659432643479176761e+01 1.078422779081348004e+01
3.659757467465367853e+01 9.943913397306042512e+00
3.660094014009722230e+01 1.008416442648543843e+01
3.660434916388424398e+01 1.086776849677194434e+01
3.661291210336206348e+01 9.225134372656272674e+00
3.661931513278463513e+01 1.068712579983339594e+01
3.662451912748990424e+01 1.050195917434384363e+01
3.662551445591429911e+01 9.288100591535677353e+00
3.662790659884107214e+01 9.347418627193590623e+00
3.663338884678607599e+01 1.064747951350684119e+01
3.664504513051367240e+01 9.729256782861687824e+00
3.664717998761737050e+01 1.018249376680164353e+01
3.665221088646261194e+01 1.034716758466580622e+01
3.665606268364173559e+01 9.733493879238372060e+00
3.666396590284611534e+01 9.833524013135745534e+00
3.666505450879581218e+01 1.071959276071039469e+01
3.666512646690947719e+01 1.015963262858028138e+01
3.666539217295865427e+01 9.773497337210674374e+00
3.666631493233771266e+01 9.197826499347216966e+00
3.667530891193970177e+01 9.472765214256789079e+00
3.667745114603835077e+01 1.024030250941744669e+01
3.669089610719296246e+01 1.029992206566716817e+01
3.669350655817519424e+01 9.711858952172230275e+00
3.669598043222600836e+01 9.479855969094048262e+00
3.669955193010480343e+01 9.436938887010885679e+00
3.670278709516170323e+01 9.950848847423250376e+00
3.670772601976989336e+01 9.932784893981549956e+00
3.670774624132182851e+01 9.864896747494006135e+00
3.670875852292884645e+01 1.028428961059608149e+01
3.671626367743009922e+01 1.009688140672875534e+01
3.672093539495163128e+01 1.075893030360250258e+01
3.672124167713250387e+01 1.025147669836746545e+01
3.672168569776269464e+01 1.054052939615282014e+01
3.672569883238499244e+01 1.084146677387324509e+01
3.672760463719320967e+01 9.561209932044540949e+00
3.672956015100405125e+01 1.069828087890131130e+01
3.672982532852022075e+01 1.024478087002163207e+01
3.673734011286534695e+01 1.069700001520165600e+01
3.674181554308351139e+01 1.055624193706303870e+01
3.674618927019410108e+01 1.076808638113909744e+01
3.674689447701981493e+01 9.506829272639391704e+00
3.674913955201062521e+01 1.066806849227490872e+01
3.675525859843303067e+01 9.909165535173370287e+00
3.676257160384155753e+01 9.869125540493097759e+00
3.676537274746719675e+01 1.006952253463930980e+01
3.676771493731973806e+01 1.000410790714155596e+01
3.677100637491381008e+01 1.008146750199202657e+01
3.678308698226906159e+01 1.066630912742408022e+01
3.678811943001397822e+01 9.360560550169415350e+00
3.679252760401672617e+01 9.443409083690580630e+00
3.680281692892891954e+01 9.437257043573513471e+00
3.680428926464031747e+01 9.931504939303190227e+00
3.680487944053074756e+01 9.430809244199398478e+00
3.680604232222260208e+01 1.032583717677384882e+01
3.680876886898445122e+01 1.031196482333740505e+01
3.680906721310875440e+01 1.016844460491926050e+01
3.680934399099314902e+01 1.027597100109589867e+01
3.681619544023223511e+01 1.010584517857970788e+01
3.682051880634973884e+01 1.025085082001170989e+01
3.682403155325224020e+01 1.022698914019231786e+01
3.683060127564098707e+01 1.013200804957641310e+01
3.683218448797356359e+01 1.009127093934283970e+01
3.684637484322109202e+01 1.019294274536140499e+01
3.685725802234021842e+01 1.028264742018785505e+01
3.685971942265454260e+01 9.716227195033686925e+00
3.686226277625090830e+01 9.715352224447324048e+00
3.686345013343371591e+01 1.042286537271954039e+01
3.686481837385368010e+01 9.998114168682661784e+00
3.686643881869275674e+01 9.426496943088386260e+00
3.686644683259888211e+01 1.025952741367598620e+01
3.687079293809063074e+01 9.998912763461948572e+00
3.687185362892411433e+01 1.008547598262271272e+01
3.687217063741955059e+01 1.048837628243190245e+01
3.687265220534258958e+01 1.053467154751931467e+01








1.804095327308926855e+00 1.438274536327343789e+01
1.811872952328126063e+00 1.431344190819486961e+01
1.812080053689717696e+00 1.507398725065507072e+01
1.813988065556576768e+00 1.525101367297397204e+01
1.814623016481500040e+00 1.455805886598993304e+01
1.815315882977748707e+00 1.586412490212085658e+01
1.817594650925022481e+00 1.553524505083398033e+01
1.839716892224940281e+00 1.402016498013382417e+01
1.842607252866453216e+00 1.473878024755857297e+01
1.843585794961204893e+00 1.567280026200763565e+01
1.847923671462681883e+00 1.512885121820191259e+01
1.855095696946227557e+00 1.584070120523751157e+01
1.856635519764310294e+00 1.519550533813091420e+01
1.857356851611495330e+00 1.593863698630390502e+01
1.859238745133858561e+00 1.474851981684096991e+01
1.860848793870328199e+00 1.561359063536670533e+01
1.864696649651361060e+00 1.469113181851531102e+01
1.868698828770070985e+00 1.589309129794748543e+01
1.872555523381163711e+00 1.424543598316681070e+01
1.874607468593645132e+00 1.402078381283292607e+01
1.875761051688304981e+00 1.562735980054781848e+01
1.879927444426980232e+00 1.486358333929661235e+01
1.880267713674537156e+00 1.563508031153475741e+01
1.882632911104640705e+00 1.447618646471742032e+01
1.884271988101269057e+00 1.571443071687862059e+01
1.889845951327470130e+00 1.591108396970273020e+01
1.892140392700923046e+00 1.504895398013783314e+01
1.897095207739786904e+00 1.476168383174663035e+01
1.897789824348686150e+00 1.542940473012254365e+01
1.898282216790114774e+00 1.510257197459651834e+01
1.911685438802431358e+00 1.558309849010967341e+01
1.916180710221643491e+00 1.466612160067289317e+01
1.916546062711443454e+00 1.540540142666668544e+01
1.919695527258933332e+00 1.443926123553387697e+01
1.924912031130495027e+00 1.458094577250193957e+01
1.925219200421921073e+00 1.457572001156669472e+01
1.926680415411144542e+00 1.411958539292408688e+01
1.930664745532975290e+00 1.575528478988095671e+01
1.934920264261198675e+00 1.500480968684523297e+01
1.937337234903369065e+00 1.430553274624681848e+01
1.939728413589019373e+00 1.570771815003952909e+01
1.959171522975108326e+00 1.452261149550925090e+01
1.960205847277507685e+00 1.482741395761458136e+01
1.961096632298523046e+00 1.419203363520733063e+01
1.963287023273760035e+00 1.539046582100294280e+01
1.966336868238301339e+00 1.580750386650690231e+01
1.975538905746205609e+00 1.456641434359254639e+01
1.977328081565743467e+00 1.565717504755429701e+01
1.991333839255968741e+00 1.539485918318001190e+01
1.992804165749848533e+00 1.489963161554790183e+01
1.995004618555247689e+00 1.464797244335509774e+01
1.996357213846934098e+00 1.481387322023415010e+01
1.996755502231938761e+00 1.599659105572079376e+01
2.001516101043682827e+00 1.525578093124511270e+01
2.005566824733719944e+00 1.559819644004366701e+01
2.006148489243384070e+00 1.575869838305654014e+01
2.009758945426535881e+00 1.427021843201776541e+01
2.016070166557588639e+00 1.593628125973361698e+01
2.017490431784537908e+00 1.404874872340630887e+01
2.021480687433907963e+00 1.521818192521915769e+01
2.022565761264966344e+00 1.561334014352414634e+01
2.024632527501780466e+00 1.413428113978705092e+01
2.025109162597301005e+00 1.483835216129046408e+01
2.025652577225030004e+00 1.403562627903743376e+01
2.029060146000267295e+00 1.505446048804292047e+01
2.031769889101914917e+00 1.587967762976820296e+01
2.035251515960206703e+00 1.420014207578321752e+01
2.035568087771149060e+00 1.426659724723515410e+01
2.036225622188892803e+00 1.553060212851683275e+01
2.042696638151914712e+00 1.561001392204265592e+01
2.052838497027192677e+00 1.576497679962959708e+01
2.053840535461379790e+00 1.408227069666708076e+01
2.055283792354404948e+00 1.411240249087134302e+01
2.056429617076992677e+00 1.541540433763005957e+01
2.058159355696831838e+00 1.583006034815356422e+01
2.060618108908156554e+00 1.565899615078631335e+01
2.061631318435546145e+00 1.436765546779825442e+01
2.063621703123165396e+00 1.429420756784597302e+01
2.063903622613720845e+00 1.502312897190082452e+01
2.075122482079658770e+00 1.503460783459877348e+01
2.075126661841452780e+00 1.405139736708871467e+01
2.078735831337608086e+00 1.438054199112850284e+01
2.082316947797660411e+00 1.486355321275781272e+01
2.094764364231557430e+00 1.594114272273896304e+01
2.099036189626562354e+00 1.544565969954768470e+01
2.102998567623675097e+00 1.414269935133525991e+01
2.103251515396383997e+00 1.439141701734138046e+01
2.104148147647125544e+00 1.460291129470209093e+01
2.104868392423094647e+00 1.541729979468034628e+01
2.109897536797552320e+00 1.433069086708525930e+01
2.113272474377429599e+00 1.448830876872598594e+01
2.116387814192831840e+00 1.485900249837975551e+01
2.119523962967981845e+00 1.478598147785725736e+01
2.121065234164791757e+00 1.568568334493216554e+01
2.124863559321911843e+00 1.586347837301298291e+01
2.127924183555804927e+00 1.508565918240601178e+01
2.135244662863689857e+00 1.450239911896515821e+01
2.135327974851474853e+00 1.537378278174321977e+01
2.136220658871674782e+00 1.517232214932632139e+01
2.136881932510274140e+00 1.532976865768310581e+01
2.136957491724327252e+00 1.530358748202418084e+01
2.143844123041589889e+00 1.497840315022777524e+01
2.146831388169228472e+00 1.499431555257324611e+01
2.157937313209335350e+00 1.562177899414728621e+01
2.159987829812320292e+00 1.447150499399290702e+01
2.168186965459057536e+00 1.498609177348429000e+01
2.172288922904034081e+00 1.497359558530800605e+01
2.188278444688160462e+00 1.422788572212935243e+01
2.202631415249604263e+00 1.451210053562670055e+01
2.206559737723895243e+00 1.555657626638088864e+01
2.207127901349672516e+00 1.578580729408869843e+01
2.220011312333735276e+00 1.455284997153005655e+01
2.225444230596498763e+00 1.457637810161411807e+01
2.228951671546771429e+00 1.458839705454064806e+01
2.229484177999289329e+00 1.411093575090022689e+01
2.231880537264030906e+00 1.535521079670703415e+01
2.241530538882788193e+00 1.496804493155075200e+01
2.243683988165335208e+00 1.454647810607332481e+01
2.245418304839654322e+00 1.518416679159296834e+01
2.247833757329447124e+00 1.457307438772909691e+01
2.255740109678689098e+00 1.483596630546152007e+01
2.262894398886304170e+00 1.502263285134592330e+01
2.264379601626782090e+00 1.578389486606552161e+01
2.265918061283010321e+00 1.450794834489255258e+01
2.267125192275845080e+00 1.448523887220801676e+01
2.273955070368540277e+00 1.546233506847365646e+01
2.279630133741711973e+00 1.484480719244071700e+01
2.284666331444945797e+00 1.544795626758426721e+01
2.287440309519092274e+00 1.431894189604360079e+01
2.287548324005656664e+00 1.461807768218914205e+01
2.290330703355683895e+00 1.549850133460935098e+01
2.291942419427550615e+00 1.469471793796514270e+01
2.294780323046871295e+00 1.525780406753682250e+01
2.296335796926061601e+00 1.491862779639257042e+01
2.307256733382920366e+00 1.556281062398611859e+01
2.310048518322223021e+00 1.530248164737201932e+01
2.311987890487813502e+00 1.594535100035783870e+01
2.315936203730373233e+00 1.479126574972596231e+01
2.317227714261732352e+00 1.546207756322455396e+01
2.318425729600259277e+00 1.556466315523626776e+01
2.324942342234197934e+00 1.581152848559438340e+01
2.327233233394227607e+00 1.533416227529151854e+01
2.328861495864988473e+00 1.526078726020718968e+01
2.342789678144404419e+00 1.421530998755499908e+01
2.344334744863679543e+00 1.458150452294602140e+01
2.348428501008155145e+00 1.429672210568433144e+01
2.356329464321669231e+00 1.411269672856103519e+01
2.359392183983555213e+00 1.488029597588194797e+01
2.370103224709513956e+00 1.468886080175971998e+01
2.379462548904704988e+00 1.552520689718713065e+01




7.012928196215810317e+00 1.406520403152253529e+01
7.085774002808625127e+00 1.420679241926045400e+01
7.093391056178227849e+00 1.397795849892750297e+01
7.104827582154921828e+00 1.409088648674165256e+01
7.125936789028243901e+00 1.379496812401690775e+01
7.161238582052767754e+00 1.431579269797758158e+01
7.174253409769828949e+00 1.415791351302637580e+01
7.191168350615118499e+00 1.359324607954931885e+01
7.193957040958447458e+00 1.395387083478691359e+01
7.194215738735673327e+00 1.415838806037551123e+01
7.200334712710626306e+00 1.422172916835565282e+01
7.209395331180112443e+00 1.405920897331565733e+01
7.217024646988945413e+00 1.375452553396201338e+01
7.217600044865380760e+00 1.387007120588756592e+01
7.221642053083622947e+00 1.396238287137954082e+01
7.222661250206407146e+00 1.428389440200629501e+01
7.223159431500961070e+00 1.441065348878398034e+01
7.231953254869591952e+00 1.348753959453427775e+01
7.241174932433422917e+00 1.438398258037298127e+01
7.245329374609619677e+00 1.381135159137489765e+01
7.252991058153035020e+00 1.375534035544659872e+01
7.300507144252814662e+00 1.464512868796237477e+01
7.310916396266025075e+00 1.374214873437010453e+01
7.311886288712105220e+00 1.379601863523158123e+01
7.316096258783977291e+00 1.398847843802662183e+01
7.317500032389474107e+00 1.387283085883905009e+01
7.325275112944688694e+00 1.399472092881764240e+01
7.327421593922492704e+00 1.426640123216482081e+01
7.331858996676767326e+00 1.455314662153204353e+01
7.337502828424820933e+00 1.440923160309432305e+01
7.339465569017893820e+00 1.409179371757599242e+01
7.344146053562222498e+00 1.431917361654186394e+01
7.347994004992334460e+00 1.391992820227247485e+01
7.353547764460922842e+00 1.472886946618855397e+01
7.355781681840822372e+00 1.417355920265800329e+01
7.356021718919175889e+00 1.468681818725894495e+01
7.365935285267759092e+00 1.392668298069104793e+01
7.371621690982506969e+00 1.460158243998297856e+01
7.371825871621703996e+00 1.334947877856255971e+01
7.378822993421890075e+00 1.459009770294227515e+01
7.390476157471485230e+00 1.456151889003863964e+01
7.398852438210997917e+00 1.445021083757138847e+01
7.403933384389159933e+00 1.332853311218359593e+01
7.404298528782014444e+00 1.378814133648243967e+01
7.404766785281892361e+00 1.407076884004820450e+01
7.405245214985779256e+00 1.338756535548972870e+01
7.405624176779250334e+00 1.351566167484626568e+01
7.406105480398379015e+00 1.459495134531254301e+01
7.408819184311784767e+00 1.343829096676018153e+01
7.416055361595726758e+00 1.363807213226407100e+01
7.424626065706334543e+00 1.427218073846379376e+01
7.432408046263017098e+00 1.399564872726906728e+01
7.432546297612676156e+00 1.379528921460014423e+01
7.433082401269566653e+00 1.401623675950342296e+01
7.449549658696538401e+00 1.356933830725113488e+01
7.452302637857407319e+00 1.405749213338182280e+01
7.462057527843085403e+00 1.425599281953375197e+01
7.462694216887167720e+00 1.391259205102901930e+01
7.463414987345928786e+00 1.425068847566863539e+01
7.469905580907878928e+00 1.468490590523831330e+01
7.482000974705930396e+00 1.372754695800955993e+01
7.499480133320938435e+00 1.332280907639087353e+01
7.503203262186373124e+00 1.388918807230304076e+01
7.506528640173796063e+00 1.373654593552072356e+01
7.513069940639787170e+00 1.414501166485412043e+01
7.514334001175863698e+00 1.481756404158256402e+01
7.519556795783529424e+00 1.442416416102642351e+01
7.520404074042251530e+00 1.319303529194248625e+01
7.524679026707884688e+00 1.370190828997405319e+01
7.525422422534938427e+00 1.484989790469039406e+01
7.525454613450477837e+00 1.431211417327419788e+01
7.525750050904532529e+00 1.413499524642595340e+01
7.539588222242578297e+00 1.415528369248750806e+01
7.549432478853755235e+00 1.415351643817484018e+01
7.551089812559033554e+00 1.465693437180716963e+01
7.552811934474112476e+00 1.422510111137890121e+01
7.556704000136774013e+00 1.382308630004688865e+01
7.561160094544399080e+00 1.353588976563553992e+01
7.562024615053408283e+00 1.357328556429949096e+01
7.562211653996782523e+00 1.403709283633811644e+01
7.572912082924812438e+00 1.456426614613790349e+01
7.574067018037770715e+00 1.426284117080848013e+01
7.601550579687403442e+00 1.337547837307324095e+01
7.607184268006173866e+00 1.371569972055169906e+01
7.610118609100875453e+00 1.443874747029912342e+01
7.618078780424357710e+00 1.402437607918047568e+01
7.644515586662063988e+00 1.429481700945751399e+01
7.658777032523206074e+00 1.334908819631318622e+01
7.659926881902597628e+00 1.332853930334248460e+01
7.665897320955957994e+00 1.345920733586673990e+01
7.668568999112586937e+00 1.482213353242540244e+01
7.684363186570576154e+00 1.463387062957788842e+01
7.685004766500112439e+00 1.431296280834716583e+01
7.688858167544490030e+00 1.384993625670612083e+01
7.689803224653174674e+00 1.435105866157849519e+01
7.695133364134446374e+00 1.382868636599872758e+01
7.695322570906840021e+00 1.469994431717144323e+01
7.699045234599585008e+00 1.305064858168406516e+01
7.701660167627033537e+00 1.379440313182519517e+01
7.704757425414763716e+00 1.442646571137451517e+01
7.708997531950140036e+00 1.463953292787504701e+01
7.713103059826058150e+00 1.361078485667057336e+01
7.721956634565941613e+00 1.419105662393201150e+01
7.734815922934900279e+00 1.372059008542653835e+01
7.739757115190552206e+00 1.445622941004038964e+01
7.742648999082753392e+00 1.425854730849200003e+01
7.746080579870301186e+00 1.417092962096472952e+01
7.749040825142444078e+00 1.444127040385547467e+01
7.753681369175659199e+00 1.437062587863644225e+01
7.755698097317488937e+00 1.360138189236021233e+01
7.758212055693854303e+00 1.356856060519559470e+01
7.760660896577754819e+00 1.495889090446926772e+01
7.761497993669978612e+00 1.472412107845561913e+01
7.763926191328854642e+00 1.348425725371308914e+01
7.771852712937419305e+00 1.444640971533693907e+01
7.774912672523378809e+00 1.354367200959895889e+01
7.778501291002068996e+00 1.446460066475587958e+01
7.778564295768464198e+00 1.473378370392786607e+01
7.778704634930498685e+00 1.487883451909299737e+01
7.782190402382889616e+00 1.453683627733784967e+01
7.784840847258151619e+00 1.347254900018376134e+01
7.786625070608254262e+00 1.316507838914646022e+01
7.787623358265396867e+00 1.411535203039425745e+01
7.791834734919702576e+00 1.328336925967719395e+01
7.792142077472099970e+00 1.353322586102329161e+01
7.797321352149409357e+00 1.324190812299881870e+01
7.798163954685914945e+00 1.491470646586361681e+01
7.799446072423528165e+00 1.431536601993951230e+01
7.804931153766227148e+00 1.376283717781570637e+01
7.811606347020635610e+00 1.424423234462664567e+01
7.816985536336464868e+00 1.420088014603226867e+01
7.819146545024111994e+00 1.441286714220172982e+01
7.819785096951923364e+00 1.373554819240565372e+01
7.823919870580526847e+00 1.487336497679607916e+01
7.825170854661021025e+00 1.420822887597308792e+01
7.827723868406148533e+00 1.350959615562729077e+01
7.828135496346401823e+00 1.434739090883599566e+01
7.828325275743473810e+00 1.334439458696858338e+01
7.830990571131830613e+00 1.395903109826973676e+01
7.833583812263604784e+00 1.302369165674931750e+01
7.843309026556784858e+00 1.497349924591952508e+01
7.845892106529753995e+00 1.439409325219201996e+01
7.848789506462042098e+00 1.463498126087092110e+01
7.849105604144408943e+00 1.404568256734202336e+01
7.849582437065165230e+00 1.432754985179155938e+01
7.857467201301338910e+00 1.373400140814993264e+01
7.860591622991385918e+00 1.407166273465263373e+01
7.861705013765318384e+00 1.476275509551919463e+01
7.862899366394711542e+00 1.390176137149741642e+01
7.864252606929596823e+00 1.334206391644832834e+01


7.871323036569271459e+00 1.346776637885147743e+01
7.874279693837136662e+00 1.482109758226649809e+01
7.875483590499587017e+00 1.420785662051126685e+01
7.879160935703445112e+00 1.461796773099824165e+01
7.888922158438989030e+00 1.483710766451400964e+01
7.889525473948745926e+00 1.386812332012518745e+01
7.896492114939452023e+00 1.463273854024452625e+01
7.902088841706085276e+00 1.323211254445999607e+01
7.909030266017008870e+00 1.383597684520885629e+01
7.915579396314599059e+00 1.388132234044262070e+01
7.915885039092837694e+00 1.375834766078877358e+01
7.916828634176926727e+00 1.330917625196741660e+01
7.926193522816240566e+00 1.311423830187051465e+01
7.930292971853134532e+00 1.474592871723928234e+01
7.938534698029370062e+00 1.386632719170742156e+01
7.940228640722616582e+00 1.394444013855266995e+01
7.940452093524116073e+00 1.364732231041803523e+01
7.946192224900213041e+00 1.317320028363551643e+01
7.953589839537029249e+00 1.498052983805795790e+01
7.955014100932915611e+00 1.481669797450876480e+01
7.963786256754444182e+00 1.344358978105233682e+01
7.964767353540314510e+00 1.403720241466072594e+01
7.965903172124037646e+00 1.385049996116295468e+01
7.969170766032528164e+00 1.417232318559372040e+01
7.969466099938145476e+00 1.399691148954015496e+01
7.971383666618197417e+00 1.381043098156218996e+01
7.975668777722301428e+00 1.499768146750085762e+01
7.992073564155327325e+00 1.379149809282315964e+01
7.999687400789407654e+00 1.406412579049404066e+01
8.002358146755989665e+00 1.353531589021792669e+01
8.003327222513359374e+00 1.465009983510677927e+01
8.014402816522263606e+00 1.472721603803188728e+01
8.017666130408088065e+00 1.497046926207556439e+01
8.020464606548873832e+00 1.335751751464177417e+01
8.022661006117465021e+00 1.343364397036285673e+01
8.025505984188423980e+00 1.340669797018739118e+01
8.035552458993672431e+00 1.308118253493099381e+01
8.040066049594337017e+00 1.304677981060799752e+01
8.041022264565018673e+00 1.465048661621335313e+01
8.046118950441126572e+00 1.375825634583778800e+01
8.046389086967302262e+00 1.385833325694992268e+01
8.050965991345536921e+00 1.435515025709783998e+01
8.051567477606843326e+00 1.443925420464904086e+01
8.054262234617487692e+00 1.367684616447990997e+01
8.055147778010811166e+00 1.466178692106543835e+01
8.055881651375871755e+00 1.344216371964774481e+01
8.057511564982098307e+00 1.387028261325071377e+01
8.058430939056082210e+00 1.304779852300334575e+01
8.058494855294455306e+00 1.405802218209637644e+01
8.060713632731465239e+00 1.376158146700955243e+01
8.066043715930462099e+00 1.405697419293481154e+01
8.067273851292176445e+00 1.315883493198160181e+01
8.069910397739128882e+00 1.396713046365627697e+01
8.070654470654551105e+00 1.318419471038886925e+01
8.071868039827093000e+00 1.386803940366110943e+01
8.076717766526162023e+00 1.326294156230910026e+01
8.089621148167731590e+00 1.397420324941138681e+01
8.105774826393341570e+00 1.391837382683852375e+01
8.111625906896673399e+00 1.353368383938544817e+01
8.116237064638475829e+00 1.472068086952561927e+01
8.117706010006175532e+00 1.309876489110471276e+01
8.117880107205619922e+00 1.430523050147896491e+01
8.118396654894835862e+00 1.398174414063723781e+01
8.118791743615380696e+00 1.328852894803868701e+01
8.127284109425843894e+00 1.315206986353583574e+01
8.136475895538895386e+00 1.374004206544883822e+01
8.144760507915350445e+00 1.425479524830933542e+01
8.144899779564548581e+00 1.424929080265969716e+01
8.146340083501552698e+00 1.443194616125556884e+01
8.148429337955754193e+00 1.411630958796705393e+01
8.150748101765737275e+00 1.303089516269448644e+01
