

4.018567658621504890e+00 1.699152296162591469e+01
4.024143113039291286e+00 1.683256343085378504e+01
4.034156796187729377e+00 1.679326166872697712e+01
4.043614966398010324e+00 1.683619861582599242e+01
4.045120712254010265e+00 1.728863877441222741e+01
4.065768695199956539e+00 1.715620629943191489e+01
4.073036223498282205e+00 1.667270133637578056e+01
4.077252895618948436e+00 1.677867070583871012e+01
4.083178690205056860e+00 1.723362268590405222e+01
4.083238448897358985e+00 1.668121949605413690e+01
4.085100779958887429e+00 1.721410079124317960e+01
4.092906129217038114e+00 1.687083073204300376e+01
4.096217366047448571e+00 1.672435792461628168e+01
4.114457824603395153e+00 1.662539268610087007e+01
4.117885604678380496e+00 1.729892841820476335e+01
4.120042845809111398e+00 1.724603489589355831e+01
4.129418185952104636e+00 1.720499643134378331e+01
4.131615383896445337e+00 1.650740222248358791e+01
4.134133335769202056e+00 1.718454784622463904e+01
4.148551581543467925e+00 1.735476765543094047e+01
4.183492547100226666e+00 1.752633279622157048e+01
4.195043560020901730e+00 1.684253312531450320e+01
4.203782151072688933e+00 1.703120353659015862e+01
4.205266792053723002e+00 1.724558362437928949e+01
4.206113313959420452e+00 1.727493841978454014e+01
4.211226896820953414e+00 1.737185342267922294e+01
4.224852912367770941e+00 1.747818736515207760e+01
4.234280642984913356e+00 1.727753508868573107e+01
4.256563353606313882e+00 1.642535026725530756e+01
4.301997982723314351e+00 1.663306408793545188e+01
4.341332330416284080e+00 1.731856307441351461e+01
4.344032546804021955e+00 1.688430430432871532e+01
4.344523283897695265e+00 1.760346430890833602e+01
4.345854166315584521e+00 1.693617137107600712e+01
4.349794485273319467e+00 1.669448376502283438e+01
4.360740563482227827e+00 1.671317035692175779e+01
4.373685039185219559e+00 1.710024802972462155e+01
4.380877761780350710e+00 1.679792586000395360e+01
4.382752032104835216e+00 1.712384195548230181e+01
4.385738101908359887e+00 1.730610305700092155e+01
4.387940828468629206e+00 1.726706849512976660e+01
4.387966267123049491e+00 1.646140424853648199e+01
4.388996074029711814e+00 1.681452769590934793e+01
4.391369543239026285e+00 1.705035217744307730e+01
4.395359722283459725e+00 1.736727819259208161e+01
4.404005570563896299e+00 1.766976379253704366e+01
4.412515593274888737e+00 1.735374891331080249e+01
4.412947289233823511e+00 1.627704817737339482e+01
4.413243419084675878e+00 1.725498994059795166e+01
4.430296482017048731e+00 1.745829284834969997e+01
4.432290512895245449e+00 1.640676489692279461e+01
4.435526100306111275e+00 1.743370772327759610e+01
4.435954742800270800e+00 1.761416677249470553e+01
4.442854209538498189e+00 1.669893492296979076e+01
4.458823476268588770e+00 1.648228917152193773e+01
4.464959695562708220e+00 1.671010702755163990e+01
4.474000041432416808e+00 1.705224760729358380e+01
4.482751586514605258e+00 1.654602102614944670e+01
4.484935763953465937e+00 1.746661534433318863e+01
4.490911197054143322e+00 1.684381263484782920e+01
4.491880600888117137e+00 1.670565581359678831e+01
4.500701005129054799e+00 1.671041476583240737e+01
4.501194379081855601e+00 1.666300287683379366e+01
4.502219773545374615e+00 1.640100205872255046e+01
4.508002924595121641e+00 1.776100791106424737e+01
4.509956455679002829e+00 1.715697808663766111e+01
4.518102187331892949e+00 1.696483587666995518e+01
4.520040085088793624e+00 1.641246419379216448e+01
4.526554477444042490e+00 1.719919389607094473e+01
4.527585952618898624e+00 1.712984677076413931e+01
4.527897496716980719e+00 1.671807001258704162e+01
4.548212265209703453e+00 1.634628979803714799e+01
4.553330869579526485e+00 1.667975969852485107e+01
4.556469912947463285e+00 1.729396032736529065e+01
4.557778515815040343e+00 1.665402230853124976e+01
4.558918947057237325e+00 1.686989531250561214e+01
4.563085813576501337e+00 1.732485466387446849e+01
4.571569511276837083e+00 1.693828046554858346e+01
4.574680435439191228e+00 1.703344287905007448e+01
4.578356071857409226e+00 1.640259733546775323e+01
4.579385849383901252e+00 1.741458195919533836e+01
4.581482777227244618e+00 1.611379126903469228e+01
4.586597052389719487e+00 1.682899947965283260e+01
4.592580875422012987e+00 1.744233146472035756e+01
4.593439957380898164e+00 1.757446170552143272e+01
4.601020672999113437e+00 1.624524323282917493e+01
4.605034532956067572e+00 1.673042545691028593e+01
4.613701344870771770e+00 1.687670573938488872e+01
4.613912535029884410e+00 1.777579213016768733e+01
4.622642261270249797e+00 1.648549402464062652e+01
4.624051655041153452e+00 1.778742393805505984e+01
4.632309612579974534e+00 1.730156707467623534e+01
4.633042319120938224e+00 1.638359344550568153e+01
4.633266694407099706e+00 1.711970250733045873e+01
4.634426022396421985e+00 1.667068658547713511e+01
4.635880061793414164e+00 1.668807107816906665e+01
4.636139254554072053e+00 1.708839343497817609e+01
4.636227335283979123e+00 1.752116357280153380e+01
4.638668736719160357e+00 1.755054825655686557e+01
4.657557928187921803e+00 1.772333702386415411e+01
4.666216081355759826e+00 1.688881807329860507e+01
4.667297799704702932e+00 1.747255111087146773e+01
4.672268039890777658e+00 1.740760897807894025e+01
4.672311305031692896e+00 1.701086053629649442e+01
4.683609454207791067e+00 1.685550185443920057e+01
4.686659014600849105e+00 1.792026027340645555e+01
4.694964208551619222e+00 1.640994951924585266e+01
4.703760117012435238e+00 1.730103325447101525e+01
4.709650344803119282e+00 1.701138106312124521e+01
4.714963039489645347e+00 1.624575650962363937e+01
4.719184715802261287e+00 1.638768769267263181e+01
4.721882737657360884e+00 1.688934905824209665e+01
4.722203728144503287e+00 1.634790493929136801e+01
4.733819696542303390e+00 1.630266643700205265e+01
4.736842151301980053e+00 1.621106571250502171e+01
4.738063976196413840e+00 1.661722902239519684e+01
4.746443824121493904e+00 1.608676700245515079e+01
4.746556502338123984e+00 1.682340702027275370e+01
4.746599508810826151e+00 1.726874879204421731e+01
4.747350370044417289e+00 1.734169212691948658e+01
4.750789009793840556e+00 1.668947633216797044e+01
4.754609150488321667e+00 1.750742032105404888e+01
4.756181947743134408e+00 1.647549153828430590e+01
4.759607138010763627e+00 1.691432788009031185e+01
4.764778407533253102e+00 1.691433384571771015e+01
4.768731249954471174e+00 1.729197878303223845e+01
4.769737777413439517e+00 1.726498605446203172e+01
4.770861852289113969e+00 1.702279703362761154e+01
4.776093607922988760e+00 1.691580376980341427e+01
4.777014982664650411e+00 1.718771492349848984e+01
4.782428417339589011e+00 1.733223542377764659e+01
4.783378508245919924e+00 1.662324973202907330e+01
4.783451783589655726e+00 1.653145188227837181e+01
4.785713696515270676e+00 1.701622334013937632e+01
4.790790704943578504e+00 1.727250124300888245e+01
4.792305327766358758e+00 1.793760006054092315e+01
4.794197381367045097e+00 1.710287783545225437e+01
4.796986872087175335e+00 1.609371823965742720e+01
4.798993301966247849e+00 1.674999954613588216e+01
4.803800159045148455e+00 1.793634633867252859e+01
4.806117152562565664e+00 1.708223456366963688e+01
4.808861555710734592e+00 1.757829421819514693e+01
4.813225691543608242e+00 1.657349846136207461e+01
4.819625634812917170e+00 1.775659925310929310e+01
4.825537157490597195e+00 1.761666836142006076e+01
4.826673636294993130e+00 1.788419666676287534e+01
4.836124352440040575e+00 1.719676004517751977e+01
4.838568444885313014e+00 1.757597947049167431e+01
4.842757514345833236e+00 1.623659404237269754e+01
4.849332458092930231e+00 1.745498583236466317e+01










1.238160364305328542e+01 1.623736619799978698e+01
1.238506568770800698e+01 1.627412652432397522e+01
1.239052373949441055e+01 1.680922773222634703e+01
1.240149376652230551e+01 1.753140550028210853e+01
1.240644027696473728e+01 1.768223019333333568e+01
1.240826024495400937e+01 1.748847800035458988e+01
1.240899459297395779e+01 1.703287480424182121e+01
1.241104541483690937e+01 1.647164148446490017e+01
1.241148854336480056e+01 1.666333264412896042e+01
1.241250427627820940e+01 1.628417791080536503e+01
1.241743477968039322e+01 1.661184478051882962e+01
1.243648834260491043e+01 1.732571169100036812e+01
1.243723585400146092e+01 1.762836701943374607e+01
1.244535302896194473e+01 1.786415597449071413e+01
1.245455363011064875e+01 1.694176798173927168e+01
1.245520027117794193e+01 1.632177667552931055e+01
1.246283022710418642e+01 1.749399459211273467e+01
1.246564222520030185e+01 1.760683310517924482e+01
1.247274508450982644e+01 1.669998838045740186e+01
1.247449481503173097e+01 1.729730281084392729e+01
1.247653393857771320e+01 1.715124175949556218e+01
1.247771727982429191e+01 1.729132713290269407e+01
1.248250713759489194e+01 1.624102284907180405e+01
1.248260398753146738e+01 1.748554524374016950e+01
1.248326247405290701e+01 1.705275869783846687e+01
1.248344848093147164e+01 1.744488350241793739e+01
1.248392906224035137e+01 1.627074353434012011e+01
1.248429264359163859e+01 1.752975454032789315e+01
1.250857220671498737e+01 1.645229721863701755e+01
1.251963214326782925e+01 1.678171289001193855e+01
1.252218752543073421e+01 1.740890786640515131e+01
1.252221293646323375e+01 1.638333708697447122e+01
1.253953229956008109e+01 1.617760878246676270e+01
1.253994659746108375e+01 1.673946838811464488e+01
1.254392433627935866e+01 1.639604521916228208e+01
1.255094997052469630e+01 1.778775401438813475e+01
1.255294642868936883e+01 1.670823482230670720e+01
1.255754920947066999e+01 1.709074910974245043e+01
1.255882468894475856e+01 1.675737002470345516e+01
1.256204679750203823e+01 1.722192631707631705e+01
1.256382298916174278e+01 1.644018886062748663e+01
1.256724736136716913e+01 1.756224262375280887e+01
1.256976686048441039e+01 1.628843808488904088e+01
1.257191978411867339e+01 1.753289792476198272e+01
1.258358700862504875e+01 1.659686907339603579e+01
1.258600404704454689e+01 1.676074091968482804e+01
1.258668941704616984e+01 1.672639392738434339e+01
1.259352962854426039e+01 1.722074160595436609e+01
1.259481150478750600e+01 1.774812483582141454e+01
1.259524401104727787e+01 1.778172481680347161e+01
1.260621041717747026e+01 1.752630423870386167e+01
1.262374222117611922e+01 1.678076338267823786e+01
1.263476592812961208e+01 1.752600555059609277e+01
1.263724672532133120e+01 1.727959377672857499e+01
1.264060807942424169e+01 1.731701134312356416e+01
1.264514650203793700e+01 1.699780454197660617e+01
1.266551908916813041e+01 1.763416925472883534e+01
1.267234895084316015e+01 1.734375171893816869e+01
1.267766046423288095e+01 1.758572430821143939e+01
1.268132071755655943e+01 1.751250872516009238e+01
1.268245476283281548e+01 1.731932698101716639e+01
1.269223184328571641e+01 1.628835330197711073e+01
1.270512816940696332e+01 1.655794243389798481e+01
1.270716743933568260e+01 1.660033274836026607e+01
1.271834630546810452e+01 1.657853284001267369e+01
1.272109091065948938e+01 1.716877609767130508e+01
1.272404988529966552e+01 1.721380725661338928e+01
1.272731644161664200e+01 1.670817422980215738e+01
1.273041043272945494e+01 1.695491657307674771e+01
1.273548890123366739e+01 1.704093861894457973e+01
1.273929692344786702e+01 1.712032942092727339e+01
1.274118880842447510e+01 1.696325456207480897e+01
1.274747398580224989e+01 1.744180480793393073e+01
1.275395190778465881e+01 1.709160740300150394e+01
1.276369479568679743e+01 1.710317372768804489e+01
1.276707603247066558e+01 1.725739664941639973e+01
1.278030042264681576e+01 1.637889200141178492e+01
1.278630788478928437e+01 1.727046342500408116e+01
1.282053387047327675e+01 1.727378815398975931e+01
1.283118311995086813e+01 1.733961450948472205e+01
1.283751871351064544e+01 1.658110507285082136e+01
1.283884799131651633e+01 1.661899598149277324e+01
1.285502627954218191e+01 1.728206629126679061e+01
1.287176958691758699e+01 1.737942641266608135e+01
1.287905006101787464e+01 1.701218543569285657e+01
1.288601734910828966e+01 1.683027517448072885e+01
1.288694054272954403e+01 1.719421134862411193e+01
1.290653320914013946e+01 1.666574752909971480e+01
1.290695864743213583e+01 1.719555216745856541e+01
1.292940076648318382e+01 1.709768893320692840e+01
1.295115327779079628e+01 1.676120420471668382e+01
1.295224328594129304e+01 1.671310232386877104e+01
1.296055127709729504e+01 1.698356321543624858e+01


1.703615840519552194e+01 1.775956818011804117e+01
1.703968545729912520e+01 1.807005836854377989e+01
1.704309518039611149e+01 1.793058912543708061e+01
1.704895522409270825e+01 1.821781249806929992e+01
1.709003262068281259e+01 1.833579921396355417e+01
1.711206544490865866e+01 1.815939863245760222e+01
1.711665985764236453e+01 1.763090358104792799e+01
1.711736047682112272e+01 1.816949368692560185e+01
1.711858670269256777e+01 1.801763688766122939e+01
1.712171542561947035e+01 1.758780544304449833e+01
1.712378454767254965e+01 1.789127128227079666e+01
1.713588899114184372e+01 1.817088519684513415e+01
1.714192743179636480e+01 1.786787191864862834e+01
1.715449762489761554e+01 1.828217897474371867e+01
1.717929082355466264e+01 1.798972157505383862e+01
1.718319439596972131e+01 1.764788880908881907e+01
1.718792685985585322e+01 1.820444133585932178e+01
1.719042615652726269e+01 1.762721951847741408e+01
1.719484231152178211e+01 1.783018295714019885e+01
1.719772146963899218e+01 1.832431004912173833e+01
1.720287876417698314e+01 1.750611602736373129e+01
1.720476591103217245e+01 1.756861193691778666e+01
1.721049371562697772e+01 1.740879521387155293e+01
1.721152514928637700e+01 1.776256482980312157e+01
1.722216351923390576e+01 1.741670796013308831e+01
1.722579882922550709e+01 1.841678580330234638e+01
1.722871712105636632e+01 1.827305416104866964e+01
1.723728397023887382e+01 1.782543115651882104e+01
1.723864622935426638e+01 1.799944163434141942e+01
1.724038260504300979e+01 1.837861964338334175e+01
1.725618274409450237e+01 1.738045436981102299e+01
1.725736327487573973e+01 1.747589559398133119e+01
1.726422557439714822e+01 1.822926175708587593e+01
1.726968224875244928e+01 1.840836509738326043e+01
1.727059903756189385e+01 1.789963590694093298e+01
1.727084217957681744e+01 1.810503602354536667e+01
1.727364811444059356e+01 1.826103431945113087e+01
1.727664600055915756e+01 1.863640405472190409e+01
1.728377526808481335e+01 1.824028016319508438e+01
1.728442737347809910e+01 1.848902022604243101e+01
1.730666951574168522e+01 1.752795508736188879e+01
1.732461461669812408e+01 1.778410496653286188e+01
1.733607920343940023e+01 1.870029536680705462e+01
1.734321235053060661e+01 1.816575994693147322e+01
1.735769114057136875e+01 1.769692058902394294e+01
1.736163312070047482e+01 1.813083486321534110e+01
1.737289447222016037e+01 1.821462133677595219e+01
1.737401889651716047e+01 1.814625984123804159e+01
1.738195358317927486e+01 1.761058553863706422e+01
1.738364966345830709e+01 1.858728956164722490e+01
1.738427782695664092e+01 1.801609129356543093e+01
1.738638920947208888e+01 1.875186654235663397e+01
1.739294934257770109e+01 1.738392448862092721e+01
1.740884183577926336e+01 1.878440845249786051e+01
1.740983730031303267e+01 1.746129472537991845e+01
1.741736242023998571e+01 1.848987764013869750e+01
1.742609911053103744e+01 1.863112205184323145e+01
1.742769872066498849e+01 1.833652121555209646e+01
1.742785434936575584e+01 1.863119309248209987e+01
1.742860233423569483e+01 1.782629192950755836e+01
1.743451486421436059e+01 1.840087041144553481e+01
1.744246408941651083e+01 1.725229725646321910e+01
1.745098091118282824e+01 1.754827242515855090e+01
1.745166781248408938e+01 1.804159618566369616e+01
1.745326366000692886e+01 1.809575521370866014e+01
1.745502433885282301e+01 1.821379763154580900e+01
1.745788283440917965e+01 1.727025667432284095e+01
1.746482951533844385e+01 1.746732240204418574e+01
1.746770420698239690e+01 1.800922628974744200e+01
1.746813045158507194e+01 1.740327420065482400e+01
1.746944352044774007e+01 1.859392438200323028e+01
1.747623759009936606e+01 1.854674301728731578e+01
1.748435211425267610e+01 1.825412710459395171e+01
1.748566013339269531e+01 1.872066491646108233e+01
1.749593667856787604e+01 1.881651530624209911e+01
1.749847018456953052e+01 1.843764075019778303e+01
1.750245069232296657e+01 1.853862472198526845e+01
1.750729120003449069e+01 1.877627420542441428e+01
1.751029470810669153e+01 1.745554238970203187e+01
1.751966031001910906e+01 1.843062409193036544e+01
1.752765311584442287e+01 1.784419677473748678e+01
1.753297887048014303e+01 1.857501185757694984e+01
1.753550684381046310e+01 1.801046988484561595e+01
1.753986390155788300e+01 1.778092595278653576e+01
1.754314384338396593e+01 1.766793538632352778e+01
1.755238552453100453e+01 1.868094726373877990e+01
1.755881014390362793e+01 1.805632527573181889e+01
1.755950959966782321e+01 1.855426546437544388e+01
1.755973572304844765e+01 1.881720135953346684e+01
1.755993527074969052e+01 1.863208217693761171e+01
1.756029047410599730e+01 1.870235776786891080e+01
1.756076343942817175e+01 1.772609046085913320e+01
1.756593314414738671e+01 1.716085006957560566e+01
1.757444156512760003e+01 1.776465094325907046e+01
1.757673117761670412e+01 1.747761976401405803e+01
1.757696089839080145e+01 1.727714261619157909e+01
1.757920696162913288e+01 1.768394308941763882e+01
1.759093309408112304e+01 1.778782497707904753e+01
1.759147947623963404e+01 1.751818033214673065e+01
1.759159012434117386e+01 1.863314669012118330e+01
1.759259477490758883e+01 1.867212123816050706e+01
1.759752328890066408e+01 1.779277242407644621e+01
1.759948906835012039e+01 1.878701051036854963e+01
1.761110549524530455e+01 1.796503902451666690e+01
1.761227767362988317e+01 1.742293426917531818e+01
1.761433283014000750e+01 1.804199465060479568e+01
1.761891633551084269e+01 1.793579428313866941e+01
1.762039202160341134e+01 1.826726068597494290e+01
1.763064557337675353e+01 1.754607415400623793e+01
1.763408261959791901e+01 1.796373841705338847e+01
1.763992014812802012e+01 1.868195339013987777e+01
1.764220058229949117e+01 1.729090323148884423e+01
1.764286408609327594e+01 1.820072590618914177e+01
1.764394686565157144e+01 1.718415354255249383e+01
1.764535469583843152e+01 1.721997224664626813e+01
1.765035334060542738e+01 1.799618622488779707e+01
1.765361377806578247e+01 1.794012090178249252e+01
1.765606907182976215e+01 1.747341543418851018e+01
1.767806968095120013e+01 1.707939339544759960e+01
1.768873103251511480e+01 1.852908821363167746e+01
1.769737036744857406e+01 1.854016856110843037e+01
1.770000874217896225e+01 1.852252775883662395e+01
1.770004626591112284e+01 1.796343130001688237e+01
1.770390741991791828e+01 1.727092402162218576e+01
1.770590722399633066e+01 1.781196235363464808e+01
1.771017471161515644e+01 1.882364524783634607e+01
1.771389480336790001e+01 1.823075534111966789e+01
1.771863942126565661e+01 1.845879720849551475e+01
1.772133546658220027e+01 1.803146185358389175e+01
1.772352436606594495e+01 1.725531020203318278e+01
1.772826964126348770e+01 1.784626800634010380e+01
1.773213424875521227e+01 1.757089712812608084e+01
1.773369770092191899e+01 1.776512372007074703e+01
1.774536028010946609e+01 1.857124185062356503e+01
1.776693004941304110e+01 1.850666571070825484e+01
1.776811867510307863e+01 1.729972118690567129e+01
1.777445335503578860e+01 1.847873026597408597e+01
1.778987408655684632e+01 1.774523059094403976e+01
1.779078852979430181e+01 1.825604956487245190e+01
1.779937103403590726e+01 1.750458524337489408e+01
1.780477560207116028e+01 1.755072190338488980e+01
1.780849217542444052e+01 1.767929927113850752e+01
1.780960794754028598e+01 1.807999075735335026e+01
1.781303865132163367e+01 1.737355768632467701e+01
1.781726583840869083e+01 1.839744456918823090e+01
1.782071511170354228e+01 1.780689926125238642e+01
1.782933813945352242e+01 1.795850606373295477e+01
1.784403754954091070e+01 1.821656074100924627e+01
1.784418846322799723e+01 1.852080282493503205e+01
1.784740482876190271e+01 1.876762777082191036e+01


1.785531458474090982e+01 1.888795126746407504e+01
1.786442349971481036e+01 1.789428612195704460e+01
1.786625015880563794e+01 1.833873174451544585e+01
1.786781655612260522e+01 1.784854328516649957e+01
1.786959614165624188e+01 1.755216312338411910e+01
1.787892694605351096e+01 1.840980421175352788e+01
1.788298061200374178e+01 1.789795683637232315e+01
1.789088671195984404e+01 1.846816880498107238e+01
1.789596878419917303e+01 1.755007046334665688e+01
1.789644943205754046e+01 1.838020003258382218e+01
1.789690673359161366e+01 1.812975601604667020e+01
1.790266766822676203e+01 1.744211769180755667e+01
1.790394915601683934e+01 1.765859602452372101e+01
1.790693661378838897e+01 1.748507132843539580e+01
1.791422880511748872e+01 1.760287261692158367e+01
1.791616900571154858e+01 1.841143645257476891e+01
1.792330176215043380e+01 1.752801104358952600e+01
1.792669135799332736e+01 1.720065161143682886e+01
1.792725609379759533e+01 1.864908390606877120e+01
1.792921383697030535e+01 1.715348824501002056e+01
1.792963271534260272e+01 1.726429208679948957e+01
1.793604167696843987e+01 1.761748545845043523e+01
1.794566965975213790e+01 1.879941016064249482e+01
1.794737767506842374e+01 1.837331353241673071e+01
1.794847411849778140e+01 1.730882919762646210e+01
1.794973241848682832e+01 1.772085674568054259e+01
1.794994019027166132e+01 1.717425441910740957e+01
1.795413537806200210e+01 1.703156985454480932e+01
1.795624351257003681e+01 1.751521439953102188e+01
1.795693378492517311e+01 1.839198680955625065e+01
1.795742723421080811e+01 1.837993055797434394e+01
1.796566987731475251e+01 1.865050252010604837e+01
1.796986627069405529e+01 1.733839463242934187e+01
1.797334136566447782e+01 1.842870352423112124e+01
1.797470749863048312e+01 1.727933987526096971e+01
1.797472695703046952e+01 1.833176038533029484e+01
1.797591647375505985e+01 1.844125553429964626e+01
1.797596846812130877e+01 1.797727674601679837e+01
1.798279225431324591e+01 1.897980211090990466e+01
1.798491383379116115e+01 1.707711930170296810e+01
1.798506495185229426e+01 1.732889866297670167e+01
1.798936620553149268e+01 1.784628937043263264e+01
1.799271927096472012e+01 1.825999053738791744e+01
1.800671058077300657e+01 1.733878012078162101e+01
1.801118708488416686e+01 1.855514100726299986e+01
1.801580029827374929e+01 1.796846497250733421e+01
1.801650733439755214e+01 1.781760104622456709e+01
1.801680538293964418e+01 1.781158466671987739e+01
1.802250233200605933e+01 1.866552476226846835e+01
1.802723080453291971e+01 1.705563575217533057e+01
1.802847918950129724e+01 1.848775792365652038e+01
1.802887447763927398e+01 1.851234362397870825e+01
1.803550638713041110e+01 1.850071117530050557e+01
1.803623610693997747e+01 1.729762187299426657e+01
1.803873758261617866e+01 1.777977660960915784e+01
1.803918123891661196e+01 1.746911494123264319e+01
1.804510358190429642e+01 1.877271373721196213e+01
1.804536250088642291e+01 1.704884739029424878e+01
1.804757836077820343e+01 1.729068118822622324e+01
1.805453245032765608e+01 1.889723416749772511e+01
1.805476015508581966e+01 1.802595244799965002e+01
1.805575702555995932e+01 1.739893087880755473e+01
1.806186506234020683e+01 1.783508583773027922e+01
1.806482756475844909e+01 1.777297807001406582e+01
1.806896324943411969e+01 1.718771802284172168e+01
1.807157411452144302e+01 1.849787919256609925e+01
1.807469107960925570e+01 1.802341338758987632e+01
1.807503137797676018e+01 1.868124153625358019e+01
1.808115733289086791e+01 1.804498768177971613e+01
1.808121245510261943e+01 1.706892132396946238e+01
1.808360321320152053e+01 1.859854711163486485e+01
1.808577339725775701e+01 1.838978156564364852e+01
1.809182965337803850e+01 1.832742937161784980e+01
1.809203359766487296e+01 1.825644543233780581e+01
1.809691378536399142e+01 1.734651311727392908e+01
1.810550350992575730e+01 1.789092296856519937e+01
1.811032821786234948e+01 1.729013006035232181e+01
1.811165365618023415e+01 1.771360486557466274e+01
1.811199384673283674e+01 1.729199313182347808e+01
1.811901904232911420e+01 1.771649456723512372e+01
1.812389480774985984e+01 1.799636931814488250e+01
1.812551732771995106e+01 1.804359234306566506e+01
1.812681833468115755e+01 1.801494534479794751e+01
1.812729666104436177e+01 1.822330860212025527e+01
1.812830793781549943e+01 1.878642111841579165e+01
1.813623652402277742e+01 1.859260485287841647e+01
1.813687518749685879e+01 1.773252060989491596e+01
1.814858681699772802e+01 1.790798335571345490e+01
1.814876052191199562e+01 1.791240438848502947e+01
1.815050332811981448e+01 1.833805155378139773e+01
1.815171054607348822e+01 1.714720816254924429e+01
1.815196912995839895e+01 1.737492954090163622e+01
1.815305142484470124e+01 1.844345484687222836e+01
1.815377549238597155e+01 1.809928237445296517e+01
1.815462731759464177e+01 1.713834659518154879e+01
1.815725759816702123e+01 1.832784178007393550e+01
1.816600966636457670e+01 1.766912645742096899e+01
1.816962603679292698e+01 1.726539535010964244e+01
1.818149006941691681e+01 1.839436644473379445e+01
1.818248539276948605e+01 1.824526677548440645e+01
1.818608309937763678e+01 1.839228477170501108e+01
1.819282918660730175e+01 1.859972906703576356e+01
1.819746761005328040e+01 1.789168871225168544e+01
1.820438232810738555e+01 1.720108656380250878e+01
1.820653520001631520e+01 1.803178509135319629e+01
1.821179835733614993e+01 1.840618622000084770e+01
1.822026700570046032e+01 1.728303373270309251e+01
1.822441006087970194e+01 1.746687929452934185e+01
1.822559078018200296e+01 1.785272465403545894e+01
1.823044271812640105e+01 1.814198823016201345e+01
1.823122310848506089e+01 1.722085397343477098e+01
1.823848449088651336e+01 1.802535298503550720e+01
1.823915925420764950e+01 1.829238440046706060e+01
1.824538198533814537e+01 1.717649051563850193e+01
1.824689019878480778e+01 1.827938644236081700e+01
1.826115116988419373e+01 1.777101349771056960e+01
1.826611608727443681e+01 1.739174821763214140e+01
1.826992627664835567e+01 1.812556999066926622e+01
1.827559406016982635e+01 1.732458343121992073e+01
1.828123878675245706e+01 1.729103450724307578e+01
1.828755885786776503e+01 1.806889127587151833e+01
1.829563493241922600e+01 1.808471743425074862e+01
1.830133790674313232e+01 1.877813940617894772e+01
1.830267520005777371e+01 1.744580776688768964e+01
1.830700428624146170e+01 1.878440419883651558e+01
1.830749249390110478e+01 1.755557567834332033e+01
1.831319432522515456e+01 1.838450769805731611e+01
1.832342127816870558e+01 1.742561851030151132e+01
1.832573347364062499e+01 1.846876575795746334e+01
1.832745432290529664e+01 1.816124008612983332e+01
1.832896663414964777e+01 1.875284123819250581e+01
1.833456442882717852e+01 1.776520678287061727e+01
1.833478111268928146e+01 1.859150240283055311e+01
1.833850471754073652e+01 1.767386874988063283e+01
1.833964476548620226e+01 1.771900044426775267e+01
1.834182422800436996e+01 1.815007814024317412e+01
1.834257327315889441e+01 1.839324298771589383e+01
1.834951752260937852e+01 1.750988908988346537e+01
1.835951186578290617e+01 1.796940086258937441e+01
1.836175553764147494e+01 1.708940767989040310e+01
1.836186242001137359e+01 1.728282183500494540e+01
1.836190635561509765e+01 1.769492881534665329e+01
1.836298011783682682e+01 1.880748513015797130e+01
1.836418181255996629e+01 1.820145386431326173e+01
1.837021668986855261e+01 1.733562152649311727e+01
1.838918765003555933e+01 1.805552182698953700e+01
1.839314214284894433e+01 1.755192867723160788e+01
1.839643657057402493e+01 1.741374644051225928e+01
1.839821982258831312e+01 1.839665472329810569e+01
1.840249188689642779e+01 1.840578146689548689e+01


1.841310045454026678e+01 1.812718940405481050e+01
1.841642793952734536e+01 1.760892310830967489e+01
1.842187169320979123e+01 1.755362909720316367e+01
1.842212303559838205e+01 1.876906932159060304e+01
1.842386903440209878e+01 1.880053657126576283e+01
1.842452923016276500e+01 1.787467410363773368e+01
1.843111196565298826e+01 1.883930385354516091e+01
1.843905514214339547e+01 1.742861370504288132e+01
1.843948827907809829e+01 1.831417440163572508e+01
1.844145012712756682e+01 1.766672215295780646e+01
1.845689903362661255e+01 1.764138426383090774e+01
1.846464123058156304e+01 1.835567785858604495e+01
1.846642604089469941e+01 1.766055224454809292e+01
1.846769463695948943e+01 1.837734769579584082e+01
1.846833267724955263e+01 1.794338130312041102e+01
1.847332784340954248e+01 1.847014364129136865e+01
1.848022425707054239e+01 1.858239915921003771e+01
1.848364517967392118e+01 1.830978963892304634e+01
1.848430863643517696e+01 1.721351494088778367e+01
1.848709192701881321e+01 1.849551040066118901e+01
1.848819569730113344e+01 1.731780972781674777e+01
1.848836908343590935e+01 1.762127549099834312e+01
1.849289619905023230e+01 1.782959783870263948e+01
1.849795139560757207e+01 1.764182991722322313e+01
1.851160476150432643e+01 1.768406807670671554e+01
1.852385384806061808e+01 1.883789948851213225e+01
1.852551291148630597e+01 1.749826576516383980e+01
1.853606593817609749e+01 1.861432448706240450e+01
1.853645411441744528e+01 1.747940518245709640e+01
1.853651317371054930e+01 1.823265970030556460e+01
1.853829333561605353e+01 1.816791662630861381e+01
1.854203394370043867e+01 1.817260669755602720e+01
1.854854131589766553e+01 1.770200997919531360e+01
1.855208219217182730e+01 1.865839293230560969e+01
1.855287615731259621e+01 1.868127434036821555e+01
1.855479474859453504e+01 1.832672366560354504e+01
1.855494167830434193e+01 1.769083628398006880e+01
1.855503059277805988e+01 1.811586623432594578e+01
1.855710503592935012e+01 1.845870484151055635e+01
1.856156899866915566e+01 1.760351985610066805e+01
1.856169167302127221e+01 1.769508927874267101e+01
1.857228599097018673e+01 1.742660337489381916e+01
1.857451390438783179e+01 1.795237652378163062e+01
1.857754237851458967e+01 1.851062015704549424e+01
1.857832599249829286e+01 1.791536574509958868e+01
1.857926275978220687e+01 1.740718792773128953e+01
1.858024900959492598e+01 1.850389389674718998e+01
1.858157687811878489e+01 1.730757937875833008e+01
1.858174278022462289e+01 1.778275420054835720e+01
1.859790481298360376e+01 1.805924865887890363e+01
1.860457289901860634e+01 1.867497982157181369e+01
1.860542353364051138e+01 1.845827982377776166e+01
1.860681647010520834e+01 1.780961474017665225e+01
1.861764675019627191e+01 1.838271266239274837e+01
1.862494633892451645e+01 1.816899806442405563e+01
1.863123744277734772e+01 1.737575114568386780e+01
1.863771123738811042e+01 1.838896729990468870e+01
1.864248168906913250e+01 1.825828060797684316e+01
1.864492843794537080e+01 1.859380142713916229e+01
1.864612296825908899e+01 1.837424752521912552e+01
1.864829074857964741e+01 1.868919389486403304e+01
1.864897690462267477e+01 1.778643215965608348e+01
1.865088457152245383e+01 1.814060886569525977e+01
1.865155790282297232e+01 1.829827931088787452e+01
1.866249472518451569e+01 1.767543517708869771e+01
1.866428853642901942e+01 1.864365605864994180e+01
1.866797099775961755e+01 1.831954910530549796e+01
1.868905072644450982e+01 1.812781206706110027e+01
1.870233555818912308e+01 1.746034301362650609e+01
1.870368010927630209e+01 1.774382209240547326e+01
1.870388402012645557e+01 1.810866473686738587e+01
1.871139266908386745e+01 1.797643176166333134e+01
1.874208083556835547e+01 1.762757660551697825e+01
1.876198239131667478e+01 1.777784076448263662e+01
1.877381884834535342e+01 1.750329745456200214e+01
1.877992773751935118e+01 1.749188906342867256e+01
1.878515399605015190e+01 1.802288742458890880e+01
1.879829240410525770e+01 1.847747076946713918e+01
1.880817387287669717e+01 1.806265348399650250e+01
1.881664554840482140e+01 1.774822575349935150e+01
1.882106141237671082e+01 1.743603837120295452e+01
1.882265455732704496e+01 1.815091759546807637e+01
1.882522015800688564e+01 1.825829413364952103e+01
1.883031616623423687e+01 1.764259386144102137e+01
1.883302195670012580e+01 1.746170032371707848e+01
1.885621544467765887e+01 1.779022986564644881e+01
1.885672906375058133e+01 1.822472132140589807e+01
1.886736331513550269e+01 1.835893262916783186e+01
1.887634192695832525e+01 1.764457988107747610e+01
1.888803032473427379e+01 1.845651757440403173e+01
1.890121474604870144e+01 1.832943580671784289e+01
1.890294731814791973e+01 1.785248892486789529e+01
1.891301477047207058e+01 1.765129070148748625e+01
1.891380779953285440e+01 1.822980012788151427e+01
1.894908667821537307e+01 1.823011531049678169e+01
1.895067357558475152e+01 1.807912552260707884e+01
1.895827966781089202e+01 1.810914799052540403e+01
1.895870075518606157e+01 1.823583797009855090e+01
1.897583996487556846e+01 1.804178997176120092e+01
1.898522844545202304e+01 1.803631494639013511e+01


2.505672534815086294e+01 1.685218503412848889e+01
2.507114168002959431e+01 1.678052778160255443e+01
2.508186360124584624e+01 1.683482573364519652e+01
2.510499412336255531e+01 1.711064201807296925e+01
2.511321432567097034e+01 1.694736233944246706e+01
2.511514373089374175e+01 1.706816494204998946e+01
2.512042590583165946e+01 1.665730798064440776e+01
2.512535141545705386e+01 1.695359566109600991e+01
2.513000094173183996e+01 1.695553786688522990e+01
2.514215966335952146e+01 1.665447280110345929e+01
2.514508552011973919e+01 1.697457899183256913e+01
2.514673570527182633e+01 1.699207870948962906e+01
2.515209010707607362e+01 1.741587167312414408e+01
2.515325475426446999e+01 1.733361592508815008e+01
2.515829032814096067e+01 1.662382597934252715e+01
2.517214722549326211e+01 1.643973088297075691e+01
2.517800573529477859e+01 1.673896879944719274e+01
2.517948589700607442e+01 1.717500107437086143e+01
2.518568448523157599e+01 1.742949960535946374e+01
2.519680158172900164e+01 1.732844381236516895e+01
2.520618629784404874e+01 1.676959330376809731e+01
2.521200992642630467e+01 1.707472853172819427e+01
2.522471514962396100e+01 1.744078539223889734e+01
2.523919449634491841e+01 1.639466917007532487e+01
2.524731419114847242e+01 1.688781986147695946e+01
2.524935806179348674e+01 1.667855053523859610e+01
2.525101620587609119e+01 1.699560078575065702e+01
2.526725879172666112e+01 1.681927196431684379e+01
2.527742747597197592e+01 1.739417261585233021e+01
2.528132042307689531e+01 1.757049474971994485e+01
2.528354220886202341e+01 1.708267672068960863e+01
2.528367411736805437e+01 1.696376996490502975e+01
2.529116340052359746e+01 1.761617296265589516e+01
2.530027644037891221e+01 1.700638048591859075e+01
2.530134586382214223e+01 1.639085548960106564e+01
2.530472707645663988e+01 1.672704890806985034e+01
2.530754173193945178e+01 1.664166272962150472e+01
2.531248375484345203e+01 1.724459476201426966e+01
2.531561166269495544e+01 1.693122792796245690e+01
2.531907981276670583e+01 1.715700847881691971e+01
2.531919116279697590e+01 1.634708454130932509e+01
2.532001411759834753e+01 1.683449356463254887e+01
2.532120339084971405e+01 1.750431166448380083e+01
2.532870442875944406e+01 1.696609047897529265e+01
2.533059060122352690e+01 1.630128029627128328e+01
2.533116910950839440e+01 1.646947291986647599e+01
2.533325153773386162e+01 1.660146150209077831e+01
2.534757366800316447e+01 1.631137916674030564e+01
2.535215582347240826e+01 1.715715819217583160e+01
2.535514423546522167e+01 1.688316733611653575e+01
2.536077490808735391e+01 1.664375810945970358e+01
2.536162069009158060e+01 1.718891311546997613e+01
2.536181685419158782e+01 1.731867708866174738e+01
2.536312556779487792e+01 1.689922527803066288e+01
2.536874354878696636e+01 1.720700390451947470e+01
2.537793119580564394e+01 1.742498238004363742e+01
2.537955818558304699e+01 1.633821810652496609e+01
2.538475091240650627e+01 1.669221284731113997e+01
2.538485412903507310e+01 1.747148304800923668e+01
2.539090700119364996e+01 1.623181969511574607e+01
2.539358394191729218e+01 1.640075331247128787e+01
2.539368501911891585e+01 1.631216503899737802e+01
2.539968725438577835e+01 1.675557494632288780e+01
2.540531317418346191e+01 1.776614628690568765e+01
2.540609559853636412e+01 1.719409951720759722e+01
2.541084065401456016e+01 1.653805293004304389e+01
2.541153882629927097e+01 1.658054254623939983e+01
2.542441718887323177e+01 1.626966487210671630e+01
2.543380225763104008e+01 1.747094802058228424e+01
2.543688838676368746e+01 1.641112246555763576e+01
2.544040295699828036e+01 1.771236027413800329e+01
2.544556814033278158e+01 1.695860005975959695e+01
2.545704007946429215e+01 1.752974664024812768e+01
2.545863153705056448e+01 1.617718125398524975e+01
2.546264826093798206e+01 1.747440509260490415e+01
2.546671875120627249e+01 1.737511664961979108e+01
2.546881698284721551e+01 1.761318681415964704e+01
2.547264456861507043e+01 1.632748696724440762e+01
2.548136031904034482e+01 1.658321916044927136e+01
2.548348415329331118e+01 1.729115669387466170e+01
2.548981910730524447e+01 1.719429080657516806e+01
2.549176484886305616e+01 1.685083364089437197e+01
2.549255002439135254e+01 1.738411026344547849e+01
2.549425112048164266e+01 1.767819477924953731e+01
2.550301380277506524e+01 1.753093238053373781e+01
2.552072682812882576e+01 1.698176343600253091e+01
2.552113321393584044e+01 1.692281354639805357e+01
2.552869765749139219e+01 1.678332899895157482e+01
2.552882862944579756e+01 1.722181537961062148e+01
2.553133895559683353e+01 1.746317562808289381e+01
2.554203484175142691e+01 1.747700852579158592e+01
2.554991380799658529e+01 1.741614099849476816e+01
2.555278368853704052e+01 1.711456044146854794e+01
2.555406787491734377e+01 1.682219960974203588e+01
2.555730364661177489e+01 1.675876476911804502e+01
2.556520275926366992e+01 1.789270028288562031e+01
2.556929827839518765e+01 1.733473723470256900e+01
2.558235012567882904e+01 1.654237887705018650e+01
2.558950813357202847e+01 1.657084062259783863e+01
2.559013286725211600e+01 1.637255406871140195e+01
2.559049335111281920e+01 1.757713980863719883e+01
2.559376719922681431e+01 1.783717357281847171e+01
2.559799244255870576e+01 1.689356899364333131e+01
2.559934177910935915e+01 1.610488006009606821e+01
2.559951220825294627e+01 1.649153365061668453e+01
2.559959257200846494e+01 1.640075540949107591e+01
2.560143056770200332e+01 1.654235080420666293e+01
2.560265171074809487e+01 1.714180454476675663e+01
2.560867391819353855e+01 1.723300942579914263e+01
2.562421680165662252e+01 1.645751969587486485e+01
2.563197969291741884e+01 1.706343085895596445e+01
2.563280853501024481e+01 1.707071295941385713e+01
2.563414801622539585e+01 1.751442352327998364e+01
2.563450043667240408e+01 1.655595005154487254e+01
2.564700577414571114e+01 1.618977191623145018e+01
2.564775342031056127e+01 1.793367273668195239e+01
2.564855375875810850e+01 1.718665549641331580e+01
2.564880236223010357e+01 1.705541462898134952e+01
2.565835830527760564e+01 1.784873647953762443e+01
2.565947603957184597e+01 1.666428842384585352e+01
2.565978918469736314e+01 1.668781731373385568e+01
2.566244196455483007e+01 1.713709756329729217e+01
2.566387571378935917e+01 1.657246579009165544e+01
2.566509874760147270e+01 1.658372331647779063e+01
2.566642174825688372e+01 1.652293394368257751e+01
2.566652771883920181e+01 1.621917617283605040e+01
2.566703421842351673e+01 1.782736958637834945e+01
2.566817636312546824e+01 1.748629544466453822e+01
2.566839733814484603e+01 1.724978313434039734e+01
2.566874483937361973e+01 1.725613914137085914e+01
2.566932188693574446e+01 1.732648350409702687e+01
2.567077970574442602e+01 1.749013207291660166e+01
2.567121070519094417e+01 1.716990096291827328e+01
2.567439313224542374e+01 1.675983840215589993e+01
2.567653268961976920e+01 1.768001894386065942e+01
2.567809574924540783e+01 1.728304234754362767e+01
2.567812024118231307e+01 1.645416877218051255e+01
2.567889017434588439e+01 1.753117068892377262e+01
2.568944565774044264e+01 1.638165590132600968e+01
2.569021976466743595e+01 1.713504946782700245e+01
2.569081275270860942e+01 1.705761710612818405e+01
2.569802208751489658e+01 1.619693155087536951e+01
2.570861040111387297e+01 1.650010933490521126e+01
2.571011858620277124e+01 1.656654525413292589e+01
2.571046417448746269e+01 1.734330148613355860e+01
2.571091238006801305e+01 1.781843068896749216e+01
2.571530527990687531e+01 1.670816655357540981e+01
2.571540597107732751e+01 1.683557682911975562e+01
2.571900173387082944e+01 1.735548537323350970e+01
2.572149094903760158e+01 1.775067922701570566e+01










2.935539873464282579e+01 1.609737489162376889e+01
2.935739996266161356e+01 1.628306452632862289e+01
2.935887199919140400e+01 1.678404517007588126e+01
2.936156663737574135e+01 1.628134072722493642e+01
2.936286173304179670e+01 1.609542770060146566e+01
2.936546185509026330e+01 1.625629223114960453e+01
2.936712144473206720e+01 1.519620707628231138e+01
2.937087024956746006e+01 1.516810440140547911e+01
2.937214123487875739e+01 1.673979243838811470e+01
2.937470647531116796e+01 1.633451325744053406e+01
2.937551922580484032e+01 1.526405759439738219e+01
2.939083793781265541e+01 1.570580553127495627e+01
2.939242157913017905e+01 1.523319811047707262e+01
2.940979600318087606e+01 1.576684193542416423e+01
2.941158670172375977e+01 1.510833934304090143e+01
2.941953999179077783e+01 1.615487146697265075e+01
2.943007542563186973e+01 1.601784539165553056e+01
2.943064072312641599e+01 1.563225569376639257e+01
2.943412785587885594e+01 1.622892857039803971e+01
2.943512019953105607e+01 1.630839096339898475e+01
2.944152550897441856e+01 1.613558339391450502e+01
2.944590122418891198e+01 1.603464418223492416e+01
2.944986099110082023e+01 1.677559051408251278e+01
2.945127786354930777e+01 1.631788230640093929e+01
2.945200985556726181e+01 1.607143977984031125e+01
2.947130897886243162e+01 1.542558580618886666e+01
2.947843800185790997e+01 1.635150346987605730e+01
2.949471501949147623e+01 1.665768475175164198e+01
2.949514972855579487e+01 1.648116664480823346e+01
2.950157360570965537e+01 1.606624957258922493e+01
2.950223506830789333e+01 1.593365022353869875e+01
2.951060907300381686e+01 1.605048866569511290e+01
2.951454586864546670e+01 1.613839140091118907e+01
2.952676775550928667e+01 1.571685984459542063e+01
2.953621999187910419e+01 1.542670457966591435e+01
2.954063130956413730e+01 1.631457508081782137e+01
2.955154803499540961e+01 1.568532001686341992e+01
2.955271123858771176e+01 1.582653115412935207e+01
2.955693600746935701e+01 1.551101176655336289e+01
2.955997156216633215e+01 1.559177390110202310e+01
2.957324867659408696e+01 1.538866993817730133e+01
2.957813726798801568e+01 1.588158797469165684e+01
2.957825265504004975e+01 1.596836169605215616e+01
2.958747022758620560e+01 1.612832251164313746e+01
2.959350344791750587e+01 1.563219262158239786e+01
2.959708665157200258e+01 1.656667070268712294e+01
2.960663492431889665e+01 1.675984236741971856e+01
2.960949527049142915e+01 1.522210862491078309e+01
2.961238075379551304e+01 1.634365374767261159e+01
2.961657389715612254e+01 1.669300824610813905e+01
2.961995377527305351e+01 1.594419305196966086e+01
2.962921748443185521e+01 1.608912275155265448e+01
2.963639018173562789e+01 1.605341419830033445e+01
2.964008476449743412e+01 1.658832983397438809e+01
2.964484683284487687e+01 1.552213825609065800e+01
2.964943586441806644e+01 1.524095455361421791e+01
2.967556658962689298e+01 1.665746069609360802e+01
2.967836810236469347e+01 1.637156708156876661e+01
2.968534635624320828e+01 1.632403350075294668e+01
2.969974598712207481e+01 1.590671633104131644e+01
2.970741509694148164e+01 1.635275134021940246e+01
2.973851794810279259e+01 1.589155746913260359e+01
2.974220973788620981e+01 1.593894957126091683e+01
2.974259932895331815e+01 1.592343868979724597e+01
2.974335567218630061e+01 1.659193302723306118e+01
2.975181565796967931e+01 1.658702174341130586e+01
2.978799686822040371e+01 1.599102502600901943e+01
2.979925442611828856e+01 1.566912970698047758e+01
2.979955473445899372e+01 1.614733615111055443e+01
2.981393462076244560e+01 1.553451116984913583e+01
2.981935763058262268e+01 1.549265044290008930e+01
2.981947054953363718e+01 1.577126018724431056e+01
2.982066415416668193e+01 1.548271757537717619e+01
2.982259061676767686e+01 1.642082676360709925e+01
2.984449935333735482e+01 1.604592862376703621e+01
2.984749610517324214e+01 1.588430073777881191e+01
2.986418879686765848e+01 1.646488109584084469e+01
2.987981439197371003e+01 1.637519873670428794e+01
2.988662611187044504e+01 1.581268428624932376e+01
2.989885259640485060e+01 1.599178214275751131e+01
2.991286672874560892e+01 1.597040578355047913e+01
2.995644240740863751e+01 1.584141261843022441e+01
2.997479519833774120e+01 1.586649799845660702e+01


3.203311701090787267e+01 1.694895519741687906e+01
3.205580886577952526e+01 1.715846011873331278e+01
3.205651595253115005e+01 1.705912666728874783e+01
3.206191020865636432e+01 1.729380411781351867e+01
3.206973839552328798e+01 1.678694815519698125e+01
3.211632453533694331e+01 1.741731084216571190e+01
3.212980102674689675e+01 1.678672793059627821e+01
3.214319414690243093e+01 1.694432592891736888e+01
3.215068591208124360e+01 1.658957425113376161e+01
3.216548530466207012e+01 1.752850512564193153e+01
3.217079664672545647e+01 1.717362958605956180e+01
3.217509763159852554e+01 1.671711199566359696e+01
3.218421210325514181e+01 1.681255272128733935e+01
3.218806607126661135e+01 1.643516975439196415e+01
3.219782855343604666e+01 1.700026302547803780e+01
3.220263001593885832e+01 1.691543483415772187e+01
3.220291348030253431e+01 1.642779998849206535e+01
3.221490990424857159e+01 1.689685742353987763e+01
3.222374423627999107e+01 1.644884746099381800e+01
3.222914926362086874e+01 1.762849859911509398e+01
3.226751636949046542e+01 1.658891014530914987e+01
3.226955924596847325e+01 1.737622991238449544e+01
3.228293529906847681e+01 1.708514838735812802e+01
3.228565954193737042e+01 1.677654955992105457e+01
3.229202650125393603e+01 1.694991988758900447e+01
3.229761999392921723e+01 1.649486770065171370e+01
3.230608277270737005e+01 1.687646965279423128e+01
3.231671320978473005e+01 1.697979220504864628e+01
3.232500924956752897e+01 1.702600071850719132e+01
3.232873362976890519e+01 1.682950980950921149e+01
3.233055230582607464e+01 1.642426022097806637e+01
3.233248687167699131e+01 1.673814841742042603e+01
3.234016766465772008e+01 1.692355504366960162e+01
3.234887297319267674e+01 1.732852102177248099e+01
3.235193486948748642e+01 1.730233671358960024e+01
3.236392490675855527e+01 1.663928635229452624e+01
3.236934147910316284e+01 1.644275611412822968e+01
3.237492234267676139e+01 1.657575516839625251e+01
3.237546504954934079e+01 1.698856964699689343e+01
3.238451471174512619e+01 1.647189845395209318e+01
3.239545452837101891e+01 1.659049523291569272e+01
3.239559039062720558e+01 1.742570590386031881e+01
3.241142031099631993e+01 1.702181805623650135e+01
3.241164980308495558e+01 1.716092531355542761e+01
3.241325507193550948e+01 1.658203995525535390e+01
3.242046990047804655e+01 1.749507844299235870e+01
3.242421103222026346e+01 1.707283613566213987e+01
3.243027278586450990e+01 1.700297549431970623e+01
3.244273216811220095e+01 1.637519181312943317e+01
3.244495722625637768e+01 1.642738714940789890e+01
3.245008856971075062e+01 1.763457191493656495e+01
3.245105272649110617e+01 1.691196181173378221e+01
3.245326199306450832e+01 1.662427947429521424e+01
3.245530847722432810e+01 1.632397473276882494e+01
3.246409970735555106e+01 1.623149311826254504e+01
3.246976085677076895e+01 1.636463429870040187e+01
3.247064595377172935e+01 1.778117789076434008e+01
3.247135001791656350e+01 1.645707084662696218e+01
3.247999069958412122e+01 1.647826587775454854e+01
3.248054278183703758e+01 1.701226099794624247e+01
3.248442573129587885e+01 1.757519946517887988e+01
3.248724554720085678e+01 1.653252660919538997e+01
3.248843994363988941e+01 1.700674413836841126e+01
3.249035082935982643e+01 1.655812694873204549e+01
3.251433684488114295e+01 1.687280804046535110e+01
3.251814543145925285e+01 1.768849624458153258e+01
3.252082456218903417e+01 1.629295053240335278e+01
3.252198404734633641e+01 1.613629579967185990e+01
3.253713716422517166e+01 1.720383189841217941e+01
3.253885848000798831e+01 1.707257141684854318e+01
3.254175468811448724e+01 1.692133961516359975e+01
3.254506758356465213e+01 1.611472544688663788e+01
3.254730475523981426e+01 1.778036869850872748e+01
3.255841592767110626e+01 1.620764354349121561e+01
3.256081769365142264e+01 1.725928134367857325e+01
3.256574879345107831e+01 1.663004746152357072e+01
3.257071550427675533e+01 1.727448791369375769e+01
3.257110069686667231e+01 1.738563952374826016e+01
3.257986867916456930e+01 1.672126315591573231e+01
3.259493634928227834e+01 1.699772777803919155e+01
3.261644785097024624e+01 1.688983216499853413e+01
3.262100787471299412e+01 1.611167001608166061e+01
3.262274602767053722e+01 1.715989481734970568e+01
3.262756470125017927e+01 1.709896013208592080e+01
3.263574079520255111e+01 1.681786661128327864e+01
3.264625802787971764e+01 1.737276588433849156e+01
3.265137218161742538e+01 1.689463296897151423e+01
3.265144448877835259e+01 1.767019782558757157e+01
3.265664441313204946e+01 1.666906857178573986e+01
3.265759041222560199e+01 1.698275959762326792e+01
3.266146602134460863e+01 1.754218534227146975e+01
3.266527650966644813e+01 1.741426118629097175e+01
