1.565965550373750759e+01 2.027386290050346673e+01
1.566185323679057717e+01 1.955728580736368016e+01
1.566196905939420780e+01 2.048077733356850771e+01
1.566276005632442470e+01 1.983442225148202809e+01
1.567578265415414940e+01 1.992581383579735288e+01
1.568330072820711329e+01 1.966032583723622196e+01
1.568787073454963554e+01 1.960561653150085348e+01
1.570317628821390876e+01 2.065773290045908794e+01
1.571816225655134147e+01 2.049875151001790741e+01
1.571891849400911134e+01 1.993214218635507251e+01
1.572359353160779172e+01 2.010555074853006730e+01
1.572694851759194279e+01 2.054183827760715531e+01
1.572933337189850889e+01 2.041797739181159344e+01
1.574191821738618025e+01 2.017616045902290622e+01
1.574408328002429336e+01 1.949135647396402149e+01
1.576625753824470522e+01 1.968566828004797387e+01
1.577244484309757766e+01 1.976434303160734629e+01
1.577644111380451264e+01 1.984863095476653783e+01
1.577960308844100723e+01 1.989908398620231011e+01
1.578640922992009799e+01 1.959855921936115308e+01
1.578822046782975974e+01 1.976655252678426677e+01
1.581051109013546707e+01 2.052022006299386092e+01
1.583507843171847185e+01 1.989304802906925573e+01
1.583931541414222011e+01 2.053905174128391309e+01
1.584752972374446500e+01 1.992185525475926866e+01
1.584900295754182409e+01 1.999024521441051050e+01
1.586344993242863488e+01 2.043218769557839920e+01
1.586905802865597437e+01 2.037237594092384541e+01
1.587370815389359358e+01 1.990531305616147506e+01
1.587687086112461543e+01 2.003862433111146757e+01
1.590697716203872325e+01 2.016574389957772695e+01
1.591782689397669692e+01 2.006772952920226771e+01
1.592859624460315970e+01 1.981314262296740836e+01
1.592968985823880956e+01 1.996212649286012208e+01
1.593522664059364224e+01 2.012488818485845599e+01


1.040140011030622880e+01 2.178305182699147835e+01
1.040379072963594531e+01 2.157067678121896748e+01
1.040806393729290491e+01 2.147290022028710865e+01
1.040893334681357274e+01 2.118853981061554137e+01
1.041766196008320300e+01 2.168520048589001803e+01
1.042014416830014767e+01 2.106703685874326482e+01
1.042142062164825944e+01 2.049896013419682461e+01
1.043019108562244135e+01 2.034232590666353957e+01
1.043430868941868006e+01 2.039788715629944349e+01
1.043835101447348990e+01 2.132439579822018771e+01
1.044086899142723723e+01 2.042640197193259510e+01
1.044133693989094347e+01 2.024301718074880085e+01
1.044172734328146745e+01 2.086306361416537314e+01
1.044202131401138978e+01 2.036725582114873134e+01
1.044861792476764428e+01 2.092668371429371277e+01
1.045086038034307485e+01 2.025435668149764012e+01
1.045094097630426866e+01 2.027202803866410363e+01
1.045225107359014949e+01 2.080287912244035908e+01
1.045581313626866127e+01 2.095823872723260806e+01
1.046588625606850442e+01 2.099938177713518073e+01
1.046600408979836772e+01 2.143220037002030764e+01
1.046794028696991852e+01 2.133865850757327820e+01
1.046992455870438654e+01 2.128981636121577736e+01
1.047368605341747028e+01 2.115390064726918595e+01
1.047405941819800468e+01 2.067568667849858599e+01
1.047871207966374563e+01 2.163266438220590615e+01
1.048506791821502304e+01 2.181406052708084786e+01
1.048585164975057715e+01 2.040450873112635577e+01
1.048677885523943409e+01 2.136577962582712331e+01
1.048729347162280412e+01 2.090667796658759769e+01
1.048949590105215357e+01 2.076009489840622280e+01
1.049182038778121395e+01 2.013000507781551107e+01
1.050040020064448321e+01 2.088297292809212635e+01
1.050099893123122108e+01 2.134906207009861490e+01
1.050282947167133685e+01 2.075169009615525439e+01
1.050895753861053272e+01 2.137062442742858082e+01
1.051467050265069147e+01 2.055585970623527459e+01
1.051582841030619520e+01 2.044821796220662691e+01
1.051627051116232714e+01 2.133296135581111130e+01
1.051660393015185946e+01 2.137630655554710657e+01
1.053712029374554149e+01 2.095138132955297650e+01
1.053816099364309977e+01 2.063400942470210708e+01
1.054402981089306301e+01 2.056957011382754885e+01
1.054727702419575230e+01 2.093564620740718496e+01
1.055130388125864727e+01 2.154636346229979083e+01
1.055585097634342695e+01 2.182600438459592240e+01
1.056364373038140592e+01 2.074851886329701500e+01
1.057112717114224587e+01 2.161909888749649156e+01
1.057680998595384203e+01 2.108686578747581564e+01
1.057906487349960756e+01 2.134389307350312848e+01
1.057915467398898990e+01 2.124667797433564687e+01
1.057953795679537556e+01 2.106127236690933557e+01
1.058207096959806748e+01 2.056883421117052535e+01
1.058394416138597371e+01 2.093063068558065609e+01
1.059007562442116779e+01 2.120108698229556055e+01
1.059623903980982718e+01 2.033559316956340268e+01
1.059717016497302922e+01 2.133840474605258208e+01
1.060012730360318933e+01 2.131401309294619395e+01
1.061027231259018677e+01 2.068955429253973222e+01
1.061334108058902359e+01 2.055248998162837637e+01
1.062075949236442085e+01 2.030555333827285125e+01
1.062637035566255506e+01 2.169951190765911164e+01
1.063612533155778550e+01 2.122577062637657974e+01
1.063995847274982687e+01 2.058623602102142414e+01
1.064165134917036148e+01 2.089557193642847466e+01
1.064561131138030703e+01 2.146223934383364096e+01
1.064952997117789302e+01 2.043064029972238416e+01
1.066056673992048154e+01 2.099835755928133096e+01
1.066535331887285842e+01 2.081636937191949954e+01
1.066552839498425875e+01 2.095974082737627242e+01
1.066680887964002977e+01 2.145530330005607667e+01
1.067706364931613372e+01 2.148706527500174346e+01
1.069060974721987733e+01 2.060008045993862069e+01
1.069533065208593392e+01 2.100001661603025127e+01
1.070901757741167515e+01 2.076769611190130149e+01
1.071092790193477029e+01 2.053850638017615537e+01
1.072745473714725684e+01 2.087286924506465979e+01
1.072963035830182044e+01 2.079293590495577249e+01
1.073005366344103173e+01 2.105153760273254449e+01
1.074423078095164996e+01 2.150245220916997013e+01
1.074762760803297112e+01 2.082200941603617395e+01
1.076448597678951735e+01 2.085184117229850642e+01
1.078104483496201915e+01 2.139027000812097157e+01
1.078143985298921059e+01 2.046628601752751919e+01
1.078199706471525410e+01 2.118684063204102586e+01
1.079044870402901246e+01 2.096621819465080705e+01
1.079231545104650003e+01 2.142396303776200384e+01
1.080260552617331626e+01 2.106128604475766153e+01
1.080571766012077006e+01 2.045042508723940600e+01
1.080658653281451187e+01 2.132075950460953351e+01
1.080913376972874040e+01 2.090513202279531768e+01
1.081026991912007063e+01 2.064210215200724363e+01
1.081282138466798060e+01 2.147951908036524671e+01
1.081459393132114144e+01 2.047193520234775477e+01
1.081485710797990407e+01 2.106831509655286183e+01
1.082013701492351743e+01 2.109668031228412843e+01
1.082104491667999113e+01 2.130174458940364346e+01
1.082224526564296241e+01 2.098051234091312978e+01
1.082620770725478820e+01 2.112326717992192826e+01
1.083183873397251595e+01 2.047233515197887854e+01
1.083243693410863706e+01 2.108993149333057460e+01
1.083440797798727040e+01 2.099898820177856607e+01
1.084464441246384148e+01 2.089137920434061613e+01
1.085091847295149492e+01 2.066788420381457669e+01
1.085464975375125007e+01 2.101562275414422487e+01
1.085588622454119800e+01 2.112749388209242696e+01
1.087497634848566896e+01 2.062474580161129367e+01
1.088458234941087888e+01 2.059361070999703358e+01
1.088752488942718166e+01 2.071285068066757162e+01
1.088881612588835957e+01 2.074291750645845411e+01
1.089586799167179976e+01 2.078300310892231906e+01
1.090405558579745637e+01 2.070224367128654919e+01
1.091174000077964479e+01 2.076236392803828323e+01
1.091568636423345318e+01 2.106050716210330265e+01
1.092143045212408126e+01 2.087956847086346102e+01
1.092324339558656021e+01 2.091833556241274295e+01
1.092354134193561244e+01 2.064855986735175009e+01
1.093273363725685421e+01 2.064725079649356587e+01
1.094773430921646629e+01 2.075841799380871677e+01
1.094967348984248900e+01 2.107397601140183596e+01
1.095045501253184028e+01 2.084196955198068579e+01
1.096059603440263075e+01 2.073878454611271849e+01
1.097520894877202124e+01 2.116752158981838505e+01
1.099153787452941344e+01 2.104812675035983816e+01


8.425718140702743497e+00 1.911202218463929370e+01
8.430962269376466978e+00 1.985805024755210013e+01
8.434122834458236184e+00 1.890581988376073141e+01
8.446620920465718996e+00 1.920544586620930261e+01
8.447921610234297773e+00 1.894701075825716075e+01
8.450349777708884957e+00 1.928549747043054197e+01
8.451247668892593268e+00 1.936582645905279776e+01
8.458103476883046312e+00 1.815184612283987065e+01
8.459834999253510901e+00 1.966558471532213304e+01
8.462690285612827878e+00 1.853953108009329753e+01
8.462700279682527693e+00 1.947847610581166578e+01
8.465624574919496936e+00 1.895818064244218704e+01
8.467806145406974849e+00 1.885855568651347625e+01
8.473099404630621834e+00 1.859798692572113410e+01
8.474746078680317041e+00 1.911632013593735735e+01
8.479198096544593000e+00 1.897266134279210803e+01
8.484309895756943831e+00 1.913008506508691653e+01
8.486736378512894419e+00 1.861958318134685086e+01
8.491131660078812260e+00 1.821504032173960042e+01
8.506552397075886063e+00 1.861223333190953966e+01
8.512146522501542023e+00 1.933091355774462983e+01
8.516642771486596430e+00 1.852381468504008311e+01
8.524281648808242906e+00 1.819160015176626999e+01
8.527861026699369518e+00 1.944924187576654617e+01
8.530067391351220607e+00 1.871775828177808876e+01
8.530263859074793231e+00 1.817430848917731367e+01
8.548208552713314035e+00 1.820484303464055742e+01
8.548725417654923220e+00 1.944656746076471876e+01
8.553597263107826976e+00 1.842911411003435163e+01
8.556285873815255627e+00 1.955999995002067493e+01
8.565333636660806604e+00 1.942755196706700005e+01
8.567572720438693779e+00 1.855383928665860793e+01
8.568029916892907494e+00 1.837948435639701472e+01
8.572117704018497264e+00 1.854864427373770397e+01
8.582300790826351999e+00 1.914203461220383318e+01
8.583744821602497410e+00 1.854278071499919278e+01
8.584703704512758549e+00 1.943387408624632684e+01
8.591056397283528767e+00 1.887525687686190423e+01
8.592349313242443998e+00 1.871399435878862860e+01
8.596982827435729391e+00 1.832667482310564466e+01
8.601856080781944414e+00 1.929113635308629071e+01
8.608733679962163876e+00 1.872042797213096677e+01
8.615331806506320689e+00 1.894969275576163881e+01
8.618795909082827222e+00 1.901183545165768507e+01
8.619039638953408300e+00 1.862621493124483507e+01
8.623556051771819497e+00 1.895159752200348535e+01
8.637026771798446134e+00 1.862557619286533495e+01
8.637155681784491890e+00 1.868647114187792369e+01
8.641783974847996319e+00 1.832590486323221413e+01
8.652677634094722237e+00 1.906286019046239488e+01
8.654271995286277885e+00 1.956451687821451912e+01
8.656405421706034886e+00 1.865221254246064220e+01
8.669657464610770248e+00 1.961747498249175692e+01
8.669840294501895528e+00 1.890457502600824569e+01
8.672353624337119982e+00 1.960738282566114421e+01
8.676083809170766159e+00 1.847857528032516328e+01
8.687182386432327874e+00 1.829563070142715375e+01
8.692663307994358490e+00 1.922373717883237276e+01
8.693963918479918007e+00 1.848105697846488837e+01
8.703671672488223265e+00 1.829319266001783362e+01
8.708185636258365392e+00 1.919822181809136907e+01
8.721370276420554291e+00 1.937815178137939753e+01
8.738081035679407194e+00 1.965481271978563527e+01
8.755897726525535774e+00 1.883834807605686024e+01
8.759023920581272549e+00 1.911246722965463007e+01
8.762512013584274229e+00 1.904019979395122064e+01
8.772485341487868737e+00 1.946351710475196839e+01
8.786918255494862606e+00 1.853286828728398916e+01
8.792791160143570650e+00 1.883162651817551136e+01
8.797800835477843862e+00 1.938768598842710134e+01
8.798900589092552238e+00 1.868940319716262621e+01
8.807206521835372115e+00 1.864022837160677781e+01
8.808357550037765549e+00 1.862695188881274433e+01
8.814270342698991456e+00 1.906260553441461525e+01
8.825523294641861582e+00 1.854543693576453833e+01
8.828519056584934077e+00 1.911504836634366811e+01
8.830199826726460088e+00 1.853834594202041686e+01
8.832035848134751177e+00 1.890441076056745118e+01
8.833940831231052115e+00 1.854211283709420144e+01
8.849651001535512762e+00 1.852174635078915799e+01
8.861648373247989596e+00 1.861684301999846625e+01
8.866201773392452523e+00 1.872996351929043612e+01
8.866451699099853201e+00 1.921340449674297446e+01
8.874435138744653173e+00 1.920160929170511466e+01
8.875312624869687639e+00 1.852053053036100039e+01
8.875576912152771669e+00 1.899140734665704855e+01
8.896611630093183010e+00 1.933046937673988452e+01


7.838364062776753904e+00 1.845888201955665053e+01
7.841738907860164254e+00 1.995597234529329356e+01
7.844361690674329424e+00 1.943643708680995985e+01
7.844934639656465869e+00 1.809506806731614859e+01
7.845644787495366757e+00 1.878840370969695428e+01
7.853067528702867506e+00 1.896874753957105497e+01
7.856161592267378424e+00 1.933082407507284728e+01
7.859526512508925755e+00 1.969659414825904875e+01
7.861824183204559446e+00 1.986318873588513867e+01
7.863207071802073678e+00 1.838014842854196829e+01
7.863267526864335721e+00 1.957184173385046222e+01
7.866126004069474931e+00 1.943875985147908025e+01
7.871022215186176396e+00 1.965887598486121846e+01
7.878692059551401172e+00 1.897559863928486124e+01
7.883037882138829389e+00 1.888631626179068235e+01
7.884497798975183436e+00 1.828993699012926299e+01
7.890705283705761630e+00 1.864397238679550384e+01
7.892918912484130800e+00 1.910845060798755313e+01
7.897322245705333366e+00 1.966509223671160100e+01
7.901600329577374460e+00 1.916836521502703405e+01
7.902961773272969559e+00 1.823509076600783629e+01
7.911194305808548322e+00 1.817218670263993729e+01
7.914389814396558975e+00 1.957350062094115728e+01
7.922804783165871001e+00 1.951959865380329262e+01
7.924686174688534201e+00 1.914469752802589397e+01
7.925914383162989907e+00 1.979805311873328577e+01
7.934916829007724104e+00 1.859329349621385319e+01
7.947691991679964651e+00 1.815669248594213059e+01
7.949316590026131557e+00 1.812471039217424718e+01
7.953085659926229845e+00 1.907844648736282878e+01
7.960046076294896800e+00 1.834488674825081844e+01
7.961036885837399879e+00 1.819020020404538229e+01
7.963118901442912012e+00 1.986944070538674367e+01
7.968691688150495445e+00 1.927124737129082988e+01
7.976149996741873416e+00 1.811964008505288959e+01
7.977809864968334885e+00 1.943046044409765116e+01
7.983788623262732642e+00 1.962474484631975358e+01
7.983796982024621514e+00 1.817640142277722148e+01
7.991144311813677348e+00 1.884688106068369251e+01
7.994504218354757441e+00 1.859389239435630969e+01
8.001105702046295676e+00 1.845574221879004995e+01
8.006439906935881368e+00 1.918566058704970345e+01
8.013405791657037369e+00 1.904126218747919452e+01
8.019332891463223589e+00 1.880708889413316243e+01
8.027884207130577821e+00 1.885324815766488982e+01
8.036925255430759307e+00 1.918396269554927613e+01
8.036992951595236079e+00 1.973398851889198014e+01
8.040030624718561114e+00 1.852934874322280834e+01
8.041426358883779102e+00 1.872846424326401404e+01
8.043409580160361116e+00 1.865443722219272971e+01
8.044498844434960105e+00 1.863506288153550017e+01
8.045441750650317303e+00 1.926509650879225077e+01
8.045981648580616152e+00 1.874535656491989144e+01
8.052929394151407294e+00 1.813686968904983488e+01
8.053776548034825566e+00 1.954233009998879211e+01
8.054663630114117012e+00 1.898934101200558544e+01
8.060962015578057915e+00 1.918816943338376291e+01
8.061224505969704524e+00 1.968942440845099640e+01
8.062528030374657817e+00 1.960871486015959775e+01
8.074149973442837691e+00 1.915962559926758502e+01
8.074817731006540100e+00 1.909723930046716944e+01
8.083327476886902119e+00 1.908350075996686002e+01
8.092334725184660016e+00 1.815993824914103172e+01
8.093373672189530410e+00 1.927808362485441052e+01
8.100571323299147863e+00 1.880430733786651487e+01
8.100687946590099386e+00 1.923197713250712937e+01
8.101703164389361334e+00 1.960638067761324166e+01
8.110195121480428426e+00 1.920726574496826800e+01
8.116402710116259911e+00 1.998171744570437269e+01
8.116844416920040217e+00 1.906336466119281070e+01
8.119584620333448299e+00 1.855612673736983709e+01
8.121597536957780861e+00 1.946601693877622807e+01
8.125638387406583618e+00 1.854382603747816916e+01
8.130695485015628776e+00 1.949328345599522905e+01
8.135784810816133472e+00 1.991800262045383008e+01
8.141674118500608515e+00 1.939321496457280602e+01
8.149544508600532922e+00 1.813317395230013318e+01
8.155999381185271346e+00 1.832572513421090221e+01
8.161504475992154894e+00 1.805542318912223010e+01
8.164176155428719994e+00 1.968191056979680909e+01
8.165240127704109341e+00 1.855191404992626758e+01
8.167708366425946664e+00 1.867200027184446043e+01
8.172002361967379613e+00 1.895721410522722650e+01
8.173382244954826348e+00 1.869506262569793975e+01
8.178542002777756892e+00 1.920014400398584442e+01
8.182151671721978659e+00 1.845724534431316499e+01
8.182207554709194142e+00 1.965116900279324597e+01
8.184746913259024481e+00 1.827278198671679732e+01
8.188404639352715009e+00 1.946319278552215692e+01
8.192940988602218866e+00 1.918538007465967254e+01
8.192965328286582860e+00 1.883001510365208730e+01
8.210090369170067959e+00 1.823782610967396423e+01
8.211398968439569401e+00 1.988707050175777624e+01
8.214977534285356597e+00 1.851975203871876374e+01
8.215658100352550619e+00 1.988090774908577529e+01
8.219654549529815668e+00 1.881798843908740437e+01
8.220977973757404911e+00 1.992134661784395178e+01
8.221824723412664682e+00 1.966688502734046651e+01
8.223901298153556638e+00 1.902375956052658879e+01
8.225408506636872730e+00 1.945045744923173103e+01
8.226412472607458781e+00 1.856251210520919770e+01
8.234081042565900788e+00 1.917774356018088966e+01
8.234688974409264617e+00 1.888155967913639444e+01
8.239604638613142740e+00 1.830705157101767355e+01
8.243513812954054387e+00 1.875653721005187791e+01
8.247866267558560338e+00 1.900067344833964000e+01
8.260537705426672872e+00 1.946113158280497757e+01
8.264959823220157986e+00 1.837266324419042363e+01
8.265674190380883246e+00 1.951237708553301076e+01
8.269477006154387411e+00 1.943090572806310590e+01
8.274167531244314588e+00 1.811021047474960000e+01
8.281126909318992091e+00 1.876339804486201857e+01
8.286277309952494008e+00 1.940687166259407448e+01
8.291545499348842441e+00 1.878608808923958406e+01
8.293949420674559647e+00 1.898106858413294873e+01
8.294455456150565453e+00 1.979531241549049270e+01
8.297252574826591953e+00 1.879484624086130395e+01
8.301134207564459189e+00 1.871750203836420567e+01
8.305161765290650422e+00 1.831062011563957981e+01
8.306765520952737347e+00 1.982718037619436302e+01
8.307685641035902790e+00 1.873893726048845920e+01
8.307872584995537935e+00 1.989989087860541161e+01
8.309123845551495080e+00 1.945880628476416163e+01
8.309643144541970727e+00 1.896922468779775173e+01
8.312805882512414257e+00 1.978537798718132379e+01
8.313150909615805162e+00 1.906460637985243523e+01
8.321733627229114916e+00 1.914672746957761618e+01
8.333208143698524140e+00 1.935483771927433594e+01
8.350122370476604772e+00 1.977763093831179475e+01
8.350857307739165236e+00 1.988621945045431261e+01
8.351626666994313553e+00 1.936738217097365222e+01
8.355572515664393407e+00 1.840561904147264727e+01
8.356294119114505037e+00 1.976538976058756703e+01
8.359553242462691713e+00 1.876498369015479639e+01
8.363967788273010129e+00 1.902184759515737156e+01
8.367222897228066003e+00 1.883558243033629154e+01
8.376681641579578397e+00 1.866208782937038180e+01
8.377058151491761251e+00 1.889703106010474087e+01
8.378344291326644822e+00 1.959613346825628355e+01
8.382323137549022363e+00 1.866268465490995609e+01
8.382939022726869638e+00 1.857430487956298393e+01
8.386711364943455038e+00 1.914549674812437985e+01
8.387870028757696161e+00 1.816478310517205230e+01
8.390017857095914522e+00 1.880766162134463926e+01
8.400856626434672236e+00 1.883209011987202430e+01
8.407845216662986232e+00 1.870494826622869056e+01
8.415145938225553124e+00 1.891399331411991014e+01
8.416262507271111915e+00 1.876957350415797521e+01
8.419373536216843590e+00 1.858911148619133158e+01
8.421663577039586457e+00 1.884174621839951769e+01


7.005934662116579226e+00 1.908988463927639856e+01
7.025201858845570690e+00 1.902126905397764745e+01
7.031328546789739065e+00 1.899293462760165951e+01
7.038305393389426179e+00 1.918845118525098314e+01
7.080581905827720846e+00 1.869247246980840416e+01
7.084825071175718136e+00 1.940289051138825016e+01
7.089623479934457961e+00 1.912219578760004879e+01
7.093930692940028315e+00 1.900244557107911803e+01
7.103168450628754904e+00 1.871125094174157510e+01
7.117367072200031508e+00 1.863379783318427840e+01
7.118705987421389381e+00 1.886029237947499482e+01
7.147260771139011482e+00 1.902966569217987214e+01
7.161632177705312685e+00 1.871172543480149386e+01
7.174340247918609137e+00 1.953450150089414095e+01
7.184802044610923311e+00 1.846746763714373074e+01
7.194942572910296263e+00 1.846824131399631597e+01
7.203809620818637072e+00 1.890107808991067628e+01
7.205662123721995549e+00 1.883723447682805130e+01
7.225729472150378641e+00 1.913261132279712484e+01
7.227175306980229585e+00 1.949636254714875605e+01
7.238592252327122445e+00 1.937838735819638813e+01
7.252989984131920309e+00 1.965035036912559718e+01
7.259898050714244100e+00 1.834396874948648914e+01
7.261881774844286319e+00 1.867644490899943577e+01
7.266814698748230050e+00 1.832326343159893867e+01
7.272455004153875358e+00 1.897720672287842802e+01
7.281297669448008492e+00 1.937509202615447279e+01
7.283306032453522150e+00 1.894336305157328226e+01
7.308363624579877538e+00 1.879463261003241925e+01
7.315617817548753621e+00 1.939775426625268651e+01
7.324607378304931693e+00 1.887608359857461693e+01
7.326189719662482780e+00 1.885401148595487086e+01
7.340675307106179659e+00 1.941377847759882869e+01
7.341362924345023799e+00 1.860821079488676588e+01
7.348674666319431559e+00 1.942707000516640647e+01
7.351044726203423529e+00 1.909554495862631995e+01
7.357762809023397743e+00 1.946901040465913013e+01
7.367721990673779864e+00 1.826995234307864280e+01
7.379859720090031772e+00 1.935179191678416544e+01
7.389827723280446570e+00 1.826464426873210911e+01
7.391222128403279079e+00 1.893342126082902865e+01
7.391286187246139505e+00 1.895747867601354031e+01
7.394314317327651764e+00 1.952371846021114976e+01
7.397989919411602777e+00 1.834061909369852117e+01
7.405255363332273966e+00 1.897884933923963757e+01
7.410409808854653058e+00 1.878061306016499543e+01
7.412907819795902853e+00 1.825743980798610266e+01
7.414630673670997041e+00 1.869535985090220365e+01
7.420632164400690733e+00 1.931029168576744937e+01
7.422154696747170100e+00 1.907495820487428873e+01
7.426882987188284879e+00 1.951990082444788754e+01
7.431693275949214694e+00 1.932317163150527861e+01
7.434544257502957443e+00 1.895796049406116524e+01
7.437327838324323537e+00 1.942943646885330722e+01
7.444325509167463828e+00 1.836965117605888054e+01
7.449434326852783173e+00 1.940692138349612605e+01
7.461097095342996255e+00 1.915895745200575462e+01
7.464794534000815496e+00 1.850515201059400283e+01
7.465823106327404091e+00 1.852973600768157070e+01
7.473962990413270724e+00 1.845918945806264944e+01
7.475125491410224754e+00 1.953890544144729802e+01
7.488815201571637381e+00 1.819648426385830220e+01
7.491159442241329458e+00 1.978553577946929920e+01
7.493500835633777335e+00 1.844739824176003040e+01
7.493962707832153569e+00 1.922520925167564343e+01
7.495219849970160553e+00 1.893888280974353577e+01
7.497454818779584862e+00 1.901026643315641707e+01
7.508148877753365369e+00 1.859766866290521747e+01
7.517879603751020490e+00 1.923213689034983531e+01
7.526747316468690663e+00 1.890192092090256182e+01
7.526861917225061482e+00 1.976944186242286960e+01
7.530274700540532606e+00 1.836685245645194442e+01
7.542073407280257769e+00 1.974599203957659199e+01
7.553546939461828202e+00 1.910432602027683302e+01
7.555712409995167356e+00 1.828420765365069656e+01
7.561339372473813825e+00 1.893973538435848525e+01
7.562500747771577103e+00 1.810682464673399394e+01
7.572869108258347914e+00 1.906324725237962170e+01
7.574773606964118500e+00 1.927816397561427664e+01
7.583830372455659941e+00 1.894567528663526446e+01
7.588746037633233854e+00 1.907077879583449587e+01
7.589512202078157799e+00 1.856375757366876655e+01
7.598280392057501054e+00 1.861944656565666989e+01
7.599510734207068907e+00 1.814169353052609424e+01
7.602144046814806266e+00 1.894265182633371225e+01
7.604261168960043449e+00 1.935552742612258825e+01
7.608896181471196840e+00 1.979473011217093870e+01
7.613670098977268097e+00 1.955652662834676647e+01
7.617854116574355849e+00 1.869998742579965167e+01
7.622764179703461096e+00 1.824706694828705267e+01
7.624848132819315616e+00 1.963452344477249412e+01
7.634954457478130507e+00 1.860632148430071098e+01
7.636815316872658244e+00 1.879831659461247639e+01
7.637853169372755602e+00 1.939766817052171533e+01
7.639352478110938094e+00 1.939724955506960313e+01
7.640159120405130899e+00 1.905227121965639014e+01
7.641203236465766935e+00 1.830552913050835073e+01
7.641501552544413656e+00 1.840120197771703658e+01
7.642860916505131996e+00 1.810394006820380497e+01
7.651905721699089113e+00 1.917632569526322328e+01
7.666773899548728899e+00 1.860113767056524381e+01
7.667462973413826433e+00 1.813555417503480527e+01
7.671140417960471858e+00 1.861299301559383679e+01
7.675456461599773128e+00 1.870400991554452474e+01
7.676011685825971931e+00 1.940279108096876115e+01
7.678283103254548436e+00 1.805728457185090718e+01
7.680641535589026070e+00 1.888154988731949047e+01
7.702174118031899219e+00 1.901462152047039211e+01
7.702561008339057658e+00 1.908248795626326100e+01
7.704202920376241437e+00 1.814357170679731723e+01
7.706467414475714151e+00 1.914087427620115278e+01
7.709599131630131552e+00 1.914358232185721320e+01
7.711766624850360685e+00 1.902123913610877182e+01
7.712852660846717612e+00 1.823565982425865784e+01
7.714717316795190349e+00 1.831098575245425053e+01
7.715015068600200365e+00 1.965205657410111684e+01
7.725806082486355919e+00 1.849754211443191920e+01
7.732584458665766824e+00 1.854737083058980218e+01
7.732903496620785688e+00 1.929412126048300991e+01
7.733899682160910061e+00 1.911827976194908629e+01
7.734119916720449517e+00 1.834771456564175196e+01
7.734455221948156378e+00 1.854948362131904460e+01
7.738299006789659096e+00 1.931493121058429807e+01
7.740364493271893132e+00 1.897587331470721139e+01
7.743018450567431543e+00 1.918644018642208593e+01
7.743513822021094839e+00 1.925563757887260152e+01
7.744837414945780374e+00 1.918867771007860057e+01
7.746303488407757953e+00 1.842620690162972608e+01
7.752446509097916660e+00 1.962162905187610207e+01
7.762138603399264980e+00 1.892438036541349078e+01
7.776662449992548076e+00 1.807592063847743802e+01
7.780089292487613939e+00 1.852745476230813182e+01
7.781224405603377470e+00 1.893479163151650724e+01
7.781811007741553432e+00 1.837395098558050321e+01
7.782096213498556736e+00 1.989811135319228086e+01
7.785533896639003082e+00 1.847145494352314898e+01
7.786730356099550221e+00 1.911471504682079114e+01
7.789555020447650691e+00 1.885436986598674380e+01
7.790970145898911348e+00 1.826096695884920962e+01
7.791124151281133337e+00 1.919586273255263720e+01
7.797732233544703462e+00 1.827327645465087613e+01
7.800856445394910743e+00 1.982876369472409195e+01
7.810975493497911870e+00 1.825929292366211953e+01
7.811859912441960319e+00 1.922782383148318885e+01
7.814360891526725084e+00 1.846222909883221419e+01
7.815840960467714815e+00 1.837678346633145310e+01
7.816233645249084816e+00 1.900778105354543612e+01
7.819179671538138976e+00 1.831542848580466298e+01
7.819757234728170303e+00 1.902360119114797854e+01
7.831077328215519273e+00 1.816610323248318082e+01


3.290746168797858928e+01 1.745724656484419768e+01
3.290858776212494519e+01 1.666849816180881305e+01
3.291027345368426182e+01 1.661185077575017388e+01
3.291372878411835501e+01 1.608706830122653741e+01
3.292460185189565181e+01 1.651627436962941431e+01
3.292648804213984448e+01 1.751176842293309477e+01
3.293104655162849781e+01 1.676603807267780866e+01
3.293320156139972710e+01 1.667194211496726908e+01
3.293583721239772899e+01 1.723145233674325283e+01
3.293651058632975293e+01 1.711239221834667745e+01
3.294263430548411975e+01 1.719291661795145387e+01
3.294885638578367804e+01 1.708369282264101230e+01
3.295021709417598288e+01 1.740746314009082596e+01
3.295063903956738471e+01 1.772520435790289284e+01
3.295396435315507944e+01 1.701070382285658056e+01
3.296197759257835713e+01 1.688420598219723345e+01
3.296853637431372164e+01 1.703275167317761074e+01
3.297283278637233650e+01 1.684244277887018981e+01
3.297467851866871058e+01 1.684494135495776135e+01
3.297695213741370424e+01 1.768423363122806080e+01
3.297728111137226392e+01 1.638295776866063491e+01
3.297981087668460276e+01 1.632277885906911052e+01
3.298266312907821884e+01 1.684651691937515139e+01
3.298488845751152354e+01 1.756757273708072020e+01
3.298646721113691171e+01 1.741904503891097633e+01
3.299312401260596062e+01 1.686565438720118948e+01
3.299469499795175409e+01 1.602907877708415896e+01
3.300837193791274160e+01 1.791329728268546262e+01
3.300998629230335268e+01 1.669187133513586474e+01
3.301220009137536948e+01 1.636980667232182896e+01
3.301293323343068664e+01 1.634113778947851614e+01
3.302050378553323640e+01 1.770896251631645058e+01
3.302396350211495246e+01 1.684657807767593596e+01
3.303268067146418474e+01 1.659972791158189054e+01
3.303345866278341703e+01 1.784146032077427080e+01
3.304119686629532993e+01 1.709139155802817811e+01
3.304186733096826600e+01 1.688304516202090255e+01
3.304191300281694765e+01 1.689236459408237323e+01
3.304207312002552754e+01 1.741985660728297702e+01
3.304333716225707462e+01 1.649283648557068815e+01
3.304982470492642932e+01 1.620837557029634368e+01
3.305481531051721333e+01 1.671053686907228553e+01
3.305936991405751257e+01 1.738079670309610947e+01
3.306019049215549899e+01 1.701140998929515646e+01
3.306413877885110253e+01 1.729446122064031144e+01
3.307028442581015071e+01 1.764089412635887655e+01
3.307040820733600128e+01 1.724619986677038241e+01
3.307518764567647196e+01 1.729954786574076309e+01
3.307821971011593121e+01 1.679618570415244250e+01
3.308077281370523082e+01 1.743088544191067513e+01
3.308496916019744560e+01 1.716655483524775150e+01
3.309106004477484220e+01 1.736478383740675113e+01
3.309252637624890525e+01 1.771821718793323441e+01
3.309491538803010258e+01 1.770291240880311889e+01
3.309685910140502330e+01 1.746977948129478264e+01
3.310103735978773187e+01 1.683273276181622435e+01
3.310610962922698519e+01 1.779572098386880086e+01
3.310620217623337425e+01 1.684173687941840925e+01
3.311245674255984284e+01 1.772862700204553832e+01
3.311519169352676784e+01 1.683185298398968044e+01
3.312760644012470124e+01 1.620472041832228527e+01
3.312869318251085815e+01 1.665224422744674726e+01
3.312876087035692763e+01 1.644926507581480024e+01
3.313001141253553072e+01 1.670790857401954810e+01
3.313078506302046833e+01 1.715722869353509950e+01
3.313814247643987443e+01 1.673017567360100344e+01
3.313921473145952490e+01 1.634070814755605383e+01
3.314038894286147041e+01 1.726850246552622536e+01
3.314170360661880466e+01 1.711340938514012322e+01
3.315356260747553563e+01 1.614307200960362465e+01
3.316381441908765026e+01 1.713606200395331314e+01
3.316676113712956919e+01 1.677513809706244174e+01
3.317295758307088960e+01 1.696483532399115290e+01
3.317419527262993739e+01 1.756116889096019662e+01
3.317458213596252392e+01 1.769999760804516953e+01
3.318378309796181469e+01 1.744784736902412448e+01
3.318548107927306035e+01 1.662415305582527836e+01
3.318636517745676429e+01 1.685579627523369695e+01
3.319251144455909497e+01 1.787811752198780013e+01
3.319504690207488551e+01 1.764489376976237267e+01
3.319580751384742712e+01 1.626107877775551103e+01
3.319960586161000293e+01 1.665243061016628801e+01
3.320127850169500050e+01 1.647190071509241349e+01
3.320368092170513563e+01 1.733022969290473370e+01
3.320398552070721365e+01 1.746961541597751122e+01
3.320572164312577712e+01 1.639201067203504181e+01
3.322473882886474428e+01 1.672900169915138235e+01
3.322840925760596775e+01 1.641855782931547481e+01
3.323263153971144135e+01 1.727667293598027953e+01
3.323708590456541145e+01 1.768876007769371839e+01
3.323964608864868353e+01 1.685726010873245428e+01
3.324501373097895396e+01 1.700655725448002542e+01
3.324699324800810984e+01 1.740625421900260150e+01
3.324869976648383840e+01 1.751292527917618713e+01
3.325390008187547863e+01 1.640749462351340782e+01
3.325438819980466576e+01 1.704786735255008523e+01
3.325933716668593831e+01 1.687879529074489326e+01
3.325956367187249896e+01 1.702962997853489568e+01
3.326070970933623983e+01 1.699992584666993167e+01
3.326267886057958378e+01 1.738668285788901002e+01
3.326314899730063246e+01 1.718964231915444429e+01
3.326618470183644405e+01 1.661496677144024758e+01
3.326724581621891019e+01 1.738443582948930555e+01
3.326814023287560929e+01 1.750457223744092872e+01
3.327002352649568451e+01 1.660106721736775270e+01
3.327043316301606524e+01 1.706094991843945508e+01
3.327097206173291966e+01 1.777749002393371924e+01
3.327564398757903774e+01 1.707341946360506668e+01
3.327647034330661313e+01 1.791823112526572714e+01
3.327874190652376285e+01 1.658616695041652278e+01
3.329646236152354533e+01 1.739660879056066634e+01
3.329756457716915463e+01 1.748339010320479403e+01
3.330092567284645355e+01 1.783969244763810025e+01
3.330102018198754621e+01 1.616463504400429940e+01
3.330268081470555330e+01 1.652216088900574675e+01
3.330420179172356399e+01 1.729924112997831998e+01
3.330763096215549268e+01 1.763153402551205673e+01
3.330930005768286861e+01 1.735243911280926099e+01
3.331261916596938022e+01 1.763388147648014836e+01
3.331754391180646024e+01 1.674445778620953007e+01
3.332170773373701422e+01 1.695381330697889766e+01
3.332602848255532990e+01 1.676658414997882574e+01
3.332683348121277334e+01 1.642172072188858678e+01
3.333360995284079564e+01 1.726741729558206373e+01
3.333627315182413042e+01 1.694908555801523775e+01
3.333642241222035096e+01 1.738842415823612697e+01
3.333649320885202627e+01 1.666900330241604422e+01
3.333754024598906085e+01 1.722537434888248242e+01
3.334339093071064042e+01 1.609501461746688378e+01
3.334727575566832769e+01 1.724076069420369706e+01
3.336098008738807152e+01 1.679362016734861385e+01
3.336277040109396097e+01 1.731013942201601452e+01
3.337143221894240952e+01 1.769405595600501258e+01
3.337205216687944898e+01 1.633656216161621799e+01
3.337342329011632103e+01 1.657189809516192369e+01
3.338129951236862070e+01 1.771322383788571031e+01
3.338426530384609947e+01 1.726574824393972207e+01
3.338633607503987122e+01 1.652280722202511498e+01
3.338764583495258620e+01 1.642805719962950661e+01
3.340044242969165111e+01 1.621345460326394772e+01
3.340129521545267011e+01 1.653181007877410735e+01
3.340309671439518269e+01 1.692791618504519136e+01
3.341458035845214880e+01 1.788377999852933442e+01
3.341595126539334615e+01 1.684935670657711171e+01
3.342238736762651996e+01 1.691766507604344838e+01
3.342337495703915096e+01 1.755276915150207984e+01
3.342820901275692336e+01 1.768051862142458219e+01
3.343585897212226854e+01 1.641535929092091806e+01
3.344165765033294235e+01 1.714211327608332169e+01
3.344905492584497608e+01 1.692684222071108735e+01


2.882188017071661790e+01 1.543677653142881923e+01
2.882239776612042448e+01 1.559498608241205986e+01
2.882492485078972067e+01 1.600577444212575529e+01
2.882615765860031232e+01 1.547926129028085818e+01
2.882954977095438309e+01 1.540791753316767299e+01
2.883418494631459339e+01 1.639582424219526402e+01
2.883598398463863433e+01 1.568964453426484873e+01
2.884021917676591329e+01 1.582407481838662378e+01
2.884441306443864050e+01 1.531517905355040021e+01
2.884495172271536134e+01 1.519457792553189357e+01
2.884725112936597924e+01 1.635069358022647634e+01
2.885993932302717013e+01 1.648680680007553079e+01
2.886171494666593773e+01 1.635325851454750534e+01
2.886762164608429515e+01 1.670661951699397818e+01
2.887051509059623555e+01 1.609208798141649766e+01
2.887818013458307576e+01 1.622862730546777499e+01
2.888326678113210377e+01 1.643746045443896975e+01
2.888832875870460271e+01 1.635278839111586535e+01
2.889706176077724109e+01 1.582028902994579411e+01
2.890290333681597090e+01 1.522677581757786491e+01
2.890542311002097264e+01 1.522096876238691898e+01
2.890602600167301972e+01 1.628211964790517641e+01
2.891287143271848947e+01 1.605675666160796666e+01
2.891428962857600382e+01 1.566866199622090505e+01
2.891804661240947283e+01 1.588856301095503909e+01
2.892404562537801382e+01 1.658701007172862774e+01
2.892457098780316471e+01 1.604239477757012011e+01
2.892623288318670660e+01 1.550238326694467972e+01
2.892674879974381952e+01 1.590401990284052403e+01
2.892816104757756435e+01 1.545719257825532189e+01
2.893107715832225324e+01 1.616084316629722295e+01
2.893370926436454127e+01 1.559289450719718140e+01
2.893712849416182209e+01 1.581382252339057715e+01
2.894425781345822912e+01 1.599897569712627821e+01
2.894504888525838737e+01 1.582194249589161039e+01
2.894652324717256775e+01 1.568142514965342471e+01
2.894953541141180864e+01 1.684881920881780104e+01
2.895340681627963875e+01 1.657072432301196230e+01
2.896054836189348691e+01 1.530952367986412455e+01
2.896784664938916265e+01 1.658540624373044636e+01
2.896968084448269920e+01 1.577564243509969266e+01
2.897334729718533097e+01 1.529583132264139955e+01
2.897749854701569205e+01 1.670040378522864799e+01
2.897801386388373146e+01 1.605593687994615237e+01
2.898225786378203495e+01 1.521506372194960299e+01
2.898860549825494459e+01 1.549431286534238694e+01
2.898999611188096992e+01 1.581771562087389604e+01
2.899267204054016744e+01 1.608067855427675497e+01
2.899341524063775921e+01 1.545534144607821325e+01
2.899898938741894483e+01 1.667510920417698017e+01
2.900998440825614111e+01 1.570317310260879928e+01
2.901703003454344909e+01 1.682340004881082152e+01
2.902213784390876938e+01 1.561576531559846615e+01
2.902514076836866863e+01 1.560962564090909410e+01
2.903075560982477654e+01 1.537374771422154396e+01
2.904026660543750182e+01 1.636118448353649413e+01
2.904809440156549982e+01 1.543726709075147596e+01
2.905254117386446211e+01 1.648769923077542288e+01
2.905605012207013971e+01 1.575552432200345621e+01
2.905703314953770899e+01 1.672000415810046192e+01
2.905726817802906226e+01 1.589429660032092606e+01
2.906010113208391488e+01 1.581336389428334677e+01
2.906952382792134415e+01 1.531751490090613288e+01
2.907914123398667883e+01 1.532769576394963629e+01
2.908233846325728322e+01 1.517877437282433384e+01
2.908591741946602127e+01 1.634893618101703083e+01
2.909179848573128524e+01 1.643474015545493216e+01
2.909372639038818420e+01 1.599739913013552695e+01
2.909579860756616299e+01 1.567887509764973863e+01
2.910093769129082730e+01 1.595571146819233732e+01
2.910608364586232355e+01 1.512587816783979200e+01
2.910964884392322460e+01 1.612554462682004797e+01
2.911177402120708990e+01 1.527205811212123621e+01
2.912000003250322067e+01 1.531603744052443794e+01
2.912363594895381880e+01 1.562229429068697328e+01
2.912401849446955282e+01 1.694833142185255070e+01
2.912413471760759975e+01 1.665867484000691690e+01
2.912629074198222057e+01 1.573824723924998104e+01
2.913437544610682650e+01 1.501019589853833125e+01
2.913493634806490107e+01 1.635154527698273341e+01
2.914144756127448233e+01 1.651276305398162592e+01
2.914306816422744362e+01 1.594053118056397444e+01
2.914499082284240927e+01 1.522476244670523471e+01
2.914607279979009036e+01 1.593862975947292782e+01
2.915435169778955782e+01 1.696600301464482996e+01
2.915822886029255656e+01 1.624415740209512293e+01
2.915982078479738959e+01 1.681423568681346836e+01
2.916303251852520972e+01 1.521692286785506987e+01
2.916446514118124966e+01 1.531625121561932090e+01
2.916460916030371919e+01 1.595021463890459756e+01
2.916859504334611941e+01 1.615660502653415875e+01
2.916994269756910185e+01 1.576628710326583871e+01
2.917061279355376513e+01 1.648165078715953058e+01
2.917916728242658664e+01 1.611528184187610435e+01
2.918238973197362895e+01 1.647209556513088913e+01
2.918695097126918725e+01 1.523222163480138924e+01
2.918794011008368727e+01 1.686439158624025936e+01
2.918804941973717604e+01 1.515351570846472029e+01
2.919016149243618941e+01 1.555812145148169279e+01
2.919161298223752965e+01 1.533874336020001294e+01
2.919378173219571337e+01 1.696079489764335335e+01
2.919493159378999891e+01 1.573503069312828018e+01
2.920015209002461276e+01 1.546629227267935924e+01
2.920525462685636242e+01 1.677636192553450201e+01
2.921123185139083134e+01 1.599437247220903657e+01
2.921291777627340736e+01 1.652618008737022492e+01
2.921577578707778144e+01 1.655016138993684294e+01
2.921649878439933801e+01 1.691105414726454015e+01
2.921650872974124269e+01 1.548617682436700882e+01
2.921772564398017380e+01 1.608354133342110970e+01
2.921887611777376392e+01 1.650786784143934938e+01
2.922187949799566553e+01 1.626944244848525400e+01
2.922240520832890809e+01 1.579077409474597538e+01
2.922315629355320965e+01 1.691695784139185932e+01
2.923002656787520337e+01 1.622850642723123116e+01
2.923266032620980326e+01 1.689761276831196923e+01
2.923356516873787925e+01 1.524471056510132883e+01
2.923930228173506052e+01 1.625981403362913014e+01
2.923945312611574110e+01 1.647910409467106518e+01
2.924303828188051924e+01 1.672489615478251324e+01
2.924759539815721254e+01 1.610642586584636504e+01
2.925262504629081306e+01 1.506205292293225995e+01
2.925375415200756635e+01 1.540157564868343343e+01
2.925392100594406486e+01 1.612833939611669010e+01
2.925525526312230085e+01 1.644006983230302410e+01
2.926082787274465247e+01 1.630080815189808163e+01
2.927015831713908156e+01 1.572694772300432398e+01
2.927128058875103633e+01 1.654732644924726515e+01
2.927287022748601331e+01 1.660248821831876498e+01
2.927582507565971426e+01 1.548259429670073395e+01
2.927929844542032001e+01 1.646748849839832829e+01
2.928623863576456543e+01 1.554113863367103221e+01
2.928879813047270986e+01 1.526817857756533137e+01
2.929276952117930932e+01 1.655860993686069804e+01
2.929486408774992512e+01 1.583300086880493218e+01
2.929489661288249991e+01 1.597240667873939302e+01
2.929523369016822087e+01 1.560630854801981471e+01
2.930161024693471106e+01 1.607160204129278114e+01
2.930163481758463107e+01 1.530313950840702830e+01
2.930567383625083622e+01 1.527950424263775986e+01
2.930633188663639643e+01 1.630974254281328228e+01
2.932132420269580209e+01 1.595087848561109567e+01
2.932223480861075871e+01 1.657043260616489988e+01
2.932478356508520889e+01 1.608918750802526887e+01
2.932950391023161885e+01 1.539637564085784227e+01
2.933373791040473932e+01 1.638304126397349947e+01
2.934138502642029422e+01 1.585406909078225013e+01
2.934252401253630183e+01 1.560890133662396195e+01
2.934904590888306330e+01 1.581129945485811028e+01
2.934921536524402086e+01 1.594273327208278346e+01


2.802675877905443969e+01 1.617136452661265977e+01
2.802912173441976051e+01 1.614760860913660778e+01
2.803851663918682746e+01 1.598033344601766714e+01
2.806082989560331598e+01 1.612042651654716252e+01
2.808993754627775630e+01 1.625691773780049587e+01
2.809508618430887594e+01 1.563718250791962028e+01
2.811411137969893659e+01 1.604524153861401103e+01
2.811862805171786661e+01 1.555564733767126917e+01
2.815471062373464761e+01 1.612521234426588279e+01
2.816517500195621793e+01 1.569175748165348061e+01
2.819626986103810040e+01 1.624405055348061566e+01
2.819857058972628749e+01 1.578660492613872712e+01
2.820553871362524490e+01 1.578679759784098913e+01
2.821654995151224909e+01 1.657049514953113700e+01
2.821683152139749851e+01 1.592820505711257084e+01
2.823880200823244380e+01 1.573827081992173937e+01
2.824541388292162480e+01 1.546713634370895107e+01
2.824975055169687010e+01 1.651737788187345402e+01
2.825306823828352165e+01 1.540005874888079163e+01
2.825576222580664876e+01 1.608293731491228939e+01
2.825679097797297601e+01 1.548404255661405138e+01
2.825983864302435933e+01 1.646601859296491455e+01
2.826592329158081895e+01 1.591104541215545254e+01
2.827084716814125542e+01 1.652977710890464635e+01
2.828220947820471309e+01 1.644691266096466720e+01
2.828368004771862232e+01 1.609309957183382878e+01
2.828448568384975914e+01 1.604182466832600440e+01
2.828849511064399636e+01 1.572794055887643694e+01
2.829505085842841439e+01 1.641450393148039666e+01
2.831149096064491744e+01 1.561661506634171914e+01
2.831410641677095441e+01 1.630181399103503281e+01
2.832028898681543794e+01 1.556279201456744055e+01
2.832194278594606729e+01 1.669679236028084546e+01
2.832620854161117308e+01 1.661618486800654537e+01
2.832643470771875016e+01 1.582861030346828457e+01
2.832769094629605888e+01 1.562381455604469060e+01
2.832851131901946218e+01 1.553711524062137350e+01
2.833004716637327292e+01 1.571622709207640334e+01
2.833137633390644083e+01 1.593121350727181884e+01
2.834068090508997884e+01 1.614545362004085760e+01
2.834573655786943291e+01 1.613567322262678516e+01
2.836124764784877073e+01 1.641120837289091128e+01
2.836450422706228736e+01 1.552516870839496654e+01
2.836552320956189277e+01 1.651551929740088198e+01
2.836600875002767452e+01 1.628817032377124008e+01
2.836689379486925944e+01 1.560627814767196675e+01
2.836974039371714440e+01 1.629501324872693147e+01
2.837361727356562113e+01 1.526731214715525020e+01
2.837692381221159010e+01 1.642212663532563610e+01
2.838429036198095545e+01 1.623049529881538433e+01
2.838583175980063089e+01 1.579291023215951739e+01
2.838792997420933517e+01 1.658731421586146126e+01
2.838890640022051315e+01 1.568426639530965616e+01
2.839081919389481001e+01 1.563914669776226951e+01
2.839163005387206340e+01 1.655800091450769784e+01
2.839486353501084182e+01 1.557319320035956522e+01
2.840191611854144682e+01 1.661912721366182666e+01
2.841019952688753492e+01 1.531862839566482215e+01
2.841129318388510328e+01 1.645408212779518919e+01
2.841722776849471899e+01 1.658845892638610309e+01
2.842038209250428693e+01 1.604480214947360750e+01
2.842126233283002534e+01 1.617904947559981466e+01
2.843540777301283384e+01 1.522761615557177706e+01
2.843918080381136093e+01 1.526691197906917274e+01
2.844014028062419541e+01 1.609009586988254625e+01
2.844563551425751058e+01 1.609739584113433608e+01
2.845441986738472551e+01 1.662267664017249658e+01
2.845473157333407954e+01 1.520971708971126013e+01
2.847813336947019991e+01 1.540244035061227201e+01
2.849572732486408100e+01 1.573760357247058117e+01
2.849671969090691803e+01 1.645304316536275024e+01
2.850517940555560159e+01 1.624833797051961426e+01
2.851180988071503108e+01 1.593650379708329901e+01
2.851297761932044139e+01 1.579235887511392811e+01
2.852536976721958695e+01 1.541294984384159150e+01
2.854679384350329840e+01 1.638075863077273553e+01
2.855071301767641145e+01 1.510826964369119096e+01
2.855139818050176004e+01 1.634797808911456585e+01
2.855185249179117335e+01 1.524724206734502374e+01
2.856167262133339690e+01 1.622418367920513660e+01
2.856360165156435826e+01 1.678825644405969086e+01
2.856635518752248970e+01 1.574461955799753099e+01
2.856678609510122868e+01 1.606662157038408267e+01
2.857090675655877732e+01 1.533070439024607445e+01
2.857201444167169413e+01 1.640177170365301862e+01
2.857796022407321246e+01 1.551584878586326433e+01
2.858835946531687355e+01 1.620115010320102655e+01
2.859658259212518772e+01 1.611725484029984656e+01
2.859947359821669011e+01 1.651660999215255288e+01
2.859988755713357023e+01 1.533875845173642460e+01
2.860185347259501398e+01 1.519878638726249420e+01
2.860748445663889683e+01 1.594164839151479462e+01
2.861041942046442799e+01 1.669688231324526129e+01
2.861378839009455888e+01 1.560483182136051816e+01
2.861480207269468323e+01 1.629759330567408071e+01
2.861550134286974512e+01 1.689282912668026171e+01
2.861594677494342776e+01 1.594578924126927078e+01
2.862165812170880130e+01 1.580019073721228118e+01
2.862623567924329393e+01 1.632665473342959572e+01
2.862705071629144982e+01 1.519115394727557167e+01
2.863161387620619891e+01 1.595016805157706230e+01
2.863429089497586233e+01 1.662872886794596283e+01
2.863569639494864560e+01 1.571095169152914472e+01
2.863804491737175084e+01 1.565783244303786326e+01
2.864544688595428212e+01 1.674073499747634841e+01
2.864588156854390277e+01 1.551207321126880423e+01
2.865775913391330221e+01 1.636248832350742077e+01
2.866632556535235565e+01 1.559188593098278552e+01
2.867150706850747710e+01 1.513029581500861021e+01
2.867309305364105398e+01 1.668875287035458044e+01
2.867344584911069916e+01 1.679266850117440413e+01
2.867617142203351932e+01 1.508920685612701185e+01
2.867786974664380040e+01 1.647462256039080586e+01
2.868063760029286158e+01 1.639941169172540825e+01
2.868458241544719201e+01 1.523031525108767070e+01
2.868986882917378267e+01 1.580619273488206566e+01
2.869247289388252753e+01 1.614238342873584742e+01
2.869426240697424291e+01 1.532518087991274136e+01
2.871512448404031304e+01 1.624428357935633471e+01
2.872738324159684353e+01 1.670261405199637039e+01
2.872988795705487064e+01 1.527711087325847394e+01
2.873168904230081111e+01 1.579815555271907712e+01
2.874214883860760139e+01 1.579326901045860687e+01
2.874472882772881732e+01 1.596096781428193445e+01
2.874533188944944584e+01 1.613721428494363153e+01
2.874635030358294685e+01 1.560300575337352491e+01
2.875869862473251004e+01 1.639524584435641685e+01
2.876009074812429844e+01 1.687082100003105367e+01
2.876057543471620193e+01 1.683999386257725561e+01
2.876061303682780235e+01 1.627150034718004434e+01
2.876070817955561054e+01 1.671916086311582106e+01
2.876080587693719437e+01 1.662412774266879012e+01
2.876096725245969310e+01 1.647622519696649590e+01
2.876323999302790924e+01 1.592122156438905201e+01
2.876382526145662055e+01 1.599020919068960822e+01
2.876741491430425413e+01 1.575134755090656036e+01
2.877101276854092049e+01 1.610593883002600535e+01
2.878385249727870843e+01 1.660230365120237650e+01
2.878711253895311373e+01 1.548897186687110938e+01
2.878992770167515758e+01 1.636604721218587244e+01
