8.150823598215939825e+00 1.430842053946167347e+01
8.151943822428382447e+00 1.369749127479755302e+01
8.152559099119436326e+00 1.424313172484019496e+01
8.152850388431680528e+00 1.339943686611835361e+01
8.153087953347569083e+00 1.425713067235531462e+01
8.169220764960760661e+00 1.380897591615534559e+01
8.169520846961297877e+00 1.372445457428901072e+01
8.171059648988503454e+00 1.351066380033935133e+01
8.175015497904469797e+00 1.377847863777433979e+01
8.176462723633658669e+00 1.364710887232108583e+01
8.176910194333240511e+00 1.480503432031342470e+01
8.180283949481658823e+00 1.380162756546695135e+01
8.182154348410554334e+00 1.433886334638943794e+01
8.185725543563375339e+00 1.381935088889161811e+01
8.188978935006263171e+00 1.411535170231144143e+01
8.193738720022327726e+00 1.392595457067305453e+01
8.197342899681713035e+00 1.320971083728960416e+01
8.201193171630890788e+00 1.397100139933267471e+01
8.213702159055776164e+00 1.437111208881972324e+01
8.218860552596364499e+00 1.422918622189209081e+01
8.228565016822411593e+00 1.421682374908439783e+01
8.237265990797640214e+00 1.427795783963900078e+01
8.239414175013944686e+00 1.314686262808992723e+01
8.240791935286145176e+00 1.396801750411367848e+01
8.244717190526241524e+00 1.394601244106192084e+01
8.245221374658376234e+00 1.454708862546850590e+01
8.245642354186292877e+00 1.443991192875711072e+01
8.247445311202953988e+00 1.425083852063589873e+01
8.250479871126588094e+00 1.427117358194284336e+01
8.251243997026442401e+00 1.393025925717713953e+01
8.255938399747174472e+00 1.401411300090143186e+01
8.256896836863095501e+00 1.361644885584158615e+01
8.258477205078934347e+00 1.372167885264675213e+01
8.263404492159338588e+00 1.412925408183908971e+01
8.263498669286263976e+00 1.384574436394391306e+01
8.265288841248553453e+00 1.312892909316959056e+01
8.266348638784586811e+00 1.484430311682613457e+01
8.272917952898335869e+00 1.433868496110208213e+01
8.273474964068469717e+00 1.393043006707647891e+01
8.274884208774700767e+00 1.445671003379444031e+01
8.274933047821155796e+00 1.356594056309572061e+01
8.281480828156412954e+00 1.459656377474640543e+01
8.284663054595444720e+00 1.432213723000931793e+01
8.294785061480720145e+00 1.386093895614137139e+01
8.295994764319983616e+00 1.421571619283125010e+01
8.302750986876267447e+00 1.480145779726580102e+01
8.305059633562757782e+00 1.392853689032851605e+01
8.308590419898765234e+00 1.346614356946260749e+01
8.312308665043707023e+00 1.380280614845400855e+01
8.312679171728252214e+00 1.417247379104802008e+01
8.313138409328368894e+00 1.483735269616980190e+01
8.314193615874502896e+00 1.350089016678174758e+01
8.323341434824262919e+00 1.437211509016770528e+01
8.324299631245704489e+00 1.419929274170666034e+01
8.326378250832517480e+00 1.307105495934143846e+01
8.329624538108673093e+00 1.437422542505022172e+01
8.332669140226203197e+00 1.415575147897852482e+01
8.338582304579940541e+00 1.381561509220707151e+01
8.344323811767770493e+00 1.435241999034199445e+01
8.344496991072515968e+00 1.393026156959528095e+01
8.350750993569215908e+00 1.334922518203205932e+01
8.350981711711666478e+00 1.401327241932988343e+01
8.356691330815003482e+00 1.400587911141680308e+01
8.356923831199445374e+00 1.356738763642900736e+01
8.361842782798854401e+00 1.449548743720381339e+01
8.365246772796973929e+00 1.418852355347173777e+01
8.367685013720175036e+00 1.375407931895933800e+01
8.368761208696319898e+00 1.443715385769747250e+01
8.372629117873819027e+00 1.337416529678174726e+01
8.373497742652478593e+00 1.436400097854745894e+01
8.374111173762059934e+00 1.492690322886529231e+01
8.379519776273099296e+00 1.401210363599153830e+01
8.397462031637557445e+00 1.395293247553690641e+01
8.400279056234287722e+00 1.343711799535246598e+01
8.405157174195180048e+00 1.445502326149358474e+01
8.406390076813002210e+00 1.426912317779937567e+01
8.406767979623925413e+00 1.415265185196717290e+01
8.408667978800332676e+00 1.397631844632019416e+01
8.409929536943781869e+00 1.430079307710336955e+01


8.412807384813943301e+00 1.403889616605216695e+01
8.412933251244531618e+00 1.366266482001105942e+01
8.413846566859817244e+00 1.399780812607362535e+01
8.416148357843592720e+00 1.358345584988019361e+01
8.431581519380948464e+00 1.466118936159734254e+01
8.433148466013349775e+00 1.398426534676081978e+01
8.438436027395171735e+00 1.463067189872008278e+01
8.440867728271285841e+00 1.359742663714766664e+01
8.456424735757916977e+00 1.430903374575083653e+01
8.457233334963177640e+00 1.481646280297657370e+01
8.458691385014644126e+00 1.452705653422207988e+01
8.461736093998275976e+00 1.417748826785926219e+01
8.467381385035050556e+00 1.343359075527534330e+01
8.474200840155795333e+00 1.439516686451342942e+01
8.475119003600150691e+00 1.326800884774267963e+01
8.477058574483397280e+00 1.435520716292323584e+01
8.485693030164441097e+00 1.317681909973857479e+01
8.490852203736880099e+00 1.438690847279341511e+01
8.497345326482307115e+00 1.448867581453301945e+01
8.498310948831083067e+00 1.349466680112970884e+01
8.509534228339784789e+00 1.394396275919753059e+01
8.510185694312413673e+00 1.405467646511035085e+01
8.522346869928707491e+00 1.406506349032262193e+01
8.535389719578022394e+00 1.457366500547261978e+01
8.535816668552572040e+00 1.363787139088525535e+01
8.536040424060287179e+00 1.482514577560023028e+01
8.536051853828434233e+00 1.345249961366313585e+01
8.537922559715608983e+00 1.402334230819245242e+01
8.544299555298904281e+00 1.482217738032905530e+01
8.550031818222890934e+00 1.366080604331423842e+01
8.552893435941404832e+00 1.465407419260233723e+01
8.554955010779204727e+00 1.390266740419189873e+01
8.558360054739553746e+00 1.342967675338013933e+01
8.560735836636085949e+00 1.354799029647822906e+01
8.560951503895488202e+00 1.441095800264917415e+01
8.567105036134799789e+00 1.462092297853619094e+01
8.572524111583508244e+00 1.363489315206297547e+01
8.576320745888411423e+00 1.408156152524669480e+01
8.588590100775643776e+00 1.367873247370182099e+01
8.597314019473120794e+00 1.321276210903621973e+01
8.615600426115733512e+00 1.374925181718703904e+01
8.624341387463424269e+00 1.376174034804289725e+01
8.624815665212073768e+00 1.439811450837256857e+01
8.644496496403855090e+00 1.425164488715159550e+01
8.647757281667290741e+00 1.426921062214976210e+01
8.651007909136257723e+00 1.426364842643428510e+01
8.659955105339630421e+00 1.328587244222158326e+01
8.660412118291450412e+00 1.341872046550207997e+01
8.673799826604748020e+00 1.372585134493132841e+01
8.691522198122500598e+00 1.450700986831141037e+01
8.697794172221037456e+00 1.352981846882317463e+01
8.704986702017986744e+00 1.368775890451738420e+01
8.705710864811221583e+00 1.428209042922621563e+01
8.708648924291079396e+00 1.412010609949543571e+01
8.716261515163193252e+00 1.460001381525262865e+01
8.716621579561984134e+00 1.335364899366346414e+01
8.722047348647684828e+00 1.442426438068486583e+01
8.743353213990827655e+00 1.417210696881707044e+01
8.745263551420610071e+00 1.376723804859401312e+01
8.748721986857967536e+00 1.389292486649335068e+01
8.750677530562649409e+00 1.462274310694312440e+01
8.750872317677785617e+00 1.355998565789608001e+01
8.758610730530005384e+00 1.368224702903158807e+01
8.759672052506322970e+00 1.448414025930565785e+01
8.776448612051765963e+00 1.438880848539555757e+01
8.790225468807760123e+00 1.384272435463257267e+01
8.796410832471169172e+00 1.343497853258557662e+01
8.797127516558239435e+00 1.373259532791617055e+01
8.803868660639796673e+00 1.351417688517422278e+01
8.812393251938155814e+00 1.423280200429566023e+01
8.814840070376611436e+00 1.355972688525769598e+01
8.821252465702158929e+00 1.345253390110057268e+01
8.823727918718146768e+00 1.376341400754116506e+01
8.824221364006911372e+00 1.454013956958230125e+01
8.826503270664819212e+00 1.435935404612121680e+01
8.830258587192410857e+00 1.400204505022338708e+01
8.838370239181346122e+00 1.348726222838521238e+01
8.848511375593254513e+00 1.386136771576422078e+01
8.855210976224714869e+00 1.392612589680748769e+01
8.863161093201522789e+00 1.408366881796726311e+01
8.873120078373137432e+00 1.409772299392741068e+01
8.887155737999409055e+00 1.390741466088572231e+01
8.900365477902159483e+00 1.408204954824849331e+01
8.901496128161955568e+00 1.364347907136151683e+01
8.903743595155525270e+00 1.362950586954183940e+01
8.921598621140395480e+00 1.389694085049801409e+01
8.926825666880205290e+00 1.419542325445792308e+01
8.938090674563227367e+00 1.402314912759199927e+01
8.944800003190158222e+00 1.380073509916373098e+01
8.953318146061400640e+00 1.399976342885202385e+01
8.959154356989486701e+00 1.383504224011102401e+01
8.964744293828488253e+00 1.373811597344473867e+01
8.975572387979722677e+00 1.399650832602298500e+01


1.300167758882052205e+01 1.404743916643475998e+01
1.301470114929014521e+01 1.396040717213916160e+01
1.303410928023642867e+01 1.375565489203234293e+01
1.304639014829245269e+01 1.376481096532423898e+01
1.304795856140392551e+01 1.430290544181777079e+01
1.305022723248225880e+01 1.404406307021544542e+01
1.310552095025674824e+01 1.393849429116163918e+01
1.310888545085850332e+01 1.370365754855349927e+01
1.311399110907785115e+01 1.407908845698650779e+01
1.313253642264363208e+01 1.428776347076551190e+01
1.314442448703647059e+01 1.372217766060508559e+01
1.314579405510390053e+01 1.438071655058139520e+01
1.314667329552366049e+01 1.348974418043275492e+01
1.315939896988191471e+01 1.442068609482383224e+01
1.318164643939273795e+01 1.350933866432620611e+01
1.319453152971170340e+01 1.372910014067008788e+01
1.319658468003906293e+01 1.427913675886446754e+01
1.319903428747381113e+01 1.415116503813839621e+01
1.320808537443008746e+01 1.401865961225703394e+01
1.320842815833323591e+01 1.440589024032546916e+01
1.321911178810475818e+01 1.433180519868894898e+01
1.321957442613179801e+01 1.432379286424303899e+01
1.323396507173477410e+01 1.405092144677090538e+01
1.324337832248209779e+01 1.444159790110569652e+01
1.325930465851215168e+01 1.357498830061088313e+01
1.328195834256891494e+01 1.371814950795212340e+01
1.328641680592208907e+01 1.425021280197686835e+01
1.329197807708292700e+01 1.332598435861692465e+01
1.331296445363733127e+01 1.400549940814664218e+01
1.331455119492880357e+01 1.441341109166840972e+01
1.332143266602592035e+01 1.396532199914954120e+01
1.332718317236129302e+01 1.405618604897026813e+01
1.332917685793082008e+01 1.379390816013547294e+01
1.333713754887406999e+01 1.332215774994913815e+01
1.333906424553224390e+01 1.380608743772273073e+01
1.334984678416865655e+01 1.373513574688754346e+01
1.335257000981127717e+01 1.405998877792505297e+01
1.335402391460593208e+01 1.341869905683415176e+01
1.335516458042264532e+01 1.417543361638075616e+01
1.335811137620424738e+01 1.327018763862501771e+01
1.336765353095927900e+01 1.354489396947716173e+01
1.336962179854823418e+01 1.385773477332456416e+01
1.337991831165083667e+01 1.386945522539201825e+01
1.338159093158843937e+01 1.409647782555757267e+01
1.338212095733748974e+01 1.352232402730330563e+01
1.339077240504195920e+01 1.393976488287871085e+01
1.339091366523479110e+01 1.463576221886771123e+01
1.339463149967168221e+01 1.410364629283664328e+01
1.340056492860871273e+01 1.443492446355408099e+01
1.340616092709544738e+01 1.350174307836943832e+01
1.340854653392343465e+01 1.319525714588622023e+01
1.341779256737699555e+01 1.430299219778085096e+01
1.341982318141411135e+01 1.452071403620172063e+01
1.342333875917887553e+01 1.421627581544269425e+01
1.342529722388177227e+01 1.472967866633772971e+01
1.343886610468824472e+01 1.443334606424649991e+01
1.345273442306555012e+01 1.420002735191072496e+01
1.347443536844953549e+01 1.315553033617437073e+01
1.348031040354574905e+01 1.380121030895999823e+01
1.348220767332518832e+01 1.385847204811369870e+01
1.348350935864588607e+01 1.351919125509976105e+01
1.349416420972385744e+01 1.315634324495592722e+01
1.349461778991549821e+01 1.421976522817043787e+01
1.349988268738532327e+01 1.375982726219700680e+01
1.350388700220509719e+01 1.343826266510900957e+01
1.350650847550905631e+01 1.332297620002192851e+01
1.350845431873896274e+01 1.365611730002436808e+01
1.351229747476934406e+01 1.462575774192545275e+01
1.351600145796080810e+01 1.372055178042304036e+01
1.351790160525418472e+01 1.335218067929753261e+01
1.352019038468150924e+01 1.406153645237782079e+01
1.352204606135037324e+01 1.433182468943917520e+01
1.352977210931125462e+01 1.322188772779906962e+01
1.353119979826958996e+01 1.398281971795142731e+01
1.353578036495946790e+01 1.461576965734271205e+01
1.353588697815312081e+01 1.369334085865568085e+01
1.354220041049137002e+01 1.405491967374717888e+01
1.354277148287151533e+01 1.343317729295420726e+01
1.354354133382535252e+01 1.352197894080888219e+01
1.354365114510767754e+01 1.316888389225747247e+01
1.354570110924661996e+01 1.415030138118782865e+01
1.354988091835870634e+01 1.487287340531072033e+01
1.355783412506223762e+01 1.397301343044914645e+01
1.355791952658189281e+01 1.329909727880239245e+01
1.356150005243069501e+01 1.388352944561525781e+01
1.356266850504673727e+01 1.316855308267256675e+01
1.356846167071548059e+01 1.392991888006405432e+01
1.357026926973615666e+01 1.424894508399323989e+01
1.357428061759676297e+01 1.489706755738825628e+01
1.358185358274894483e+01 1.362138690110817940e+01
1.358798787529260466e+01 1.375223238408966075e+01
1.359219361387317981e+01 1.415297339505747587e+01
1.359299361631321901e+01 1.368154826229106114e+01
1.359368343143645852e+01 1.455003023786796135e+01
1.359444840969294432e+01 1.354454120805384676e+01
1.360547836001817323e+01 1.482689688589907995e+01
1.360848129048044797e+01 1.331843319338947040e+01
1.360911499068093988e+01 1.453301114460078836e+01
1.361337228692262791e+01 1.359976445272616274e+01
1.361917879838475187e+01 1.468894757901436066e+01
1.362141651015132737e+01 1.375446344134340215e+01
1.362735792683013258e+01 1.425773737356911219e+01
1.363688036081387089e+01 1.454971247506310483e+01
1.364820962743102051e+01 1.397420460670650222e+01
1.364821605990266029e+01 1.365017688592542555e+01
1.365240730967381211e+01 1.411998441125038539e+01
1.366166459208979411e+01 1.329477409661325993e+01
1.366543818398690568e+01 1.422226247559499868e+01
1.367297208663332420e+01 1.351919765129510154e+01
1.367415429367439117e+01 1.377072048941814941e+01
1.367803522045387687e+01 1.424560890358511855e+01
1.369412275325778694e+01 1.339196158607538223e+01
1.369604797685812692e+01 1.332894000042319860e+01
1.369904829917536482e+01 1.337039892243289074e+01
1.370584609985362512e+01 1.347065339997505973e+01
1.372029211903412182e+01 1.487957297670596901e+01
1.372132050038337425e+01 1.418623374996296604e+01
1.372142427683467858e+01 1.374646351974926439e+01
1.372154988190222369e+01 1.393866325880405554e+01
1.372445023062355318e+01 1.430039550321146891e+01
1.372563615273423387e+01 1.457537147074453721e+01
1.372729369598183169e+01 1.315627547269034459e+01
1.373004535047222419e+01 1.424800761642435454e+01
1.373033461505436570e+01 1.343961471029279409e+01
1.373638050163876123e+01 1.340021820277017461e+01
1.373679793962425499e+01 1.487966402153183409e+01
1.374032206136942769e+01 1.333391986429189302e+01
1.375311711170444440e+01 1.322849117337925762e+01
1.375504254013825012e+01 1.432760799571842902e+01
1.375538869204017267e+01 1.490030186702533044e+01
1.375636775513331855e+01 1.338385595617505786e+01
1.377021739585109472e+01 1.465307942239975603e+01
1.377783929675103280e+01 1.380611777938262819e+01
1.378193115019169213e+01 1.321591564023026422e+01
1.378619379990107596e+01 1.491558796421653099e+01
1.378673695773503205e+01 1.337625037383340398e+01
1.379158621892597836e+01 1.338355518191929683e+01
1.379489331085959058e+01 1.349158574033999081e+01
1.380710544224212555e+01 1.454628581824108657e+01
1.380987883575503616e+01 1.398224251600400159e+01
1.381392293353756529e+01 1.444387441700123631e+01
1.381486953924615513e+01 1.312738666432511891e+01
1.381764353848106097e+01 1.392200776180972710e+01
1.381878071471835412e+01 1.349398298870300295e+01
1.382770089554401594e+01 1.451639230569584882e+01
1.382788911729524273e+01 1.325153971548957266e+01
1.384081961653730097e+01 1.468378222151747003e+01
1.384561806117442018e+01 1.390621179195384727e+01
1.385709018958370820e+01 1.464876378411296720e+01
1.385880271003332176e+01 1.456379239467069020e+01






1.704674225404660604e+01 1.409975753287209699e+01
1.704702701068632464e+01 1.394347673491545869e+01
1.705204640877546751e+01 1.374516711953024917e+01
1.707049899261024350e+01 1.397351467735909836e+01
1.707571009881623780e+01 1.414252231702235996e+01
1.708996697177013147e+01 1.408387814060421306e+01
1.709968807290242054e+01 1.406033796396764934e+01
1.710551080368849242e+01 1.439610588093360732e+01
1.715060499929922955e+01 1.362106356598340540e+01
1.717666997860730049e+01 1.384782656071168638e+01
1.718858853908190554e+01 1.404639946965661323e+01
1.718918256351069473e+01 1.440615451212245901e+01
1.719884855939029222e+01 1.343976187268004452e+01
1.720494857655425847e+01 1.431357987298722456e+01
1.724699172684712067e+01 1.370833646302208741e+01
1.724836584883342283e+01 1.462622557854747996e+01
1.725581105317050401e+01 1.337974685996966251e+01
1.725593323912056576e+01 1.429653889632549912e+01
1.725627388134088491e+01 1.405435709075509898e+01
1.725803956892614721e+01 1.453556766218477669e+01
1.727203895622341179e+01 1.458763865982700381e+01
1.729007004776098455e+01 1.435993335715964925e+01
1.729423018633140430e+01 1.364991045123147373e+01
1.730201801034924713e+01 1.393222790254652743e+01
1.730340182476156485e+01 1.338253863888420092e+01
1.730691123207848392e+01 1.401414046431514215e+01
1.730899479595934665e+01 1.345004523683922493e+01
1.730910471002122364e+01 1.457402824475704683e+01
1.731139194883244414e+01 1.407723688727720557e+01
1.731235369000316027e+01 1.453173604495143501e+01
1.731568912549647266e+01 1.446981637613047589e+01
1.731805959051985511e+01 1.469566865455157512e+01
1.732205219331007839e+01 1.334482591215741643e+01
1.732404381361589785e+01 1.364094906173252753e+01
1.732482334388937417e+01 1.401258177303692243e+01
1.732520210430155672e+01 1.370258123712202725e+01
1.733033709094320329e+01 1.422198025045648073e+01
1.733118535842143260e+01 1.381673465267570755e+01
1.733693326655861711e+01 1.334966723448265746e+01
1.733950427859200261e+01 1.384100902705014491e+01
1.734120556182071482e+01 1.362139483863080258e+01
1.734301968657318938e+01 1.348498823850669126e+01
1.734934935424512403e+01 1.333612248877649975e+01
1.734940463471764716e+01 1.412475757393918308e+01
1.734987219984944673e+01 1.456802969712700246e+01
1.736045091290657894e+01 1.420865253532324601e+01
1.736057512240666867e+01 1.456453730492481036e+01
1.736718647163083418e+01 1.459837619920982377e+01
1.737285780577739658e+01 1.435682908325425622e+01
1.738581707442458324e+01 1.430071889525414264e+01
1.738848381515815689e+01 1.445295168258521379e+01
1.741291054540522865e+01 1.405074570274575230e+01
1.742691358944316349e+01 1.401883070547827970e+01
1.743682198853581511e+01 1.393494529006687976e+01
1.744149848757333743e+01 1.463708247526656159e+01
1.744235297409895580e+01 1.470533982118837280e+01
1.744253052596312870e+01 1.422357679171945932e+01
1.744781365610367985e+01 1.317170951001241797e+01
1.744993558029318237e+01 1.404944094440944191e+01
1.745146095175192613e+01 1.374828724738139663e+01
1.745813899946330849e+01 1.395405162463685045e+01
1.746175911054247365e+01 1.383516987951087529e+01
1.746422619048719937e+01 1.334891387609849644e+01
1.746702680165913790e+01 1.450910102792819956e+01
1.746971693545011917e+01 1.435314023345269874e+01
1.747198486539453910e+01 1.316371025641841719e+01
1.747239000391874342e+01 1.466912083882135143e+01
1.747296836719853630e+01 1.435110114368480083e+01
1.747925975634347395e+01 1.409692868161702073e+01
1.747931821132225494e+01 1.407600093067610736e+01
1.748216073014694061e+01 1.392267217276734570e+01
1.748705879512564820e+01 1.454798735370215645e+01
1.749085550974899661e+01 1.343439646664207388e+01
1.749117342954071219e+01 1.420997479292433141e+01
1.749302651074878057e+01 1.461291548329427137e+01
1.749328318888868239e+01 1.456047833520716672e+01
1.749461789490144170e+01 1.442417037178928219e+01
1.749598726720055453e+01 1.353723068795753193e+01
1.749811764189288965e+01 1.457578576023796835e+01
1.750733616269425497e+01 1.479767021530548732e+01
1.750749753588524982e+01 1.407244770966523895e+01
1.751024764172753834e+01 1.372419510682502697e+01
1.751132190154512713e+01 1.411864702473919486e+01
1.751659911798741120e+01 1.479596674913980969e+01
1.751983335507325990e+01 1.413237110756798209e+01
1.752284987054375165e+01 1.421804443060089618e+01
1.752402138287716227e+01 1.413218047575971603e+01
1.752667341070907270e+01 1.484415472176930706e+01
1.753349481076353911e+01 1.390032602232774117e+01
1.753533953496414455e+01 1.411574098093909235e+01
1.753678685492466727e+01 1.408260958888110714e+01
1.754183815238095789e+01 1.445486152911171907e+01
1.754198980392656182e+01 1.406158435834208653e+01
1.755256391478486933e+01 1.340805374615889356e+01
1.755318551011087536e+01 1.421124016120433708e+01
1.755776639603535827e+01 1.432181663316357145e+01
1.755846456883990925e+01 1.376388295545029550e+01
1.756565184072814745e+01 1.391530521371793228e+01
1.757056180821127711e+01 1.381399535097508213e+01
1.757158550550650844e+01 1.440912979468920696e+01
1.757844446540669381e+01 1.452992846957229212e+01
1.758033293843389089e+01 1.350533670552879961e+01
1.758313421030855750e+01 1.475222943370513029e+01
1.758961581885230885e+01 1.439083919125221378e+01
1.759041406637123472e+01 1.411223384830006289e+01
1.759451525251452964e+01 1.490845671648910020e+01
1.759638583881249119e+01 1.397438845944276764e+01
1.759783361961990167e+01 1.394930968796225912e+01
1.759953501482831228e+01 1.449454183071702040e+01
1.760296623536843796e+01 1.446471381729319461e+01
1.760572336292950979e+01 1.374278913874447383e+01
1.760633771797727931e+01 1.376868148485792887e+01
1.760884670644301764e+01 1.364599976608338849e+01
1.761496321770390594e+01 1.323769247500833224e+01
1.761934615963780359e+01 1.330042852830412414e+01
1.763752633811410320e+01 1.338739028663836272e+01
1.764128555641678986e+01 1.392169492090845928e+01
1.764373995860069044e+01 1.401552665911412099e+01
1.765160727207337032e+01 1.436917623161737723e+01
1.765188172163956892e+01 1.437944623095717489e+01
1.765887401000953361e+01 1.472488445400429846e+01
1.766452396692138294e+01 1.455481378980492480e+01
1.766593917198684593e+01 1.474459535838149726e+01
1.767689808548614394e+01 1.335600330968619787e+01
1.767807434316258508e+01 1.407141569759555644e+01
1.768109828500922021e+01 1.354537204363798075e+01
1.768288254047069330e+01 1.395716301199017195e+01
1.768434871236202710e+01 1.474051644479457579e+01
1.768466831867750955e+01 1.472948020134039027e+01
1.768959457532748303e+01 1.385715317593606422e+01
1.769493461739117990e+01 1.389890769168343532e+01
1.770051392750551145e+01 1.431450415915535324e+01
1.770945179823790028e+01 1.485712811108048470e+01
1.771541632458031756e+01 1.332083573973053170e+01
1.771737955913383189e+01 1.414375723701699705e+01
1.771982363229064106e+01 1.447061120903664744e+01
1.772452629416673275e+01 1.336702978642192008e+01
1.772486386641481104e+01 1.349917218657265217e+01
1.772499788855062164e+01 1.352475199797225613e+01
1.772636696051380412e+01 1.450571568162658664e+01
1.772648041989895518e+01 1.362317081855510637e+01
1.772814347499148369e+01 1.368683015711410000e+01
1.773550789981391773e+01 1.460724643800978839e+01
1.774138508654812441e+01 1.451860326482588270e+01
1.774414403656784245e+01 1.465459112844774481e+01
1.775221589046036641e+01 1.402797027568782084e+01
1.775605511822203653e+01 1.375941006990984583e+01
1.775689614251431436e+01 1.359331159843514669e+01
1.776233888809326800e+01 1.429570254619798675e+01
1.776526194904591449e+01 1.348455556733721572e+01




1.832847731136229896e+01 1.405871851725650856e+01
1.833477675692195064e+01 1.412310444442508484e+01
1.833673430447052155e+01 1.330409969076131205e+01
1.834433962871523960e+01 1.332818390118357499e+01
1.834691597926799744e+01 1.449655025743003378e+01
1.835291940329353721e+01 1.312427510000653186e+01
1.836032944038251458e+01 1.390780500785004214e+01
1.836521738098072376e+01 1.434864059300020322e+01
1.837807364615247963e+01 1.411280931000356631e+01
1.837872994176804298e+01 1.387723819310151541e+01
1.838885687998111607e+01 1.334508822948241935e+01
1.840760935438639834e+01 1.427626393757380363e+01
1.841227108449954741e+01 1.444971751654638226e+01
1.841394208428721413e+01 1.368614348155169758e+01
1.841621489366993814e+01 1.406634218995335850e+01
1.843216070594082368e+01 1.437306628834038058e+01
1.843480299856377513e+01 1.375417174874911197e+01
1.844834956423020600e+01 1.416521141564775021e+01
1.844892880051823880e+01 1.471635216120918521e+01
1.845200008972657812e+01 1.411256180559603379e+01
1.845311356935501124e+01 1.457349442196907852e+01
1.845375763902520916e+01 1.483155907834778731e+01
1.846851118121399082e+01 1.361709608672825489e+01
1.848083063478459565e+01 1.393059864402036574e+01
1.848655141609832953e+01 1.418372584955353766e+01
1.849010387461359883e+01 1.428207455927831404e+01
1.849170712622868251e+01 1.341918134855972689e+01
1.849504508273129844e+01 1.392720921939638679e+01
1.850140120536498500e+01 1.384555059771174435e+01
1.850376500032010085e+01 1.374978125951290409e+01
1.850400135265454082e+01 1.347446286682182404e+01
1.850852315616877064e+01 1.473507532722261004e+01
1.851293560206887889e+01 1.447000252635149486e+01
1.851350733509184820e+01 1.315800865308612089e+01
1.851780823052029135e+01 1.462150153646918049e+01
1.852270146581861709e+01 1.349414169697670118e+01
1.852979420943901800e+01 1.366103938498549297e+01
1.853608496554135598e+01 1.338124178093276839e+01
1.854794283877839689e+01 1.448978477732096692e+01
1.854912168007757955e+01 1.340187339939135924e+01
1.855440017901360505e+01 1.414918556630836122e+01
1.855611366694693487e+01 1.482518180182786693e+01
1.855741460270531107e+01 1.393125503671341114e+01
1.856082280493323822e+01 1.473851543033473632e+01
1.856244200913472753e+01 1.354613289018822364e+01
1.856464957810673866e+01 1.473363632469137308e+01
1.858666052111422928e+01 1.350666065593174459e+01
1.859959219198132274e+01 1.384215558899830611e+01
1.859991274177406240e+01 1.385251019733615330e+01
1.862521104275783301e+01 1.378662694012218637e+01
1.863326806345419939e+01 1.459709567721082735e+01
1.864829485939146281e+01 1.413109620452095427e+01
1.864997064055403797e+01 1.466818473572783788e+01
1.865522959924169655e+01 1.359133600668852360e+01
1.865549467511378623e+01 1.450608695514122282e+01
1.866216822478719450e+01 1.400625418409595113e+01
1.866418132637708283e+01 1.460198102587342284e+01
1.866449212722436357e+01 1.333361706667476909e+01
1.866945807711972094e+01 1.444880569335860621e+01
1.867633576371794746e+01 1.458366142490698358e+01
1.869328965943766008e+01 1.394430806051114224e+01
1.869561516881607943e+01 1.375362408665757030e+01
1.869905579336131041e+01 1.342619062560724430e+01
1.870808430624166974e+01 1.366811954324466960e+01
1.871063804915133133e+01 1.417830336474546726e+01
1.871188340514230575e+01 1.358384797352622897e+01
1.871517855864464153e+01 1.375841809783388747e+01
1.872343542710426334e+01 1.382982423013010731e+01
1.873073015260671070e+01 1.361474876954508773e+01
1.873146626928176417e+01 1.400250716712220722e+01
1.873428317312578528e+01 1.452926968302535649e+01
1.873618924275629638e+01 1.377157692750038187e+01
1.873649604647613387e+01 1.426224121519907584e+01
1.874848175246630433e+01 1.393446934361582912e+01
1.875597243596097741e+01 1.443893536931857469e+01
1.876841045443989131e+01 1.425627160143379868e+01
1.877898514924999063e+01 1.414497172147572712e+01
1.878626834823358749e+01 1.370264502826840314e+01
1.878711915897949325e+01 1.444584833833059889e+01
1.879266645476198150e+01 1.368115261453177922e+01
1.879328929629225442e+01 1.454311730336825192e+01
1.879332657538478912e+01 1.359801357004317701e+01
1.879854826501445331e+01 1.381004712379626831e+01
1.880670778831681389e+01 1.390664136102583726e+01
1.880696041717486366e+01 1.353054381979850618e+01
1.880709038398501320e+01 1.347613557422785924e+01
1.880941253162074744e+01 1.439235354965319225e+01
1.881144567383732280e+01 1.417286681454196895e+01
1.881260451749027141e+01 1.387570314170662833e+01
1.882462237732131172e+01 1.432989150200060990e+01
1.883092959212125450e+01 1.370376003863687409e+01
1.883280937330470550e+01 1.444781409262646044e+01
1.883424966790234123e+01 1.400168568393147517e+01
1.884294140407830298e+01 1.432061539223877489e+01
1.885508460375009321e+01 1.387186036672618883e+01
1.886689242288206358e+01 1.445817907669358604e+01
1.886887252194099673e+01 1.355221314401070209e+01
1.887033497441495555e+01 1.352067298377808413e+01
1.888756553902602775e+01 1.442332607653952259e+01
1.892233078811883473e+01 1.428008360761444528e+01
1.893425406797643618e+01 1.390551814769932015e+01
1.893894246588081032e+01 1.417959741917519878e+01
1.897912550995624059e+01 1.399694046403286229e+01
1.898070902297853735e+01 1.390459162476336097e+01
1.898435934085378918e+01 1.401965759972988224e+01


3.202478191894688564e+01 1.306537646091528515e+01
3.203351800603802246e+01 1.285921713804373034e+01
3.204243083058378971e+01 1.284782763669646144e+01
3.208979200576765578e+01 1.293069390038783695e+01
3.209851774826949367e+01 1.273326724558011236e+01
3.210063466358590034e+01 1.285787737336699799e+01
3.210511923597264428e+01 1.301738628925539665e+01
3.211830051809843667e+01 1.282848995264138381e+01
3.212121385145798769e+01 1.323125566841844503e+01
3.212146998203157722e+01 1.262116305920665305e+01
3.212217297855661968e+01 1.305343916779454894e+01
3.212820108726652535e+01 1.330677560605886356e+01
3.213211034262067756e+01 1.296940769792635884e+01
3.213287529774688522e+01 1.277440792037080186e+01
3.214140212664293017e+01 1.343523376918268397e+01
3.214970284996065431e+01 1.249767974407677684e+01
3.214993903655489760e+01 1.309592153830339178e+01
3.215631999498289417e+01 1.253281669328127812e+01
3.215980209885622543e+01 1.339716675912237598e+01
3.216262142489429721e+01 1.337873257567675722e+01
3.217220456850537147e+01 1.271699935806647552e+01
3.217530819616796833e+01 1.273956340574028445e+01
3.218273770508290710e+01 1.308881303309081723e+01
3.220490050727574527e+01 1.354719521537416149e+01
3.220667549123898965e+01 1.348293867516899347e+01
3.221304226491364631e+01 1.346941317401316063e+01
3.221420450318218087e+01 1.267002642351381958e+01
3.221931854426951247e+01 1.274291058354175554e+01
3.222948768872563363e+01 1.327986425686373195e+01
3.223132495554563803e+01 1.325853874395646592e+01
3.223748375029856561e+01 1.264226357304765713e+01
3.224646415250074938e+01 1.362228491723575452e+01
3.227608111286728843e+01 1.352054104716258287e+01
3.229880939241846960e+01 1.328962615087484700e+01
3.230732275613357274e+01 1.346204990395223433e+01
3.230780492303438933e+01 1.339953074794789423e+01
3.231038372432882966e+01 1.315124262988636517e+01
3.233322956090044187e+01 1.335229917152220125e+01
3.233822103294970418e+01 1.266057743246006595e+01
3.234234323967525171e+01 1.320481003917812757e+01
3.236268239267342040e+01 1.351898293286317632e+01
3.236391450411103676e+01 1.364547707431475843e+01
3.236631204491354197e+01 1.295772653880733749e+01
3.236685825593242782e+01 1.305392841252978720e+01
3.236885980250112738e+01 1.262348533848115295e+01
3.237438817718955875e+01 1.254648795135527628e+01
3.237452035603858036e+01 1.257021030320985133e+01
3.237989996675472071e+01 1.257519215733515594e+01
3.238423235658526522e+01 1.355711646651768909e+01
3.239827070584209423e+01 1.293042412038206912e+01
3.240068078282693875e+01 1.312045813846774855e+01
3.240267498228828202e+01 1.379049925914807595e+01
3.240299347653947137e+01 1.269215898484568683e+01
3.240506686378295598e+01 1.348268069688765358e+01
3.241066992112389755e+01 1.334728011235132605e+01
3.241474703257124190e+01 1.236393496258627245e+01
3.241948710607044148e+01 1.261204044473594088e+01
3.242060140741531171e+01 1.321435663384981751e+01
3.242344517735468656e+01 1.294667997162111917e+01
3.242917143532550739e+01 1.284116197211568533e+01
3.244369722816600188e+01 1.291798540877276480e+01
3.246021559751681451e+01 1.298519978903030569e+01
3.246528614025594806e+01 1.309157055822574200e+01
3.246796260556303793e+01 1.298219187239139316e+01
3.247089015983457472e+01 1.379015717479327208e+01
3.247345640229368513e+01 1.337778786807968068e+01
3.248169080668692743e+01 1.217141159642070747e+01
3.248527762111920936e+01 1.314436599614948875e+01
3.248741750795209526e+01 1.243494210842630210e+01
3.249349647836969979e+01 1.290987326408010816e+01
3.249363107057005351e+01 1.364484491668790866e+01
3.250259978672658434e+01 1.271188350966911784e+01
3.250378730696973406e+01 1.237881078045636762e+01
3.250456647210816641e+01 1.251107135224817135e+01
3.251445291269193660e+01 1.348622374514763678e+01
3.253081599556670511e+01 1.340834939642163093e+01
3.253787791539959784e+01 1.244626232420766421e+01
3.254035760860821114e+01 1.326239316351611564e+01
3.254427541079009245e+01 1.311780930919448807e+01
3.255044131788366002e+01 1.372364640777627010e+01
3.255296094639792415e+01 1.360995160637355816e+01
3.256899654482058537e+01 1.271361061931164116e+01
3.259894180712385747e+01 1.297541169741200129e+01
3.260038517241572720e+01 1.220689397422730771e+01
3.260265466540882784e+01 1.303340321553618431e+01
3.260289057039654637e+01 1.253563394217582605e+01
3.260588530288519138e+01 1.252946858124968976e+01
3.260944365477723039e+01 1.326919164039379240e+01
3.261669212037702437e+01 1.262533686294520230e+01
3.261739384345312942e+01 1.320008908340452791e+01
3.261783062772228448e+01 1.273321139514979983e+01
3.262278428085127757e+01 1.268692465888264742e+01
3.262986571458046825e+01 1.215113871192725270e+01
3.263309128224272371e+01 1.265796557211823092e+01
3.263909609643327769e+01 1.301281275381558089e+01
3.264165963094036016e+01 1.371344510040815123e+01
3.264672141756950907e+01 1.245571213335777649e+01
3.264991808416386476e+01 1.282819249844443910e+01
3.265750990561900124e+01 1.260178194155189146e+01
3.266000899171299920e+01 1.257215745771099868e+01
3.267117535759193458e+01 1.344998633673242949e+01
3.269290887821534142e+01 1.298685654576624771e+01
3.269564252571002072e+01 1.266186492287712895e+01
3.269887466195424963e+01 1.240805174353805995e+01
3.270564999307705989e+01 1.359162102211054268e+01
3.271821413010527380e+01 1.326948644044361458e+01
3.272076499450202647e+01 1.279336179399014206e+01
3.272251497531274822e+01 1.379477281236273711e+01
3.272696518944902522e+01 1.379836333497475209e+01
3.272763474705440245e+01 1.256652157176823081e+01
3.273452481996324792e+01 1.362860129506819185e+01
3.273880006840619217e+01 1.345103173232984695e+01
3.274091774999403270e+01 1.340842785421158290e+01
3.274445167403403190e+01 1.256789482118643342e+01
3.274718823692257530e+01 1.369752629224978158e+01
3.275511598417882908e+01 1.240371873596505559e+01
3.275770956965176595e+01 1.387911200740400552e+01
3.276274564157485969e+01 1.275420258578022903e+01
3.276900169514659922e+01 1.256586695962333700e+01
3.277414080077971192e+01 1.269001988831860928e+01
3.277858412507227115e+01 1.359840649993976847e+01
3.278256138823355315e+01 1.382078730349741669e+01
3.278333410732321340e+01 1.227172143951165850e+01
3.278385023175165003e+01 1.296683448588207277e+01
3.278511246710777982e+01 1.224445688402543553e+01
3.278599968408686038e+01 1.387865141751094455e+01
3.278794604293803872e+01 1.278067558149534477e+01
3.278850957221848006e+01 1.248580879255538179e+01
3.279640079669726305e+01 1.288515594073999182e+01
3.279688364005926360e+01 1.283467352478655599e+01
3.280041915384471451e+01 1.351800282480730608e+01
3.280323287823788547e+01 1.314871787298753425e+01
3.280406882282311187e+01 1.325617082410766301e+01
3.280544480245011130e+01 1.260081627934368953e+01
3.281212008562954452e+01 1.395995623598367885e+01
3.281376874152336853e+01 1.309768775368732108e+01
3.281595611884552000e+01 1.347010647850204990e+01
3.282079680580401515e+01 1.344386526029620832e+01
3.282274646975081822e+01 1.291076584637037605e+01
3.282543522635383937e+01 1.397565500248130732e+01
3.282679259742133127e+01 1.286332123849808617e+01
3.283980858817070470e+01 1.382483466454031529e+01
3.284558939319930460e+01 1.271259122204265424e+01
3.284566835227973769e+01 1.364526898015441070e+01
3.284860728381563177e+01 1.308373744357239765e+01
3.285321185767246277e+01 1.376724012722138824e+01
3.285644819185565524e+01 1.345657575329653710e+01
3.285790196758510717e+01 1.302071321924977276e+01
3.286024682628637095e+01 1.352884265535623776e+01
3.286117710053454744e+01 1.295190019661236214e+01


3.286858717008405506e+01 1.393429206757075178e+01
3.287570135257428916e+01 1.289367800348244053e+01
3.288289278710952601e+01 1.312098613235770905e+01
3.288477894980798766e+01 1.236872563993722096e+01
3.288834175428112161e+01 1.373661749392327991e+01
3.289115446028504408e+01 1.255088276830404936e+01
3.289317512379365382e+01 1.298429696292079605e+01
3.289648589081632224e+01 1.287950420723105616e+01
3.289988097238116183e+01 1.293268628944239396e+01
3.290070973740745330e+01 1.338218149748699126e+01
3.290682131617431594e+01 1.207962132208261430e+01
3.290815593995160526e+01 1.287865395060107865e+01
3.291007628755267689e+01 1.294743245016426059e+01
3.291271225880106499e+01 1.295584879829583613e+01
3.291359510957929047e+01 1.252772341279390922e+01
3.291421076855075967e+01 1.361025266323140670e+01
3.291596464197171201e+01 1.296945455088157217e+01
3.292020807606859023e+01 1.376853009013463591e+01
3.292546041726803452e+01 1.327734214787005662e+01
3.292826095513619578e+01 1.368505577091177905e+01
3.292938607522788885e+01 1.317846286881415097e+01
3.293515199535205795e+01 1.365211395961169671e+01
3.293787576047790822e+01 1.252714978621447450e+01
3.294119057854207711e+01 1.281340352113289249e+01
3.294490882716534230e+01 1.229987192281505060e+01
3.294665314976266046e+01 1.300784491021439493e+01
3.295052759899946437e+01 1.306803333663552280e+01
3.295559842736976464e+01 1.225699167710884474e+01
3.296248452028597598e+01 1.358010316604628187e+01
3.296624843973023644e+01 1.398249066572659061e+01
3.297017074401941983e+01 1.254067890117161177e+01
3.297411387320281762e+01 1.287260040614406620e+01
3.297465445011862073e+01 1.228811656601665803e+01
3.297812159154445766e+01 1.392126581833312216e+01
3.298879749658927096e+01 1.297094131113531645e+01
3.299125167080779164e+01 1.347289796479748958e+01
3.299403205531151428e+01 1.295864251225419927e+01
3.300466259604360886e+01 1.377890163558562264e+01
3.300578964127250714e+01 1.395020967931700717e+01
3.301083067331448007e+01 1.227605734355024580e+01
3.301207608735052901e+01 1.365855505055947461e+01
3.301378264236075921e+01 1.271587485848879595e+01
3.301812995560084829e+01 1.268070683509820107e+01
3.301834114854182900e+01 1.268650979440181992e+01
3.301875174421314796e+01 1.347964680241818769e+01
3.302071998868277802e+01 1.237264170940341224e+01
3.302733059041640473e+01 1.253877180352726128e+01
3.302982862037381295e+01 1.269748087576343210e+01
3.302992428877708164e+01 1.271240976780308785e+01
3.303167349707597111e+01 1.323312172911617779e+01
3.303812596046476813e+01 1.301022207841782574e+01
3.304053029052743540e+01 1.318206119519810038e+01
3.304949552182097960e+01 1.305538338227121642e+01
3.305223915384498667e+01 1.380166627778111099e+01
3.305598438360283353e+01 1.256911371957366264e+01
3.306042278845722393e+01 1.236568325012322234e+01
3.306273346401552971e+01 1.385428428345405827e+01
3.306625206249478310e+01 1.367608319303049313e+01
3.306786330359432924e+01 1.286783678341912385e+01
3.307985119402872698e+01 1.356933334027379168e+01
3.309017803247003542e+01 1.285214405726558873e+01
3.309404877909187093e+01 1.372214277685999306e+01
3.309506288194781831e+01 1.336879423189603600e+01
3.309539908049956125e+01 1.332109086826685029e+01
3.309588688635037101e+01 1.251760464486982904e+01
3.309969609654118727e+01 1.384692245327485871e+01
3.309977093620668143e+01 1.319371688793347275e+01
3.310736201336991513e+01 1.268539080795449792e+01
3.310838797465197558e+01 1.385472016958659225e+01
3.310916405040321564e+01 1.347103865432744030e+01
3.311691136102754029e+01 1.253535168792760679e+01
3.311743703848324571e+01 1.207225319466039437e+01
3.312302229342700599e+01 1.302666928767578014e+01
3.313271710867616804e+01 1.300713225178734334e+01
3.313496611495445165e+01 1.234124668946827263e+01
3.313509194631232901e+01 1.396370241102141563e+01
3.313957206014728740e+01 1.227178576958220724e+01
3.314098933260543589e+01 1.296801606022440545e+01
3.314537508061540194e+01 1.240255286100819099e+01
3.314922695986767565e+01 1.382575044530931940e+01
3.315019009032304353e+01 1.264817180538750740e+01
3.315091224480193688e+01 1.352788692212192601e+01
3.315157113346551654e+01 1.244784809626442801e+01
3.315574558597045041e+01 1.278963545978686689e+01
3.315591648161730376e+01 1.231770603476452841e+01
3.315802453940850825e+01 1.243337900852395350e+01
3.316161537516065039e+01 1.347105026616246271e+01
3.317696241964412707e+01 1.306331245184606615e+01
3.317908585060659021e+01 1.361390239692540760e+01
3.318003587706538582e+01 1.290997611693512148e+01
3.318709136431600371e+01 1.227579513849890880e+01
3.318710188188195076e+01 1.261834652482479413e+01
3.319513569058596403e+01 1.270976431944584384e+01
3.319636122663829525e+01 1.306566652236317339e+01
3.320529851179094294e+01 1.237023131051102887e+01
3.320534962542231483e+01 1.350229947275582099e+01
3.321062748135572207e+01 1.362729978691076838e+01
3.321505490353287371e+01 1.333115734586588275e+01
3.322504074889868519e+01 1.233925550467453292e+01
3.322679028218392716e+01 1.323383794835045002e+01
3.323009138308631805e+01 1.353962368206212297e+01
3.323073565366038196e+01 1.250421600249714871e+01
3.323113516804519918e+01 1.385330405130013709e+01
3.323546180622794566e+01 1.207698329013392424e+01
3.323732359541904202e+01 1.370678643673890029e+01
3.324777151494217264e+01 1.303259079042309132e+01
3.325070702012118318e+01 1.358150285286474457e+01
3.325184371913697134e+01 1.221444009488706151e+01
3.325341111267003669e+01 1.219521339314167641e+01
3.325430603324966228e+01 1.205124241939927643e+01
3.325662456917366683e+01 1.395779435376488209e+01
3.326031234318119800e+01 1.295093773074478882e+01
3.326221387170492960e+01 1.273534991038762598e+01
3.327333268330611560e+01 1.319935241364788503e+01
3.327606307978451383e+01 1.342653634682676156e+01
3.327614447236000927e+01 1.265943866682695607e+01
3.327976134379748174e+01 1.313088016688886306e+01
3.328107433938642146e+01 1.364833826669700123e+01
3.328575151607232385e+01 1.297681668680162659e+01
3.328816847450432448e+01 1.366389409247028119e+01
3.329814455683342089e+01 1.307308416585546951e+01
3.330449412699269374e+01 1.349051824659565568e+01
3.330695890771801970e+01 1.298694963440173566e+01
3.331149887591194414e+01 1.293620918162226019e+01
3.331195711705521489e+01 1.294221113457658845e+01
3.331378651497472987e+01 1.359934541442767753e+01
3.331704235833370831e+01 1.314400091245333080e+01
3.331717220606428498e+01 1.360034229142629769e+01
3.331803017548030255e+01 1.378581678299459767e+01
3.333312485987773499e+01 1.250255523965337545e+01
3.333643927728756040e+01 1.326569351324717694e+01
3.333645654844819717e+01 1.307085635905644416e+01
3.333948730166866881e+01 1.366506009467779492e+01
3.334052641006446294e+01 1.313905092405329889e+01
3.334192160871634769e+01 1.266803985079974559e+01
3.334377614260863254e+01 1.270271928870125677e+01
3.334387194377270447e+01 1.299912338606881690e+01
3.334639347926235331e+01 1.315029700488478959e+01
3.334646234422014999e+01 1.320451837733986267e+01
3.335140725900620140e+01 1.302451469410584295e+01
3.335454646064901851e+01 1.324831226619117075e+01
3.335605818312045301e+01 1.357785507241296052e+01
3.335606119466179109e+01 1.242359589467779912e+01
3.335763133434152650e+01 1.274825289551858809e+01
3.336565236807403778e+01 1.327771414053806076e+01
3.336713780606649493e+01 1.333939281724249426e+01
3.337172275896215012e+01 1.339580443412582156e+01
3.337475172807754120e+01 1.300130825494199094e+01
3.337668998317229807e+01 1.261725243579453704e+01
3.338090321416191841e+01 1.311926562289398213e+01


3.338374594752793456e+01 1.375221566916409266e+01
3.338405877366990637e+01 1.293208548893754717e+01
3.338745953874322936e+01 1.322382789717298657e+01
3.339174691457898092e+01 1.251143417312060357e+01
3.339892923366153354e+01 1.358937422185551824e+01
3.340272926805630505e+01 1.293547798750031141e+01
3.340389909310881222e+01 1.279972065826040506e+01
3.340437542449235053e+01 1.264614322611587838e+01
3.340632671498691764e+01 1.235883399454879772e+01
3.340648725704176769e+01 1.299371213882464815e+01
3.340807713390799449e+01 1.352843212981920473e+01
3.341451342545460790e+01 1.254511312171407056e+01
3.341631234903406522e+01 1.288671548200554717e+01
3.341762321851346940e+01 1.298984489419996358e+01
3.341791492113497952e+01 1.368384009958401926e+01
3.342002322238479195e+01 1.269629628617829908e+01
3.342038519671790198e+01 1.289364626717640228e+01
3.342187839739888489e+01 1.359857724452033878e+01
3.342371947322236281e+01 1.304862923865870883e+01
3.342433386060504574e+01 1.243047998622424899e+01
3.342790890966023909e+01 1.332122383759338113e+01
3.342937401985253842e+01 1.300628155399150998e+01
3.343291185682059563e+01 1.238291870000749029e+01
3.343875583694084241e+01 1.317848338132677988e+01
3.344434651188213792e+01 1.248776085769424249e+01
3.344595340622221613e+01 1.302648969696062409e+01
3.345167032852099709e+01 1.350659809094797836e+01
3.346857283473287481e+01 1.341008747587015115e+01
3.348057667315303121e+01 1.377233327616798775e+01
3.348219824082354279e+01 1.248278764139548613e+01
3.348382782139408675e+01 1.367698512219433127e+01
3.348442482427068256e+01 1.272357451108250714e+01
3.348873086762867501e+01 1.287207585310019731e+01
3.350060653998418303e+01 1.234731393444640624e+01
3.350328030936056933e+01 1.311069758866693569e+01
3.350692283356799095e+01 1.251429937556164163e+01
3.351212300229340713e+01 1.321823371276514969e+01
3.351696132360583391e+01 1.306390895461238344e+01
3.351911257824227874e+01 1.332187123253489247e+01
3.351966866033509973e+01 1.382265859847067802e+01
3.352091537656647091e+01 1.339675438014191933e+01
3.352165953225178185e+01 1.233483737618075438e+01
3.352863551364100658e+01 1.266824177820331343e+01
3.352903368486548175e+01 1.324946853695075077e+01
3.353085373043166584e+01 1.286553652706620099e+01
3.353678881114598909e+01 1.223105489572834514e+01
3.354281859151187462e+01 1.285937245680204200e+01
3.355041807818808763e+01 1.308503867631527662e+01
3.355055766405983064e+01 1.283024259211839002e+01
3.355308938851940326e+01 1.367155406785018279e+01
3.355585644530037115e+01 1.245242348039479019e+01
3.355777435064374714e+01 1.293101854298407893e+01
3.356416248941213354e+01 1.286330307948227691e+01
3.356493676438405771e+01 1.329801664214099510e+01
3.356621821342213963e+01 1.291961310816672892e+01
3.357954402947319039e+01 1.225022540282507499e+01
3.358023613085334347e+01 1.298302380780048537e+01
3.361043419124091969e+01 1.279064118742666523e+01
3.361084040176047694e+01 1.273914770528770646e+01
3.361152087229819330e+01 1.295172737932895046e+01
3.361219461351989679e+01 1.312735884537650222e+01
3.361530389878802794e+01 1.227257288911096822e+01
3.361838071386509341e+01 1.232134608749851878e+01
3.361963421295823906e+01 1.238625012091512190e+01
3.362378919734586447e+01 1.338273539473856566e+01
3.363218042852699341e+01 1.264859916184681232e+01
3.363402296404544956e+01 1.244989674096481558e+01
3.365090588804140026e+01 1.227938631539588599e+01
3.366859406605060201e+01 1.245444065062398309e+01
3.367120831214148780e+01 1.230629844749213930e+01
3.367188247079183583e+01 1.296483217906069463e+01
3.368467990517181931e+01 1.289308577389283705e+01
3.368682308565810501e+01 1.238676755551300346e+01
3.369032549178410108e+01 1.343644879440338613e+01
3.369526097406512832e+01 1.342654968044863395e+01
3.370104200438267839e+01 1.237459544921368781e+01
3.371649113525030117e+01 1.273104652697533723e+01
3.372625194142965199e+01 1.286119724808431286e+01
3.372835188633725068e+01 1.335692460572204077e+01
3.373473557122706978e+01 1.293773493518500572e+01
3.374367606280124221e+01 1.275006157192003542e+01
3.376006049607610038e+01 1.328429797919401700e+01
3.376312660133298493e+01 1.327566037102002916e+01
3.378567574478145730e+01 1.258709669360840699e+01
3.378784245459216606e+01 1.249933395373328970e+01
3.378843943419386164e+01 1.325999957662879858e+01
3.378860644933961765e+01 1.328881045320919441e+01
3.379721026869920308e+01 1.345317964538890898e+01
3.379770562271880863e+01 1.261268022927162136e+01
3.380401879999366344e+01 1.352843846241995074e+01
3.382312604018864022e+01 1.276725647837334776e+01
3.382413537295335004e+01 1.316981673630867355e+01
3.382793096783208142e+01 1.304450233928367631e+01
3.382918414891577186e+01 1.277791396252431966e+01
3.382973033673533081e+01 1.283125696785491954e+01
3.383946370095429756e+01 1.245881101465983853e+01
3.385757842153937958e+01 1.321131656503277441e+01
3.386104078723494837e+01 1.273908568956708542e+01
3.387317354940032743e+01 1.251678662417044663e+01
3.395327598203143538e+01 1.314975714093232462e+01
3.396995397992041887e+01 1.309165632829829740e+01
3.397389128680175929e+01 1.279036076425283142e+01
3.398641496737286616e+01 1.316142370793979666e+01
